dx1,dy1,dz1,dx2,dy2,dz2,azm1_cf,ele1_cf,azm2_cf,ele2_cf,azm1_an,ele1_an,azm2_an,ele2_an,tdoa_bias,time
-3.876739899557541,0.16450066148540043,-0.12880384315104726,-3.6450607141066445,-3.424590002005567,-2.798940254323853,-1.0171020908234107,5.135749031008634,45.82808482785944,31.83855068133958,171.07780493799154,85.80667221751239,41.52093304280728,60.934636615523104,4.546746815133932,2.0348665714263916
-3.876595810199305,0.16453773409951286,-0.12879922263462368,-3.6449166247484084,-3.4245529293914547,-2.79893563380743,-0.9989139536542072,5.228981665429086,45.83786897526375,32.016588775455915,171.06918606355504,85.80658104617541,41.52278294813401,60.934883401441624,4.635916746372343,2.0549254417419434
-3.876641987005317,0.1646085314211743,-0.12875097330205265,-3.64496280155442,-3.424482132069793,-2.7988873844748587,-0.9486405633032677,5.160859216039204,45.847835071552,31.990996265740268,171.05402489484274,85.80716643763697,41.52121534702602,60.93440006056989,4.818811367350106,2.1148643493652344
-3.876611445824448,0.16453139481728357,-0.12878907429008735,-3.6449322603735514,-3.4245592686736837,-2.798925485462893,-1.0021059878851402,5.127529594925437,45.848003949428424,31.817651501437275,171.07028149316878,85.80675123343761,41.522432071565476,60.93492800712204,5.006559852182059,2.164017915725708
-3.8766693778844976,0.16457641840778958,-0.12878118031729227,-3.644990192433601,-3.4245142450831776,-2.798917591490098,-1.0185126330095962,5.138703742126309,45.86648765282322,31.75973309248591,171.0615030116771,85.80680707714488,41.521369203156155,60.93440463274474,4.893903971322047,2.1758837699890137
-3.87663600364719,0.16455878833921336,-0.12880551185671746,-3.6449568181962935,-3.424531875151754,-2.7989419230295236,-0.9821565087426518,5.135399872132829,45.828953646781876,31.915286570333528,171.06546341292767,85.8064689280633,41.522248688330414,60.93454194453673,4.893938428786922,2.2166268825531006
-3.87654032651092,0.164566251696585,-0.12881445626797836,-3.6448611410600233,-3.4245244117943825,-2.798950867440784,-1.008417670897208,5.136463615059858,45.806690239039426,31.910469088224158,171.06350672499698,85.80626816941198,41.52370428131154,60.93478122158478,4.8939724144861145,2.2406539916992188
-3.876506572617975,0.16461855143000817,-0.1288277828968837,-3.644827387167078,-3.4244721120609594,-2.79896419406969,-0.9657554341890846,5.0783539675339755,45.84293839370569,31.828939539839798,171.05318959126512,85.80594659201671,41.524222281733316,60.93442307853947,4.945566767687411,2.2598655223846436
-3.876525274675923,0.16454465159754525,-0.12882659736343122,-3.6448460892250263,-3.424546011893422,-2.798963008536237,-1.0165670987031352,5.146920780242275,45.74663736864631,32.03977099413162,171.06805112249668,85.80612667439803,41.524158120996006,60.93494499492019,4.9221477791830015,2.274796724319458
-3.8765633575380156,0.16461055604647087,-0.1287481707517711,-3.644884172087119,-3.4244801074444964,-2.798884581924577,-0.9558889214100088,5.142202805286409,45.83892666578976,31.965236679205745,171.05294832938355,85.80715815690567,41.522274008548514,60.93467976254833,4.92205609840242,2.2898359298706055
-3.8766583296758594,0.16451548288943132,-0.12879635283618182,-3.644979144224963,-3.424575180601536,-2.798932764008988,-1.0105616401039184,5.202057244448635,45.87318234050561,31.86750590797678,171.07401856634212,85.80670446560646,41.521926499041314,60.934849273802094,4.908029155478982,2.3697245121002197
-3.87667909535469,0.1645405942841363,-0.12885275127232115,-3.6449999099037935,-3.424550069206831,-2.7989891624451273,-0.9019705431394704,5.171875697761509,45.98831344669326,31.80178734447314,171.07076220267726,85.80584116507026,41.522391914982755,60.93429552388202,5.02063370155286,2.4112095832824707
-3.8766056128634006,0.1644769133685365,-0.12885213059566153,-3.644926427412504,-3.4246137501224307,-2.7989885417684675,-0.9824123469065386,5.1216563829967665,45.84709274217992,31.850933031617775,171.0829049285463,85.8059389240675,41.523602662576096,60.935064240837555,5.03946769125484,2.4449338912963867
-3.876449891583426,0.16449240563046152,-0.12884453441427826,-3.644770706132529,-3.424598257860506,-2.7989809455870844,-1.0046191416907608,5.134737323506333,45.816670091778725,31.894387668338087,171.0784240197969,85.80592890474107,41.52563563066567,60.93553775940277,4.809614475975787,2.4692471027374268
-3.876756072085943,0.1645971022295703,-0.1288000269158498,-3.6450768866350463,-3.424493561261397,-2.798936438088656,-0.9975963759565805,5.134554970141017,45.84376708596013,31.846308568028583,171.0585618655437,85.80653894306238,41.52036710436767,60.933836880981,5.006470354822177,2.4932284355163574
-3.876647377908099,0.164534012393328,-0.12882461938333276,-3.6449681924572026,-3.4245566510976393,-2.7989610305561388,-1.0360493288432053,5.16820495435473,45.811846167995924,31.88919680060481,171.07103874487714,85.80624733813688,41.52244277326491,60.934601366186854,4.959643651873414,2.5050933361053467
-3.8766149880311542,0.16451584453536758,-0.12882955131389495,-3.6449358025802576,-3.4245748189556,-2.798965962486701,-1.0220188561569752,5.124414736487541,45.770766135244884,31.935979342324003,171.07456222353613,85.80619409636785,41.523024171169205,60.93483613176,4.936210308514871,2.5320661067962646
-3.8766013248521185,0.164558301357777,-0.12887467613515924,-3.644922139401222,-3.4245323621331902,-2.7990110873079654,-0.9808497585429317,5.075706424927819,45.85827132643458,31.754521380110287,171.06726421348606,85.8054400455268,41.52375690354443,60.93432509572063,4.92682519418187,2.5448110103607178
-3.8767031536234233,0.1645244485014072,-0.1287928512040463,-3.6450239681725267,-3.4245662149895604,-2.7989292623768525,-0.9962817588610468,5.163474621619793,45.79139208020892,32.010938026053566,171.0724665492265,85.80676284236954,41.521218242553665,60.9346354234054,4.847012616597777,2.574840545654297
-3.8767153450206533,0.1645919682892682,-0.12883958835657694,-3.6450361595697567,-3.424498695201699,-2.798975999529383,-1.0368515969708847,5.066265865356108,45.80761999631876,31.725733111342894,171.06040491855225,85.80594849187679,41.52153779251783,60.93382600889754,4.846986264435038,2.600989818572998
-3.8767215210065116,0.164574813780801,-0.12878542195484338,-3.645042335555615,-3.424515849710166,-2.7989218331276495,-1.0111410583764824,5.158144629495705,45.870325457591214,31.798782876532346,171.06233673831338,85.8067782953773,41.520703058641665,60.93420933086064,5.0158739360740565,2.613771915435791
-3.876758705633101,0.16454932024644311,-0.1287628439156853,-3.6450795201822044,-3.4245413432445244,-2.7988992550884912,-0.9582228419203255,5.20693239511984,45.897866729130534,31.93492237910625,171.06706600678615,85.80718170711144,41.51992205363037,60.93438982013066,5.105010005228115,2.62634539604187
-3.876589360954151,0.164630508406788,-0.12879198004898393,-3.6449101755032545,-3.4244601550841796,-2.7989283912217897,-1.0161710657725198,5.162914068100763,45.81428526813514,31.921741059665653,171.05040705106416,85.8064922028203,41.522495374218124,60.93421071646127,4.940820962715461,2.6532490253448486
-3.8765806851264473,0.16461905620183376,-0.12876859632677592,-3.6449014996755507,-3.4244716072891337,-2.798905007499582,-0.9600409298433717,5.139530429261798,45.87498479121612,31.87307646897417,171.05196279397546,85.80685229808356,41.52230637921022,60.93444876217453,4.922053674186721,2.666203498840332
-3.876335017704917,0.1645180838625328,-0.12882602432097806,-3.6446558322540206,-3.4245725796284345,-2.798962435493784,-1.0608755396562684,5.172037447858748,45.73441579125138,32.016139867032834,171.0719066416459,85.80608071043234,41.526903536670574,60.93583901682205,5.077061815724874,2.6916792392730713
-3.8764893199796933,0.16452525686220948,-0.12884398218760734,-3.6448101345287967,-3.424565406628758,-2.7989803933604134,-1.1318291376383585,5.131331598373312,45.70202893430863,31.861127585159245,171.07214622165247,85.80589206496067,41.52497674029152,60.935140103779396,4.955023537865994,2.704733371734619
-3.8766100696498413,0.16448771244418373,-0.1288555334044542,-3.6449308841989447,-3.4246029510467837,-2.79899194457726,-0.9833776902927459,5.119712385289989,45.82566584306424,31.89216000628531,171.08087898023882,85.80586961575989,41.523558504416194,60.93494611140481,4.95500903849851,2.7334213256835938
-3.876579103291765,0.16452318266357802,-0.1288265777946227,-3.6448999178408683,-3.4245674808273896,-2.798962988967429,-1.0474535687167437,5.164614309686242,45.77412943911845,31.941642656631608,171.07274241818195,85.80620190560154,41.52346357568627,60.93492162749391,4.954984388823032,2.746115207672119
-3.8765172325608064,0.1645169399405658,-0.1288039509503707,-3.6448380471099098,-3.4245737235504015,-2.7989403621231768,-1.0508472946184537,5.0957330350147485,45.71019976680899,31.959211525801148,171.07288067931123,85.80650974953761,41.52401867423786,60.93530537003105,4.842398283514825,2.77362060546875
-3.8764014972627945,0.1646327440468053,-0.1288256298891259,-3.644722311811898,-3.424457919444162,-2.798962041061932,-0.9582091968110469,5.21850174987793,45.84859056920318,32.06947930515745,171.04950330738504,85.80588860695244,41.52562692162406,60.93469826384173,4.917444245671517,2.810349702835083
-3.876596411830562,0.16456446563897525,-0.1287867346917322,-3.644917226379665,-3.4245261978519923,-2.798923145864538,-0.9866357928288861,5.197461329467402,45.85912508429299,31.944993528392473,171.06349799529306,85.80670879154239,41.52251224247566,60.93473263650187,4.922091162020231,2.8896334171295166
-3.8763639662060356,0.164582922221204,-0.128840954321634,-3.644684780755139,-3.4245077412697635,-2.79897736549444,-0.9980203866978676,5.141313988183044,45.774797776851486,32.01369467682327,171.05960335416222,85.80574591463305,41.52652647557631,60.93514933324379,4.983181269404432,2.9141409397125244
-3.8764945942719202,0.1644854194416638,-0.12881821593292153,-3.6448154088210236,-3.4246052440493036,-2.7989546271057275,-0.9715809067885501,5.191657411263651,45.82549823530516,32.0411175680194,171.07940901238078,85.80635319920223,41.52463954783026,60.93556399144758,4.973802507738267,2.9259824752807617
-3.876284214710363,0.1646958986293481,-0.12879260849105328,-3.6446050292594663,-3.4243947648616193,-2.798929019663859,-1.0538132328162115,5.127321685426201,45.61889921927753,32.20894472985476,171.03506983850446,85.80617339297862,41.52660516222941,60.934784858139885,5.001882999956045,2.9530632495880127
-3.876524054293186,0.16461564857589195,-0.12880964687914795,-3.644844868842289,-3.4244750149150756,-2.798946058051954,-1.0408731471235255,5.112586308005169,45.69621330407616,32.040246088780414,171.05338476062644,85.80622742795633,41.523717692523,60.93447380248615,4.987779869100849,2.9642136096954346
-3.8765416426673824,0.16461097285705031,-0.12877974378908247,-3.644862457216486,-3.424479690633917,-2.7989161549618884,-0.9747466562486391,5.175073689622554,45.84381244855655,31.96873146028043,171.0536000312806,85.80668380410475,41.52304340404556,60.93459681150907,5.114440385422255,3.0155246257781982
-3.876641449345262,0.16450699311706352,-0.12887193005062003,-3.6449622638943655,-3.424583670373904,-2.799008341223426,-1.0471436717478355,5.1132487986086135,45.84461688370179,31.70031346874536,171.0777309384793,85.80560854686237,41.523302305247434,60.93459982211963,4.931534067386893,3.0489583015441895
-3.876645510845782,0.16453536739036792,-0.128850034054799,-3.6449663253948854,-3.4245552961005994,-2.798986445227605,-0.9879331159905071,5.067655147946723,45.847187882517545,31.748803513461773,171.0714755520886,85.8058723513122,41.5228395210236,60.93447062283271,5.030031426224907,3.071378707885742
-3.8763946205983335,0.16455009014894906,-0.1287715528644851,-3.644715435147437,-3.4245405733420182,-2.798907964037291,-1.0278653151736652,5.100714890951732,45.72486865285191,31.98909269301264,171.06441708179378,85.8068445544674,41.525168863200015,60.935644679418225,5.058227808282853,3.0857672691345215
-3.8766235053207563,0.16456962338218709,-0.12878045632705803,-3.6449443198698597,-3.4245210401087802,-2.798916867499864,-0.9898669803434827,5.180433024273189,45.858191176860466,31.91110702808728,171.06249369688584,85.8068053756338,41.5220235830204,60.93462619269028,5.058136371891384,3.109560489654541
-3.8767998429640897,0.16460697685054906,-0.1287464636240624,-3.645120657513193,-3.4244836866404182,-2.7988828747968686,-1.000030969252982,5.176396682507398,45.81973778019072,31.96313662315507,171.05539627373923,85.80732581895265,41.51893343523541,60.933869257477724,4.88443787319661,3.1460161209106445
-3.876546379633047,0.16452753871650533,-0.12881413300764116,-3.6448671941821504,-3.424563124774462,-2.798950544180447,-0.9758654494431452,5.173200853944158,45.89420594406682,31.851449758317486,171.07127291796397,85.8063559576368,41.52372771483019,60.93506655735915,4.884611405462085,3.170187473297119
-3.876402002529355,0.16454762822359234,-0.12883176925772163,-3.6447228170784585,-3.424543035267375,-2.7989681804305278,-1.036623609129271,5.1593749929783606,45.780314947460404,31.947167347220084,171.06667529896683,85.80597443681171,41.525959463516585,60.935337326324,4.945651883569148,3.2086780071258545
-3.876374212832064,0.16450460438760334,-0.1288417261967183,-3.6446950273811676,-3.424586059103364,-2.798978137369524,-1.0780516389422294,5.166130338577205,45.711176853280264,32.01805963420919,171.0753388720857,85.805901535234,41.52662302786762,60.935726633232285,4.97384458271034,3.232137680053711
-3.876560819736517,0.16465357723581356,-0.12880168591262245,-3.6448816342856203,-3.424437086255154,-2.7989380970854283,-0.9732641525380848,5.170728900786207,45.783843157545235,32.09407371881066,171.04586250005212,85.8062865827491,41.52297226622038,60.934082566209526,5.119107995942026,3.258305788040161
-3.876529548329309,0.16463379876424078,-0.1288403209158493,-3.6448503628784126,-3.424456864726727,-2.798976732088655,-0.9591711158298377,5.141901196515323,45.84971790871254,31.934075634499,171.05067551543561,85.80574525064824,41.524039226527975,60.93415795216076,5.11914957730308,3.270733594894409
-3.876617906443902,0.16465081055078906,-0.12880866864782398,-3.6449387209930055,-3.4244398529401785,-2.79894507982063,-0.9435917978654896,5.141567008736848,45.86531448522192,31.93231858740893,171.0470437800961,85.80622302309233,41.52228036706103,60.93386505782441,5.119092247084906,3.2959063053131104
-3.8762663953472085,0.16457188227542335,-0.12884200537016152,-3.644587209896312,-3.424518781215544,-2.7989784165429676,-1.0512400331157343,5.193919445442668,45.66725525294815,32.21965248410134,171.06110243281736,85.80569739895044,41.527946742213985,60.935580708355374,4.861238279912296,3.371788263320923
-3.8762583692971777,0.16453274437259824,-0.12888144238687416,-3.644579183846281,-3.424557919118369,-2.7990178535596804,-1.1327025589424313,5.051068870891154,45.58989845396961,31.972325847758917,171.0699758571421,85.80519733095342,41.528755297581014,60.93572151311433,4.936352422850067,3.424980401992798
-3.876427193305723,0.16455917835990394,-0.12880865603505692,-3.6447480078548264,-3.4245314851310633,-2.798945067207863,-1.0729587229436812,5.146749773019874,45.67484917623231,32.07520838869771,171.0639021963013,85.80630265333635,41.52523078004057,60.93527124090346,4.997234115037671,3.4527008533477783
-3.876637956868053,0.16449809466913468,-0.12884507178218765,-3.6449587714171563,-3.424592568821833,-2.7989814829549937,-1.0184695845074374,5.14380099422318,45.7901087729616,31.933090386091596,171.07871942856949,85.8060170488754,41.52298175403887,60.93481647535909,4.954987521727897,3.464932441711426
-3.8765135763596104,0.1645480566030905,-0.12882050458317582,-3.6448343909087138,-3.424542606887877,-2.7989569157559817,-1.1117052005919341,5.128899585496474,45.6616583194151,31.98827855585328,171.0671100754747,85.80620195761084,41.52422290774819,60.93499042997823,4.954989466222349,3.489769458770752
-3.8765762163896835,0.16453055669023886,-0.1288151645545488,-3.644897030938787,-3.4245601068007283,-2.798951575727355,-1.05898555434495,5.1276183436570655,45.776996015208525,31.84893950785434,171.07092431227377,85.80635177503801,41.52331443044164,60.93493071500845,4.954975521721918,3.5165672302246094
-3.8766243584320983,0.16459611829926798,-0.12885455330677045,-3.6449451729812017,-3.4244945451916995,-2.7989909644795765,-0.9608354019488512,5.137875554715089,45.907869935810034,31.794254945142,171.05931660730138,85.80566931012582,41.523025769608694,60.934044594719985,4.954934042353999,3.5317962169647217
-3.8766539458636298,0.16451331573701045,-0.12886806223473674,-3.644974760412733,-3.424577347753957,-2.7990044734075425,-0.9998728817677528,5.117466521216625,45.85834351350045,31.780732578788047,171.07645310979143,85.8056592043526,41.523051056928594,60.93452446436638,4.92214005165804,3.6062612533569336
-3.876322154278057,0.16451280232042265,-0.1288947743147676,-3.6446429688271604,-3.424577861170545,-2.7990311854875736,-1.0354480744519983,5.1266676783793494,45.776717469135455,31.903111714109915,171.0748154899067,85.80508013544483,41.52811287937488,60.935583855151734,5.016108198180879,3.6308913230895996
-3.876323675371571,0.1645794065708746,-0.128848052765217,-3.6446444899206742,-3.4245112569200926,-2.798984463938023,-1.0125414714981014,5.092696462484487,45.735784381867504,31.9861592527577,171.0602035816633,85.80562640161061,41.52720809103879,60.93528599486749,4.9503589621656054,3.6441938877105713
-3.8765296299026386,0.16464364524021943,-0.12878711158357176,-3.644850444451742,-3.424447018250748,-2.7989235227563776,-0.9686651882642385,5.147680727265915,45.83591722721447,31.953993950345595,171.0471954494318,85.80650202105218,41.52322527928368,60.934345343273016,5.0581260699171615,3.6711361408233643
-3.8763765398721346,0.16460348245101397,-0.12881127655995456,-3.644697354421238,-3.4244871810399533,-2.7989476877327606,-0.9437754967181999,5.140854556543051,45.80722077083139,32.06037995387069,171.0547490488961,85.80614419849056,41.525852155448014,60.93509010794304,5.05821827923026,3.6836555004119873
-3.8762160122392015,0.16463385807686415,-0.12880699937737317,-3.644536826788305,-3.424456805414103,-2.798943410550179,-1.0140312238287619,5.11745281501869,45.70624697917827,32.09133707291682,171.04735309074147,85.80605213907154,41.52795822072886,60.93544685651158,4.790824557227949,3.709420919418335
-3.876364966192526,0.1645013140436791,-0.12890848765822646,-3.6446857807416295,-3.424589349447288,-2.7990448988310326,-1.0869274895181238,5.122436938352069,45.72473810442991,31.89579857684746,171.07782006048,85.80492797454268,41.52774636178633,60.93545272939254,4.987955709379551,3.750054359436035
-3.876357794467746,0.16453779067736862,-0.12885151895087102,-3.6446786090168493,-3.424552872813599,-2.798987930123677,-1.0164009774567906,5.173030838528501,45.771668570303895,32.03287150101364,171.06886740952518,85.80568092055059,41.52690108727891,60.935474796913496,4.875306564011119,3.774477005004883
-3.8762069220330293,0.16451917546280156,-0.12887934709742185,-3.6445277365821327,-3.4245714880281657,-2.7990157582702277,-1.050520752326855,5.153099256462255,45.68716967000397,32.11047719591119,171.07223777640905,85.80522634620459,41.52948786544063,60.936023298929896,4.955145926395954,3.787001371383667
-3.876880833276576,0.16460568254151786,-0.12876475233014206,-3.6452016478256795,-3.4244849809494498,-2.798901163502948,-0.9813527205278892,5.1216617968106775,45.836945645576854,31.872891247654422,171.05678519449117,85.80710778473113,41.51806773117391,60.93349810418415,4.954794059858268,3.812648057937622
-3.8764610900141734,0.16464149182054716,-0.12881842453035458,-3.6447819045632768,-3.42444917167042,-2.7989548357031606,-0.9722283516088568,5.108783795432048,45.86379572461583,31.821831844665848,171.0480005933637,85.80600994144659,41.524656955394875,60.934451705819875,4.898646641835094,3.8247106075286865
-3.876315199230478,0.16454763931314056,-0.12879117173739268,-3.6446360137795812,-3.4245430241778267,-2.7989275829101987,-1.075648024924765,5.133346782729096,45.66959357746064,32.060867676997304,171.06486584405812,85.80651760945103,41.52658226476251,60.93585067949353,5.048883665317032,3.850795030593872
-3.876507247653998,0.16465914984100605,-0.12876162706358263,-3.6448280622031013,-3.4244315136499615,-2.7988980382363886,-0.9839675307946727,5.157031121128062,45.80573249968864,32.00289567100033,171.04320502543476,85.8068293881318,41.52311920130742,60.93443030339822,4.85167507494822,3.92741060256958
-3.8766184610362493,0.16455450231609903,-0.12879383971528569,-3.6449392755853527,-3.4245361611748684,-2.7989302508880916,-1.027179058668079,5.1739395589900665,45.842721847904365,31.85226841418766,171.06585550630513,85.8066381458151,41.52233598081254,60.93469681295721,4.969010454270016,3.9551894664764404
-3.876658237078341,0.16457306049947582,-0.1287815926314875,-3.6449790516274443,-3.4245176029914917,-2.7989180038042933,-1.0194330304678891,5.217851519203186,45.88763718333729,31.844164073711458,171.06210126732483,85.80680159440558,41.52154179071159,60.93446898109251,4.800075231594427,3.9682674407958984
-3.876689531616201,0.16451552579859044,-0.12882221055019688,-3.6450103461653045,-3.424575137692377,-2.7989586217230027,-1.03184233556311,5.1590238179810015,45.76582444692314,31.98163825277782,171.07497880636691,85.80634462425955,41.52186853162686,60.93460820294055,4.917413263550132,3.995805263519287
-3.876745834783084,0.16458242676433493,-0.1288094085307256,-3.6450666493321875,-3.4245082367266324,-2.7989458197035315,-0.9434408828333207,5.147095985722466,45.92430471383063,31.809567513463257,171.06168160364382,85.80642628449007,41.52069225187932,60.9339425507925,4.940802932264463,4.009059429168701
-3.8765803749355427,0.16453357693560833,-0.12884306676651408,-3.644901189484646,-3.424557086555359,-2.7989794779393202,-1.054845155458132,5.123858908605536,45.771912282528206,31.862274630143872,171.07114475710438,85.80594047602226,41.52365820867158,60.93475283845981,4.945601341910395,4.05058479309082
-3.876635087048902,0.1645457219986217,-0.12882230377954224,-3.6449559015980055,-3.424544941492346,-2.7989587149523483,-1.0021418636573292,5.133445186230566,45.824916441056715,31.87695632460907,171.06854240618497,85.80625005189664,41.522547238620625,60.934564568558635,5.067550194253773,4.063398838043213
-3.8765798339092923,0.16456249615260352,-0.12882228655142383,-3.6449006484583957,-3.424528167338364,-2.79895869772423,-1.042018551229261,5.140807318712069,45.80619867908379,31.84471798313948,171.06477661575056,85.80618417618125,41.523274991669695,60.93463026378865,4.922114615902261,4.0891218185424805
-3.876751688905526,0.16464001873026285,-0.12878774215198996,-3.6450725034546294,-3.4244506447607046,-2.798924153324796,-0.9209375038061239,5.198064254937181,45.975322418275574,31.83373581710597,171.04961046558836,85.8066274439555,41.52012213693006,60.933575269063475,4.485653080974936,4.126629829406738
-3.876644092077385,0.16461404542663893,-0.1287845439885504,-3.6449649066264884,-3.4244766180643285,-2.7989209551613565,-1.0666027007452556,5.182006150959664,45.732430526522585,32.02032626345504,171.05389488796047,85.80666604248955,41.521664247776165,60.93418160287012,4.912657710664224,4.170918226242065
-3.8766569421594834,0.16461684371072025,-0.12882642352753665,-3.644977756708587,-3.424473819780247,-2.7989628347003426,-0.9146774328686251,5.164039110580812,45.91346892567523,31.92641727983959,171.05462450564337,85.80605608122698,41.5220923859147,60.933904641568994,5.00650567799356,4.186277866363525
-3.87652820778943,0.16457836517602747,-0.12882852083662444,-3.6448490223385335,-3.42451229831494,-2.7989649320094303,-1.1329295239319832,5.073947340387618,45.66078119045362,31.852886467963,171.0613966917444,85.80603092919702,41.524046499955396,60.93465892763954,5.025344811296067,4.21264123916626
-3.8767397343336047,0.1646223450374712,-0.1287802703223815,-3.645060548882708,-3.424468318453496,-2.7989166814951876,-1.0671006224544437,5.1342607682316395,45.784714604373434,31.824132286146163,171.05283651896536,85.80676610663312,41.52023189532794,60.93379478774252,4.982992174506974,4.225470542907715
-3.876753215272182,0.1645456460751862,-0.1287998912012801,-3.6450740298212856,-3.424545017415781,-2.798936302374086,-1.0380174221504703,5.089471817584845,45.83141435103979,31.708849176712416,171.0688105448588,85.80664511329788,41.5205558815049,60.93425373352466,5.0346548140529634,4.255002975463867
-3.876783042460002,0.16469384200837844,-0.128763114235187,-3.645103857009105,-3.424396821482589,-2.798899525407993,-1.0036035978979188,5.143457005217536,45.90172692848243,31.72296878156583,171.03839850627563,85.8068940455926,41.51916081136036,60.93316112506553,5.0016900305198835,4.270837068557739
-3.8766137473702664,0.1644856382044328,-0.12883928516867452,-3.64493456191937,-3.4246050252865348,-2.7989756963414805,-1.016739432489182,5.103590099357564,45.80253596973727,31.843186986597825,171.0808600359347,85.8061132642397,41.52327345061229,60.93503033130988,4.842399402576844,4.297324895858765
-3.8764889686032666,0.16453155818140675,-0.1287901934926311,-3.64480978315237,-3.4245591053095605,-2.798926604665437,-1.018029919058089,5.142815667173514,45.8223747004775,31.86698297765338,171.06935813495662,85.80666444146001,41.524170714832515,60.935359913009634,6.057559722136068,4.3096091747283936
-3.87653702767201,0.1645732462596423,-0.12879608731701375,-3.6448578422211133,-3.4245174172313253,-2.79893249848982,-1.0550375092895783,5.102467015970775,45.74876368969999,31.878748716509026,171.0615632246557,85.80652015449168,41.52345956249999,60.93482946740188,4.781358539355724,4.322368860244751
-3.8766432750008653,0.16453708450115576,-0.12886614427046678,-3.6449640895499686,-3.4245535789898116,-2.799002555443273,-1.0214048428612534,5.111649639818798,45.76250878161481,31.93310691467388,171.07157324350703,85.80563227531634,41.52310330406223,60.93438474434548,5.011271352684858,4.347145318984985
-3.8767846763803666,0.16462033416478505,-0.12881462078214992,-3.64510549092947,-3.4244703293261822,-2.7989510319549558,-1.0155219950949783,5.079976375651858,45.77766329058969,31.85946429879607,171.05455405414963,85.80629439532547,41.520111863465885,60.93347834969904,5.006451760939516,4.371042966842651
-3.8767011620654195,0.16452501866708982,-0.12882607674325644,-3.645021976614523,-3.4245656448238777,-2.7989624879160626,-0.9952916772816304,5.123600857157861,45.858134081881666,31.80124118198535,171.07328076359133,85.80627532737118,41.521734140444,60.934472367511546,4.889254173615821,4.38288950920105
-3.876589885595756,0.16454468484863696,-0.12884486097182793,-3.6449107001448593,-3.4245459786423305,-2.798981272144634,-0.9328761692792329,5.165448607881805,45.87831011703517,31.96544812980553,171.06904966437662,85.80589688687309,41.52351837107237,60.93462218788654,4.922132644546117,4.4080915451049805
-3.876468361738443,0.16450747063124724,-0.1288195840944616,-3.644789176287546,-3.4245831928597203,-2.7989559952672676,-1.0038631656852621,5.09385361991935,45.794365787276895,31.876432918872162,171.07484716316372,85.80627292036357,41.52496411797961,60.9354771822158,4.908113736084976,4.433349370956421
-3.876759545972122,0.16452828902626543,-0.12881242975273416,-3.6450803605212254,-3.424562374464702,-2.79894884092554,-0.9476108962294807,5.111779443493902,45.87766782760405,31.8417944673351,171.0726800597651,85.80650131666249,41.52070240039666,60.934305457373185,5.001826935084975,4.444366931915283
-3.8766861623867523,0.16459638065946727,-0.1287854907303198,-3.6450069769358557,-3.4244942828315,-2.798921901903126,-0.9144667000888256,5.170528336367119,45.954213344842344,31.848618363350102,171.05776572533543,85.806712662124,41.52113822586258,60.934165519666365,5.001797707004472,4.467842102050781
-3.8768155079823075,0.16461986663476325,-0.12880102908607466,-3.645136322531411,-3.424470796856204,-2.7989374402588805,-1.0125637557385414,5.155168078885173,45.85086060751468,31.83176913595097,171.05449291538622,85.80651147537378,41.519479376732185,60.93343935571026,5.090886370856158,4.505388975143433
-3.8764761116897946,0.1645978840601662,-0.12878969531591694,-3.644796926238898,-3.424492779430801,-2.798926106488723,-1.0690386918869699,5.1298635697290385,45.73929018520909,31.916468099436376,171.0560030259111,85.80652791276358,41.52415004198429,60.934885204227136,5.091018332095441,4.527675628662109
-3.8766510909349883,0.16455673654277808,-0.12880806986658047,-3.6449719054840917,-3.424533926948189,-2.7989444810393866,-0.9878199819632082,5.175348232704333,45.815127335025586,31.999233232405658,171.0660594039921,85.80644443037276,41.522080193847245,60.93449132351732,4.997154229786886,4.565801382064819
-3.876678821947344,0.16450755814193302,-0.12879967252674215,-3.6449996364964474,-3.4245831053490345,-2.798936083699548,-1.1039622420793158,5.092928248531231,45.662528462433514,31.939220723771445,171.07584955352422,85.80668399324455,41.52171040183325,60.93482182180262,4.856419029957948,4.588840007781982
-3.876748310566037,0.16454686558446904,-0.1288169443453287,-3.6450691251151404,-3.4245437979064985,-2.7989533555181345,-0.9828741599117989,5.125319122351678,45.887244175331105,31.767146598334175,171.06901451026854,85.80639078469568,41.52087255200947,60.93417664592814,4.912677661887666,4.624425172805786
-3.8767743336291507,0.16459686547417085,-0.12887559166144774,-3.645095148178254,-3.4244937980167967,-2.7990120028342536,-1.001174142646877,5.092302555516798,45.89486738424009,31.65454019387293,171.06089484600284,85.80544646145528,41.521224331445836,60.93339651097278,5.015881721016908,4.653807163238525
-3.8765580705082976,0.1645543409694072,-0.12888517452245052,-3.644878885057401,-3.4245363225215604,-2.7990215856952565,-0.9898394915932085,5.074111282982825,45.8988510148014,31.644102371236436,171.068027187382,85.805270103515,41.5245315288942,60.93445893437741,4.954998748754673,4.666817903518677
-3.8766061269852368,0.16451884647065845,-0.1288482646075703,-3.64492694153434,-3.424571817020309,-2.7989846757803765,-1.0698873773362978,5.1209714827029735,45.808181895187836,31.744609306343392,171.07442717634197,85.8059095802391,41.52341571995638,60.93475087073155,5.001904913729905,4.693249464035034
-3.876562115945956,0.1645211469414784,-0.12886031368242507,-3.644882930495059,-3.424569516549489,-2.798996724855231,-1.0288368095230325,5.1131835078042425,45.82814917101017,31.778518006944225,171.07397844484154,85.8057036929223,41.52420551639289,60.93483029684238,4.917473208329609,4.707960605621338
-3.8765204724314826,0.16449658412264057,-0.12881852576365282,-3.644841286980586,-3.424594079368327,-2.798954936936459,-1.0620104019516932,5.122710124973284,45.75274448961737,31.887419002727263,171.07738331209646,85.80634056345725,41.52424744590414,60.93538166088431,4.955019002813374,4.744719743728638
-3.8766573906424253,0.1645122478202233,-0.12880247205123208,-3.6449782051915287,-3.424578415670744,-2.798938883224038,-0.9654189758360258,5.172980479196919,45.91073578212501,31.835268668536802,171.07483118313024,85.80662121396075,41.5220393362836,60.93484764362251,4.922109630671637,4.784041881561279
-3.8766741677047727,0.16452686296734673,-0.1288591358134779,-3.644994982253876,-3.4245638005236207,-2.798995546986284,-1.0432952205040857,5.105020409874673,45.77135544532944,31.854743686816203,171.07364756010182,85.805773313566,41.52259547905259,60.93438966357118,4.804825914734742,4.822341680526733
-3.8765099974756363,0.16457610986079896,-0.12879359726924866,-3.6448308120247397,-3.4245145536301687,-2.7989300084420545,-1.0636711218287034,5.131834176016893,45.78837329146815,31.823562717148352,171.06071699355113,85.8065351445554,41.52379467374952,60.93491612822014,4.93619344564587,4.867247819900513
-3.8766289548056703,0.1645252120255433,-0.12881005463160095,-3.6449497693547737,-3.424565451465424,-2.798946465804407,-1.0397532175925328,5.101656239955169,45.805153722574616,31.78497963629746,171.07224357092855,85.80646757088239,41.52251304200373,60.93480942743081,4.936190375650475,4.893145322799683
-3.876479787574692,0.16461410253874,-0.12878166041407776,-3.6448006021237953,-3.424476560952227,-2.7989180715868835,-1.0664723348438723,5.152180865102526,45.761568202786286,31.91129629476867,171.0525635890019,85.80661395235306,41.5239324719771,60.934784157617244,4.922099373914991,4.906198740005493
-3.87652359315474,0.16454913829920548,-0.12881604774127484,-3.6448444077038435,-3.4245415251917617,-2.798952458914081,-1.0453887188951922,5.137820958229514,45.74017857545377,31.976686284095532,171.0668429394755,85.80627055407098,41.5240131914143,60.93496823852695,5.001900790313133,4.944375991821289
-3.8765787147799196,0.1645305025241972,-0.12880828271238529,-3.644899529329023,-3.42456016096677,-2.798944693885191,-1.0482236127489846,5.182813117379906,45.773689943476356,31.97174062108177,171.07075860445755,85.80645381543438,41.523178052605076,60.93495651247605,5.926166500517873,5.008561134338379
-3.8766881105016724,0.1646366542687387,-0.12878316336404566,-3.645008925050776,-3.4244540092222286,-2.7989195745368516,-0.9454839047965733,5.120890667416859,45.85628764559071,31.911891816947307,171.0496729263929,85.80666483125073,41.520958661063915,60.93385242193461,5.025228888979962,5.088618755340576
-3.876369677157861,0.1645038298782529,-0.12886367302336896,-3.6446904917069642,-3.4245868336127145,-2.799000084196175,-1.0864503819013032,5.124002317027967,45.670229740348475,32.01773627115405,171.0760820529781,85.80558000403698,41.527012454285355,60.935639527841744,4.9081719175964915,5.103098154067993
-3.876562652079461,0.1645056741040219,-0.12879030095828364,-3.6448834666285643,-3.4245849893869456,-2.7989267121310895,-1.01670851408837,5.198823394826354,45.82343329536407,31.959124473078298,171.0750849828303,85.80675823455516,41.523211705697626,60.93529960653416,4.9080673678455895,5.128807544708252
-3.876477278326131,0.16445515202710914,-0.12884674332228208,-3.6447980928752344,-3.4246355114638583,-2.798983154495088,-1.0505332412373063,5.145196290397107,45.768040097009816,31.916449054192583,171.08613094786634,85.80598877557598,41.52539203530894,60.935722524727325,4.8659305068281515,5.168923377990723
-3.8766543232451487,0.16459101136967713,-0.12881558091032633,-3.644975137794252,-3.4244996521212903,-2.7989519920831323,-1.075591143594995,5.140921857219801,45.775526601425824,31.837573090120294,171.05945381341294,85.80626609368842,41.52204507784932,60.934171888977566,4.945525266343276,5.195808410644531
-3.876640448528226,0.16456356152465929,-0.12879426032610564,-3.6449612630773296,-3.424527101966308,-2.7989306714989115,-1.1026836492077807,5.130255226847215,45.75850106934786,31.79790569286849,171.06422416056108,85.80662596381589,41.52200642036286,60.934544475268,5.001839274336946,5.209395170211792
-3.87674519632606,0.16457260026606615,-0.12878478310259103,-3.6450660108751634,-3.4245180632249013,-2.798921194275397,-1.0209832661922404,5.128898596588378,45.81237531582236,31.854306420931472,171.06293883075435,85.80680572310735,41.52036716655742,60.93414515778716,4.931414802607406,5.2218968868255615
-3.876605296394212,0.1645802016319266,-0.12883399229270598,-3.6449261109433153,-3.424510461859041,-2.798970403465512,-1.0071380380383732,5.166723069404333,45.84719478416142,31.874307371545875,171.06176614181112,85.80599139731896,41.52303751410264,60.934340989501294,5.001859456828511,5.249813079833984
-3.8767427169965942,0.16452579544523652,-0.12876169769663662,-3.6450635315456976,-3.424564868045731,-2.7988981088694427,-1.0447758451894023,5.141137147626868,45.75138045952573,31.954978768171195,171.07161103553213,85.8072376534736,41.5201988733548,60.93463840697191,4.90328458523009,5.265197277069092
-3.876495201029554,0.1645185330233465,-0.12881901517853162,-3.6448160155786575,-3.4245721304676207,-2.7989554263513376,-1.0346244291045787,5.156036509335573,45.80197363400539,31.89656034730023,171.07282428756093,85.80627386752435,41.52454584598877,60.93529659903724,4.837720270313944,5.290330648422241
-3.8767879349520866,0.1645114887733818,-0.12878927663662926,-3.64510874950119,-3.4245791747175858,-2.7989256878094353,-0.9994852164288444,5.183466073609064,45.87084483124653,31.862882785574172,171.0755913443421,85.8068901785391,41.52001117567141,60.93445174328864,4.917365178484598,5.343266487121582
-3.876560806220514,0.1646407587258007,-0.12878950682115278,-3.6448816207696173,-3.424449904765167,-2.7989259179939587,-0.8400429935073993,5.184911453264782,45.997402751125875,31.944168353262505,171.04807488301137,85.80649084448035,41.522830533730726,60.934244481367514,4.997124747536308,5.444378614425659
-3.87640054572407,0.16448529254440783,-0.12884455953235302,-3.644721360273173,-3.4246053709465594,-2.798980970705159,-0.9745263125991761,5.139795267101156,45.866611757434455,31.86063653080831,171.07947334580646,85.80591488727283,41.52635091593558,60.935770520491474,4.997307401220896,5.471299171447754
-3.876562000404145,0.16451034120557245,-0.12884885907290464,-3.6448828149532484,-3.424580322285395,-2.7989852702457108,-1.0329926089902417,5.126334407820875,45.792472866153304,31.869113069021886,171.07580985298628,85.8058931074261,41.52407000511042,60.934973084157875,4.912783111699648,5.568435907363892
-3.8765036213024064,0.1644835415378353,-0.12880984793469705,-3.64482443585151,-3.424607121953132,-2.798946259107503,-1.1178943699601398,5.039903514317946,45.68806578334697,31.76875887935752,171.07961457686426,85.8064844298023,41.5243947863791,60.93558820029839,4.898728391886605,5.610503435134888
-3.8765002176254786,0.16450697663552014,-0.12881115547026312,-3.644821032174582,-3.4245836868554473,-2.798947566643069,-1.05424567861283,5.11088688500537,45.734129042586,31.925563037718682,171.07494651815352,85.806415261141,41.52439331743617,60.93540899420908,4.8987152249037145,5.650991439819336
-3.876757633320413,0.16453683260320853,-0.12889331852036723,-3.6450784478695164,-3.424553830887759,-2.7990297296931734,-0.9500401675476235,5.114189780314764,45.94360237390077,31.695455360337423,171.07325577855457,85.80530145501635,41.52189608267984,60.93384154059855,5.006550819296155,5.733398199081421
-3.8765519987391004,0.1645150386204292,-0.12881597613422185,-3.644872813288204,-3.4245756248705383,-2.7989523873070277,-1.0223668812552946,5.161857152859636,45.81445888379702,31.90454186663457,171.07386349180982,85.80635794604352,41.523712432984404,60.93513584905321,4.9080769251981575,5.803957223892212
-3.8765609028586097,0.1645459554974721,-0.12878175214381743,-3.644881717407713,-3.4245447079934954,-2.7989181633166234,-1.0591995209568223,5.157971145769238,45.76450899327822,31.927398254571436,171.06678518713227,85.8067992900479,41.52299243135803,60.93503072535225,4.851737217375514,5.863996505737305
-3.8765558146525882,0.1645288393038903,-0.1288171298140281,-3.6448766292016916,-3.424561824187077,-2.798953540986834,-0.9979237044436841,5.142260737728031,45.79253201302186,31.972459587109885,171.0711693711554,85.806314924414,41.523635360563944,60.935007550890376,4.8283073994029415,5.929848670959473
-3.8765890141154213,0.16457992368520366,-0.12881458990662445,-3.6449098286645247,-3.424510739805764,-2.7989510010794305,-0.990828571049924,5.195525278969039,45.83393021245426,31.987376101198112,171.0611474975639,85.806265982566,41.522981460869914,60.93449827375733,5.020623824943738,5.946000576019287
-3.8765976368472783,0.16454426647672785,-0.12883922281179244,-3.6449184513963817,-3.4245463970142396,-2.7989756339845986,-1.0061974048779387,5.109163985667415,45.827234861530684,31.823100088710408,171.06903146284665,85.8059845269613,41.52332749853153,60.93462583932363,4.997195770831194,6.089951038360596
-3.876634394003437,0.16458007029602578,-0.12882001437361823,-3.6449552085525405,-3.4245105931949418,-2.7989564255464243,-0.9916319218241765,5.136668520158661,45.8678376171573,31.812418075942016,171.0616142185265,85.80621244995851,41.52242271153956,60.934307492459105,4.954924951419934,6.119850397109985
-3.8767202702958605,0.16457610717704393,-0.12880499133683773,-3.645041084844964,-3.4245145563139237,-2.7989414025096435,-0.9739515209506948,5.128787806081112,45.85324845369162,31.86781505910551,171.0626252817297,85.8064891557663,41.52100519631133,60.93410602177988,4.8657459987876965,6.147830247879028
-3.8768454741913105,0.1645419649659418,-0.12881849760605005,-3.645166288740414,-3.4245486985250255,-2.798954908778856,-1.0005421692868837,5.108812736244512,45.80940540354767,31.868424383040928,171.07076883087092,85.80643379580967,41.51954333830077,60.93385946163302,4.931413395989809,6.202329158782959
-3.8766460532906586,0.16457954819301468,-0.1287904539710853,-3.644966867839762,-3.424511115297953,-2.7989268651438914,-0.9954860523654715,5.162601567012841,45.84346928031522,31.900627196055623,171.06096589430874,85.8066518647981,41.52182472719267,60.93441725397493,4.931448883429108,6.227548360824585
-3.876612719066675,0.16463911264573683,-0.12882502033246804,-3.644933533615778,-3.4244515508452307,-2.798961431505274,-0.9793412598130474,5.121773497040954,45.824937728366876,31.908990883043213,171.04980561633445,85.80600537345256,41.522628485800944,60.933894383553096,4.936130188238945,6.323625087738037
-3.8764527640881172,0.16449231363039465,-0.12883019085938016,-3.6447735786372206,-3.4245983498605725,-2.798966602032186,-1.1063005590174424,5.068335118063703,45.56384719919579,32.10886544267214,171.07805712289363,85.80614021467245,41.525384165391166,60.9355997312473,5.001969272771969,6.3489532470703125
-3.8768031031564636,0.16457325112355,-0.12880018606195515,-3.645123917705567,-3.4245174123674174,-2.798936597234761,-1.0031154768168051,5.148630185889127,45.84309812114329,31.85782652041245,171.0636828439359,85.8066126168492,41.51977784374231,60.93385575556253,6.141875370857521,6.36194920539856
-3.8764719342436513,0.1645053271117135,-0.12885090958934545,-3.6447927487927547,-3.4245853363792538,-2.7989873207621514,-1.1132334167157725,5.074924996089766,45.618284847614106,31.988198916258465,171.07619104004894,85.80582188511235,41.52538168524151,60.93532506231158,4.903436470582436,6.388965845108032
-3.8765210641695558,0.16449607956292447,-0.12884373078827885,-3.644841878718659,-3.4245945839280427,-2.798980141961085,-1.1024046057410108,5.070890683864526,45.67784491403271,31.875403926902344,171.07820363175637,85.8059738548516,41.52461195001655,60.93525782133421,4.908112907177639,6.401689767837524
-3.8764985527332394,0.16457880833979263,-0.12880661274497657,-3.644819367282343,-3.4245118551511746,-2.7989430239177824,-1.0589793448923512,5.138072461046935,45.7740390186343,31.875514321818756,171.06046204878328,85.80633296965681,41.52413950925946,60.93487092982706,4.903359633805824,6.426918983459473
-3.876621583989044,0.16452075883655481,-0.1288161451579256,-3.6449423985381473,-3.4245699046544127,-2.7989525563307316,-1.015536138767289,5.170868977819569,45.80084273265993,31.962562830435964,171.0732501640291,85.80638355810824,41.52271948183978,60.93484059126946,4.832979876174408,6.492767095565796
-3.876428397478191,0.16450315009962904,-0.1288163805952468,-3.6447492120272944,-3.424587513391338,-2.798952791768053,-1.08738398059202,5.088018132947639,45.64702241641589,32.00515716117314,171.07531803586966,85.8063057074093,41.52549167730395,60.93567041359693,5.016040166558273,6.5480663776397705
-3.8766700980447806,0.1645103331857907,-0.1288328599000525,-3.644990912593884,-3.4245803303051767,-2.7989692710728584,-0.9819966945813935,5.143482585773956,45.87109138928297,31.835516268812693,171.07617145802718,85.8061886519702,41.52231395414272,60.93466568117244,5.015955434346116,6.572109222412109
-3.8765709061060445,0.1645564179719576,-0.12880304657701583,-3.644891720655148,-3.42453424551901,-2.798939457749822,-1.0321595321148351,5.153202658898841,45.7907871107553,31.92073966166522,171.06537637736815,85.80647253799654,41.52313486386158,60.93480615241411,4.898654265334167,6.584476709365845
-3.8765259658676112,0.164592449803817,-0.12877926748455393,-3.6448467804167146,-3.4244982136871505,-2.79891567865736,-0.9735934716441452,5.184227385186807,45.86915353957393,31.931545237734568,171.05716708084887,85.80671992437966,41.52331110160546,60.93480148051168,4.912711957443859,6.640622854232788
-3.876619380276828,0.164450312333497,-0.12885037897262083,-3.6449401948259315,-3.4246403511574703,-2.7989867901454266,-1.0445705196023858,5.181531093532913,45.78270271944943,31.955046987801996,171.08827010522594,85.80602694706162,41.52346109105263,60.9352335081326,4.992561485424767,6.742942571640015
-3.8766028271662356,0.1645740141365875,-0.12881759456153022,-3.644923641715339,-3.4245166493543797,-2.7989540057343363,-1.0800114457499803,5.142630438265993,45.674977318104254,32.0492736843696,171.06251678658595,85.80624217054051,41.52284875046817,60.93448042533626,5.020623965968213,6.820439100265503
-3.8765884776231556,0.1645487978838756,-0.12881945959021993,-3.644909292172259,-3.424541865607092,-2.798955870763026,-1.0424509193484526,5.129196268067662,45.79545003392005,31.847384429422167,171.0674964764498,85.80625857619995,41.52315186576974,60.93472146401446,4.945577918417674,6.941186189651489
-3.8766427629267475,0.16457202289930464,-0.1288498478498977,-3.644963577475851,-3.4245186405916628,-2.7989862590227035,-0.9608462103342384,5.148894326210494,45.89914187897027,31.830962948831807,171.06413172312114,85.80579813431862,41.522768125114865,60.93419221895748,4.851721852548023,7.029565095901489
-3.8765557446811028,0.16449794320362202,-0.12884229777038292,-3.644876559230206,-3.4245927202873454,-2.798978708943189,-1.0605888212655692,5.129099702404897,45.76282131861589,31.878206859717324,171.07805202725612,85.80601080474598,41.52409761188699,60.935126023483264,5.025392560737108,7.145432472229004
-3.8767418630303854,0.1645341384602972,-0.12881167029166737,-3.6450626775794888,-3.42455652503067,-2.798948081464473,-0.9905170509753778,5.174556928390754,45.86198962386201,31.88792476849919,171.07135739848965,85.80649026618742,41.52092277265687,60.93432644932137,4.940836301366166,7.173823833465576
-3.8767553683008917,0.16453505952831876,-0.12880526393654923,-3.645076182849995,-3.4245556039626486,-2.798941675109355,-1.0301356883313475,5.139784218168697,45.839689459597345,31.791774735805756,171.0710933235076,85.80658966077733,41.52063575171607,60.93430274571658,4.968978457919246,7.22542405128479
-3.876435105196882,0.16456634555785257,-0.12878881541010678,-3.6447559197459856,-3.424524317933115,-2.7989252265829125,-1.0615980875634696,5.172497020346054,45.79778740883106,31.87707773755241,171.06196670965122,85.8065821927767,41.52480617877514,60.93528530827383,4.969067069920749,7.250513553619385
-3.8765236755285564,0.16448354292962736,-0.12887753965460697,-3.6448444900776598,-3.42460712056134,-2.7990139508274128,-1.0547052338849126,5.117475203736443,45.77119308754277,31.85332384635391,171.08168484154425,85.8055073260207,41.52511007474551,60.93517874881874,4.889368491702301,7.265304803848267
-3.8766032564749255,0.16450577985466577,-0.12884732050160197,-3.644924071024029,-3.4245848836363018,-2.798983731674408,-1.0049884224612156,5.139501549449717,45.850836602202456,31.82406147730664,171.07698751986788,85.80594855973871,41.52348043206469,60.93486894410705,5.001913886109163,7.292383670806885
-3.8766800348915407,0.1645301522976657,-0.12877974163191208,-3.645000849440644,-3.4245605111933015,-2.798916152804718,-0.9921875978355243,5.1948665212207,45.89187919217136,31.854783929114145,171.0707811273652,85.8069293263815,41.5213335387917,60.93473862375051,5.001839691547673,7.305279493331909
-3.8766055681742886,0.16454679280485007,-0.12881697734190703,-3.644926382723392,-3.4245438706861173,-2.798953388514713,-0.9969525063247084,5.129632896683365,45.825549679497016,31.88122720647624,171.06795503540064,85.8063087325574,41.52288079215124,60.93468843450173,4.954955314988607,7.368218183517456
-3.876815492610712,0.16451320273005787,-0.12880894305234464,-3.6451363071598153,-3.4245774607609096,-2.798945354225151,-0.8432517382919491,5.213657121232295,46.06844961718764,31.822040649252674,171.07601477549002,85.80661524731441,41.519908373662524,60.93424142440086,4.846986407651462,7.4189698696136475
-3.8764639808096093,0.16470428065259912,-0.12872578541023452,-3.6447847953587127,-3.4243863828383683,-2.7988621965830407,-0.8035165834784563,5.163975010701564,45.99548946263427,31.996636862527684,171.03284477030053,85.80723486862848,41.523067533461614,60.93440800698216,4.865720845218338,7.5214831829071045
-3.8762294488987075,0.1647823571484345,-0.1286045813354656,-3.644550263447811,-3.424308306342533,-2.7987409925082716,-0.783179544617871,5.0936375014754205,45.93726374881404,32.05667614049659,171.01201835525825,85.80870906333244,41.52435188624386,60.935236764376725,5.011145371852178,7.547023773193359
-3.8762354513544457,0.16483850678817658,-0.12838551146691352,-3.644556265903549,-3.424252156702791,-2.7985219226397193,-0.8283991349873527,4.952682564188371,45.93321091464287,31.738198747180565,170.99456468845827,85.81179508498771,41.52087489398295,60.93586487888672,5.006315926332251,7.55992579460144
-3.8761960806401294,0.16496735716709912,-0.12731024324505186,-3.644516895189233,-3.4241233063238683,-2.797446654417858,-1.0342556104914524,4.58636919238615,46.127877618486096,30.25112823858947,170.93743908416624,85.82720465928934,41.50520178215528,60.940351790681895,5.043292113154185,7.5880701541900635
-3.8768770527867775,0.16502807250560486,-0.12186015810743117,-3.645197867335881,-3.4240625909853626,-2.7919965692802373,-1.749671663360317,3.801722496416194,44.884220184811376,30.218956021656062,170.76915050855888,85.90701050050359,41.41498473477482,60.964588204291104,4.848160365249414,7.638784408569336
-3.87912607406249,0.16411765523691127,-0.10948165003921906,-3.6474468886115936,-3.424973008254056,-2.779618061212025,-1.6158700992984505,4.100939496840481,45.41941065409729,29.927016624394543,170.5913812457234,86.09072138245288,41.20246713106253,61.02521092361126,4.978336948618996,7.702111482620239
-3.8796953323161723,0.16366615875857737,-0.10305109890660114,-3.6480161468652756,-3.42542450473239,-2.7731875100794072,-1.8567417564890059,4.220188484578734,45.31221817399654,29.892068963800693,170.4826580644109,86.1857379591865,41.09998024772426,61.058620647945126,5.0036270987261915,7.728545188903809
-3.8803475865524,0.16351205182001963,-0.09874244492139267,-3.6486684011015034,-3.425578611670948,-2.7688788560941986,-1.8637816699748475,4.405625981561062,45.32147233903492,30.20942903019844,170.37600086681243,86.24917823210787,41.02690934760848,61.07881574579595,4.907679797476782,7.743875026702881
-3.8814689668038063,0.16289769900897605,-0.09207081169733763,-3.6497897813529097,-3.4261929644819915,-2.7622072228701438,-1.7073241708900635,4.609200994005917,45.52146316090288,30.512375984300554,170.29044812539925,86.34825086132706,40.913012116649824,61.112590259547105,4.904606550521374,7.768301963806152
-3.8816446131660975,0.16262691139439553,-0.08867744104543701,-3.649965427715201,-3.4264637520965717,-2.758813852218243,-1.8157767590115828,4.293370841734358,45.08999940403044,30.756942705467978,170.23198115366714,86.39835679783405,40.86037667789177,61.13086596296502,5.22219727919925,7.780390739440918
-3.883354701128495,0.16197843979060644,-0.08058222300572697,-3.6516755156775984,-3.427112223700361,-2.750718634178533,-1.4419862873722369,3.469440661805439,45.12996021730781,30.217008846640287,170.09820654555654,86.5183845240625,40.71635083280616,61.16965536995776,5.227655000304546,7.8088319301605225
-3.884276860318545,0.1618005260311696,-0.07681957016273164,-3.6525976748676485,-3.427290137459798,-2.7469559813355375,-1.2628080697819217,3.412361734000756,45.31165493630781,30.150691916829242,170.00402956853273,86.57389640483692,40.64711059220094,61.18619444184033,5.385223157099224,7.820834636688232
-3.8855601878378385,0.1611976857145075,-0.06873226001666526,-3.653881002386942,-3.4278929777764597,-2.738868671189471,-1.808762638917023,3.2949145525878585,44.655182086995325,30.273549166106772,169.83978093547415,86.69337337882949,40.50836273166805,61.225997513334846,5.015458661196871,7.848276376724243
-3.886123229529117,0.16099702520935572,-0.06538221699647125,-3.6544440440782204,-3.4280936382816116,-2.7355186281692774,-1.6780588445331224,3.7034809314341666,44.95291508786986,30.600676077723616,169.756024534175,86.74272993330344,40.4501687710931,61.2419489145883,5.0138369995015974,7.8603596687316895
-3.8876238831581795,0.16022239337155297,-0.05759654388779917,-3.655944697707283,-3.4288682701194144,-2.7277329550606053,-1.357213398180878,4.504158476588179,45.52518274140782,31.424740827623218,169.63487245199087,86.85817158053413,40.312777901448285,61.28066522830885,5.010193000706341,7.887345552444458
-3.888549997488067,0.16000686969750766,-0.05433333695884264,-3.6568708120371705,-3.4290837937934597,-2.7244697481316487,-1.3282601992540997,4.568989594073279,45.74256008210509,31.143022776084795,169.5551948497166,86.90635198348136,40.25059561718592,61.29487599791421,4.703522962325509,7.8996052742004395
-3.8906635885681533,0.15942837083772984,-0.04447353577509326,-3.6589844031172567,-3.4296622926532376,-2.714609946947899,-1.763546278207957,3.9709519117746237,45.25302574731138,30.362722771493566,169.27091138680078,87.05139296927987,40.07162999259317,61.33968982699713,4.815856609564632,7.938346862792969
-3.891832521975769,0.15908944114549847,-0.03842039278847649,-3.660153336524872,-3.430001222345469,-2.7085568039612826,-2.2899259319280967,4.1321519875270125,44.573572848214134,31.013381389192396,169.07609655278708,87.14025159433515,39.96316539028933,61.36747027083712,4.78938345055279,7.9638237953186035
-3.8941136417464226,0.15864120388269856,-0.03242872365615529,-3.662434456295526,-3.4304494596082686,-2.702565134828961,-2.0802654023968112,4.436918608302961,45.22683504948246,30.5591008976793,168.9179904080714,87.22867391880794,39.84015460412559,61.391492243008415,0.00046884685071635346,7.991113662719727
-3.8945071672587126,0.1583434934834922,-0.029676318720832207,-3.662827981807816,-3.430747170007475,-2.699812729893638,-2.082537217173283,4.442925624290832,45.18501619058943,30.684191811229482,168.86204728135354,87.26935048458446,39.792949447317824,61.40572985676455,4.850521291792859,8.004051685333252
-3.8968938333665823,0.15738547713346296,-0.021101192211796987,-3.6652146479156857,-3.4317051863575045,-2.691237603384603,-2.3504767108764755,4.6017112515015794,44.89628035461882,31.04668128596721,168.70085201375414,87.39630941689036,39.62941138616656,61.445774780388696,0.05599512079304203,8.046884059906006
-3.8986135990665973,0.1567651574765724,-0.014025638393384582,-3.6669344136157007,-3.432325506014395,-2.6841620495661904,-2.330799492958116,5.23515571382068,45.217127886044395,31.485616785084154,168.49615424216756,87.50043667054405,39.49708827597607,61.47830817473827,-0.03666797589879467,8.085921287536621
-3.899086145688628,0.15657552991198082,-0.011467035562819305,-3.6674069602377313,-3.4325151335789865,-2.6816034467356253,-2.6828320419158085,5.202049318977636,44.95343290584366,31.24775315141801,168.4042979740843,87.53794259340258,39.45113546823612,61.490351163890715,0.09815018997680758,8.101135015487671
-3.9001909638564873,0.15600628882467396,-0.006894583323438175,-3.6685117784055907,-3.4330843746662936,-2.6770309944962443,-2.7005151600300596,4.893160511904696,44.72335871704607,31.239550091067674,168.31599391320307,87.60560361662223,39.365888152752696,61.51265473001862,0.08659948582851129,8.128610134124756
-3.900533123427182,0.15556150436342275,-0.004861752910269551,-3.6688539379762855,-3.4335291591275445,-2.6749981640830756,-2.6802656020018496,4.846890076429113,44.704754612434506,31.262409422996605,168.3400348527359,87.63618090268984,39.33052592552405,61.52465687541937,0.08581158818654533,8.141079664230347
-3.9018028795314224,0.15508259358341134,-0.0006228783673751515,-3.6701236940805257,-3.434008069907556,-2.670759289540181,-2.2739405916137194,5.195861322698887,45.40937830850361,31.194578442148334,168.2391399179309,87.69874765103712,39.247747341739675,61.54392959926732,0.08368186164606417,8.16795825958252
-3.9016498957263366,0.1546414817291881,0.004461945746707052,-3.66997071027544,-3.4344491817617793,-2.665674465426099,-2.9361845282762364,4.892729312740523,44.45954594701368,31.405751557721686,168.0366752155233,87.77320357590413,39.171224433235075,61.572510091865524,0.04409895271174635,8.196147680282593
-3.902088058822182,0.15398512814679832,0.00906597517351626,-3.670408873371285,-3.435105535344169,-2.6610704359992896,-3.2656686473438272,4.857792445723699,44.07411469815217,31.515013412309585,167.94815289195176,87.84138078604204,39.09442703467857,61.598138479601445,-0.00940685067480862,8.221218585968018
-3.9023463165564802,0.1537514111352299,0.01368062167196879,-3.6706671311055836,-3.4353392523557376,-2.6564557895008374,-3.2869247729542916,4.7039335540426315,44.00157114505916,31.425354888362264,167.68373358209965,87.90845489334663,39.018678577753256,61.62114643729211,0.0400907201728935,8.245748281478882
-3.902382352363479,0.15340678205201266,0.01719792542973214,-3.6707031669125825,-3.4356838814389548,-2.652938485743074,-3.3735667261587245,4.60015876171248,43.824821839891904,31.492260225358294,167.53509557743183,87.96002632484455,38.963507866366285,61.64062173407925,0.01987653938637779,8.26321005821228
-3.9026396830420818,0.153064026666432,0.020347639663301192,-3.670960497591185,-3.4360266368245354,-2.6497887715095048,-3.473689030542699,4.545461652823398,43.61441817848085,31.67196002754336,167.41327635921985,88.00630631575468,38.91098297958003,61.657429765053415,0.04198074899484894,8.278295755386353
-3.902060836874179,0.1524316437944358,0.025297452096412404,-3.6703816514232823,-3.4366590196965316,-2.6448389590763934,-3.819539624733656,4.545612593525691,43.34126887184291,31.584433543716486,167.23316117247757,88.07926385438478,38.84219151691616,61.68846927272619,-0.12395427954769334,8.302243947982788
-3.901725843666616,0.15168780648273592,0.03534366122211452,-3.6700466582157194,-3.4374028570082316,-2.6347927499506913,-3.8234753650550717,4.320294482715041,43.38680732258864,31.235662678680292,166.58798079773587,88.22562442116516,38.688890761430486,61.743795213230506,-0.01550244655721622,8.345402240753174
-3.9013670810220553,0.15150651314059846,0.038559574871058266,-3.6696878955711587,-3.437584150350369,-2.6315768363017478,-3.7996990789626737,4.03317776967668,43.22017963548433,31.224076696579214,166.32649753356822,88.272246472811,38.642997848148234,61.76204496231006,-0.016781419920937957,8.357989311218262
-3.901027242538462,0.1509124671063903,0.044795340330031796,-3.669348057087565,-3.4381781963845772,-2.625341070842774,-3.7141438145188803,3.741107199874475,43.21007568964366,31.03399334047839,165.90548839339598,88.36336861650128,38.54946397669215,61.797911429448845,0.004224834674065647,8.382707357406616
-3.900507652836,0.1505312384289162,0.05146616129798823,-3.6688284673851035,-3.438559425062051,-2.6186702498748176,-3.6252989699566815,3.585771687329253,43.370994696467555,30.723613772153623,165.26165207544898,88.4598687086774,38.45057385057708,61.8348591643787,0.0014871325589571605,8.406748533248901
-3.899903094683615,0.15033263825234097,0.05512010759582914,-3.6682239092327182,-3.4387580252386263,-2.6150163035769767,-3.6591088406155703,3.559512177371301,43.39139837436784,30.62365090394238,164.8605679466422,88.51262797242399,38.400679419050654,61.85629920706292,-0.018675706563774597,8.419271230697632
-3.8984031771396648,0.14945555962294144,0.06659511901719731,-3.666723991688768,-3.439635103868026,-2.6035412921556085,-3.4304644774872997,3.2837277355548977,43.62772717691383,30.334004905505793,163.558110883477,88.67883266404002,38.23841428984401,61.92399684150477,0.0614049401207164,8.458277702331543
-3.897659140907609,0.14908981747008768,0.07535046743257642,-3.6659799554567125,-3.4400008460208795,-2.5947859437402294,-3.4228048045542034,2.785716056903885,43.42143790294912,30.12191159960112,162.1279381335322,88.80380673590943,38.107560064835084,61.971558511356896,-0.03611284781602686,8.485616207122803
-3.8972866141838707,0.14901879109988572,0.07947310478971151,-3.665607428732974,-3.4400718723910817,-2.5906633063830946,-3.2383197612927983,2.546242070669955,43.57249305028726,29.87663537845579,161.27393266284088,88.86191340954761,38.045785914029125,61.993222217721424,0.14507103966630375,8.498141527175903
-3.895742864365539,0.1478978327781007,0.08885104748508565,-3.6640636789146424,-3.4411928307128665,-2.58128536368772,-3.642210918441186,2.1539021424920297,43.08967661536293,29.565897030279494,159.69538050637433,88.9978782889902,37.91687617341702,62.0529681610123,0.07146869791972454,8.527028322219849
-3.8952592581836547,0.14767697158738896,0.09298925367684371,-3.663580072732758,-3.4414136919035783,-2.577147157495962,-3.531593072373242,2.3406831564243156,43.16248772476726,29.990893255714344,158.6328113123988,89.05618219327243,37.85632432049513,62.076327974952434,0.051028295373586996,8.539237022399902
-3.894246869292871,0.14721021197907594,0.10093459964341728,-3.6625676838419743,-3.4418804515118913,-2.5692018115293886,-3.2266092125263928,2.335937677327924,43.64926775351171,29.721264368390607,156.21258387480876,89.16731776417306,37.74095263150479,62.12184119004998,-0.06942734970591324,8.563868284225464
-3.8929408162101327,0.14669141367565994,0.10983453260702486,-3.661261630759236,-3.4423992498153075,-2.560301878565781,-3.5811955151816854,1.910015746459942,43.21017317185306,29.37067215659278,152.59509957047743,89.28950854712154,37.613497425674794,62.17347212218966,-0.07292042514004882,8.590385437011719
-3.892310279774769,0.14656941695749034,0.11412040870877566,-3.6606310943238722,-3.442521246533477,-2.5560160024640304,-3.542222321352731,1.7820309102997465,43.118040358512275,29.50865219052357,150.22881905755608,89.34617629078595,37.55159425079334,62.19731220276085,-0.13098950125509345,8.60295033454895
-3.8906223265824815,0.1454693402728298,0.1238856442968117,-3.658943141131585,-3.4436213232181374,-2.5462507668759944,-3.650941415086068,1.3941038327772861,42.90338979149799,29.27198110814414,144.0330188076707,89.47680545755455,37.415529648089866,62.25920994746598,-0.021803055895052825,8.632497787475586
-3.8901712785117124,0.14509201361412913,0.1289534947474224,-3.658492093060816,-3.4439986498768382,-2.5411829164253836,-3.792521430249261,1.1238709411385097,42.78058387401149,28.89297329772753,139.21777732564837,89.5393477103371,37.33820867863071,62.287981025119876,-0.08015551500902696,8.647186517715454
-3.889837839497385,0.14483461512822354,0.13315419580788418,-3.6581586540464883,-3.444256048362744,-2.536982215364922,-3.402139148736535,1.3020840856250022,43.252815749971326,29.04844495410055,134.07425433007955,89.58748747571904,37.27325812195489,62.31120195326563,0.049461386719363176,8.659467458724976
-3.8882803554690626,0.14448425101110818,0.14222037930819814,-3.656601170018166,-3.444606412479859,-2.5279160318646077,-3.4795050115997603,1.1203436714706592,42.813306273196204,29.62873204288175,117.791892139209,89.6720885921223,37.14374387932844,62.363208418482955,0.03644689153373282,8.686498641967773
-3.887704705563237,0.14421582761131121,0.14639257404255357,-3.6560255201123404,-3.444874835879656,-2.5237438371302523,-3.5948914906056713,0.7238701690603745,42.630259134780715,29.229132289840045,107.72536520860076,89.70021220924951,37.08221225460132,62.38738255300188,0.08171061802794588,8.69884204864502
-3.8867967596000765,0.14363114329402799,0.15502410237626013,-3.65511757414918,-3.4454595201969394,-2.515112308796546,-3.4520951696946085,0.7643199387951232,43.04335473907932,28.870618535941325,82.54345670118845,89.72209982850964,36.950584969217296,62.43638283041963,0.1251203366695668,8.724798917770386
-3.8850689740344433,0.14285488521493045,0.16800776339586615,-3.6533897885835467,-3.446235778276037,-2.50212864777694,-3.5285725243531063,0.6085868296325772,42.98263578570174,28.78477732047983,49.00282033029548,89.6525380732954,36.75620435539143,62.510733292333406,0.15272803377327282,8.764368772506714
-3.8833377844540937,0.1420416382170209,0.17999411812900518,-3.651658599003197,-3.4470490252739463,-2.490142293043801,-3.0769550058443835,0.1529742765552263,43.26853923518544,28.60246619033734,31.5233217129877,89.52458253304128,36.57761991841184,62.580647982480265,0.030693224691163756,8.801628589630127
-3.880646059435369,0.14060136161732917,0.20508661985447713,-3.6489668739844725,-3.4484893018736384,-2.4650497913183287,-3.0750784944788756,-0.3955866987461545,43.18575939045082,28.287689999726737,16.0542621278489,89.19238183916471,36.1862039359458,62.72052104670777,-0.11584246787663544,8.881717443466187
-3.8797727255634067,0.14014787081420726,0.21284592765919425,-3.64809354011251,-3.44894279267676,-2.457290483513612,-3.1425996432015504,-0.4373750502511739,43.31916779862781,27.938212275256564,13.594105580237567,89.0834311470929,36.06466548807892,62.76391929530686,-0.08154311432484462,8.906642436981201
-3.8794940988831748,0.13996396932163396,0.21648694095843596,-3.647814913432278,-3.4491266941693333,-2.45364947021437,-2.7865881920149365,-0.1674171707991723,43.704121927037015,28.31469874779343,12.653056761495,89.03183433718715,36.005563639264835,62.78345161688857,-0.0878194595365569,8.91818356513977
-3.8790403730322858,0.14007646951475702,0.22541008573083338,-3.647361187581389,-3.4490141939762102,-2.4447263254419727,-2.8980531957616935,-0.7273365870689055,43.17219561491086,28.41951550392383,11.144192696969357,88.90299022271489,35.85576143453182,62.825731830885374,0.020446093895424067,8.945781946182251
-3.878739559900202,0.13985684553542374,0.23023549254963016,-3.6470603744493055,-3.4492338179555437,-2.439900918623176,-2.8508784873040875,-0.8879007255821968,43.14580082933403,28.3827629551371,10.269189959320242,88.83379473864605,35.77588812761406,62.85104995656536,0.1074429174335978,8.960907220840454
-3.878221361626475,0.1395669470087048,0.23884855318289,-3.6465421761755783,-3.4495237164822625,-2.4312878579899158,-2.8876923133964407,-1.0737169039111711,43.06864164307885,28.29250688104957,9.006526836673103,88.70947430877929,35.6323304131766,62.895275331276494,0.0941478648741767,8.988279342651367
-3.8779308701530906,0.13958882957170965,0.24387530339326707,-3.646251684702194,-3.449501833919258,-2.426261107779539,-2.93034785434162,-1.1973693925468778,42.947698919549275,28.320681095382323,8.492744454291602,88.63623507395285,35.54765727242072,62.91946296948021,-0.006795237930117715,9.003945589065552
-3.877973005115859,0.13937769467028663,0.2557120360771902,-3.6462938196649626,-3.449712968820681,-2.414424375095616,-2.639075259822756,-0.9099062423169578,43.78265130757724,27.83588016218829,7.32334435802377,88.46471249363121,35.337947646348674,62.97509403586245,0.024961226226879685,9.041536092758179
-3.8776445798460535,0.13941046153155345,0.2639296799540391,-3.645965394395157,-3.449680201959414,-2.406206731218767,-2.528092641307739,-0.7781646047722078,43.960078070326155,27.991966320606064,6.749977392950798,88.34464551845552,35.1962253266014,63.01379124934418,0.02094594276216677,9.06657600402832
-3.877620473422543,0.139397331081092,0.26782589811539154,-3.645941287971646,-3.4496933324098755,-2.4023105130574143,-2.508466599555584,-0.7292850870521494,44.05233236830959,27.964662101798076,6.490510914501788,88.28786549920244,35.12707232678364,63.03173314346061,-0.03259612521261701,9.078922986984253
-3.877277957509415,0.13944251385753892,0.2775215596435881,-3.6455987720585186,-3.4496481496334286,-2.392614851529218,-2.753761348575972,-0.9779325401329966,43.72999739646108,27.869504397063217,5.952613652159684,88.1460203594427,34.958172651188335,63.076960956196636,-0.11243574586421445,9.108628034591675
-3.8772159384354197,0.13927259886861737,0.2814006567772605,-3.645536752984523,-3.44981806462235,-2.3887357543955456,-2.9051585402855187,-0.9931456898400669,43.59690502732535,27.852830478980835,5.67643792973992,88.08962924286125,34.88974589384399,63.09618083884446,-0.11424988918340206,9.121340036392212
-3.8774103137108944,0.1394798446570095,0.29019687237314423,-3.645731128259998,-3.449610818833958,-2.3799395387996616,-2.9152638251477825,-1.1396987382967538,43.642799048330666,27.63054788743551,5.3468323977374395,87.96111588392718,34.728201285335075,63.13336899570871,0.04533894112551584,9.149073362350464
-3.877509162097968,0.13955204154910356,0.2942362497991244,-3.645829976647071,-3.449538621941864,-2.3759001613736817,-2.8279435810222258,-1.1992117892826937,43.639893186129825,27.75945518168362,5.199748314827316,87.90214444646823,34.65372173436767,63.15054143907861,-0.08345257564374631,9.162053108215332
-3.877592596320531,0.13967092596467612,0.302368989132717,-3.6459134108696345,-3.4494197375262914,-2.367767422040089,-2.731166000940315,-1.3210260878419755,43.72943383136636,27.686202187721975,4.9186510069877425,87.78331290887968,34.505009632788266,63.18578286407145,-0.08765723871414499,9.188805103302002
-3.8775390229882296,0.13977693526973378,0.306064364867644,-3.645859837537333,-3.4493137282212336,-2.364072046305162,-2.9453809364273345,-1.3515439196643753,43.472301489943774,27.764928067721634,4.820850292043006,87.72913267824134,34.438407155630664,63.201770669091836,0.2904596023507664,9.200492143630981
-3.8778326175560496,0.14015721390619612,0.31344151860405783,-3.646153432105153,-3.4489334495847714,-2.3566948925687483,-3.0569402956690066,-1.4113057402583002,43.292739699440894,27.883161222198616,4.694447725935195,87.62123490928992,34.29924182092932,63.23038063299836,0.28638336322978697,9.2248055934906
-3.8783490389936506,0.14044253453220526,0.3221323514569409,-3.646669853542754,-3.4486481289587623,-2.348004059715865,-3.120421145553542,-1.4474427079480223,43.3822954532821,27.628697268455156,4.503437078929737,87.49460600940247,34.13272865718233,63.26445301450206,0.28162331817600217,9.25343656539917
-3.878461056024075,0.14053552284568702,0.3265260843761767,-3.6467818705731783,-3.4485551406452806,-2.3436103267966293,-3.1317372854949754,-1.4851072984804106,43.49453746404769,27.386036327827206,4.398722854299236,87.43048505116543,34.050467515173914,63.2827404448647,0.06816856462373089,9.267848491668701
-3.8785526821954086,0.14080393972356467,0.33182611487701585,-3.646873496744512,-3.448286723767403,-2.33831029629579,-3.163612371780121,-1.7175684197673002,43.469199796800986,27.104684132340907,4.32911969885658,87.35289259535868,33.95130533372457,63.30370316406914,-0.037946189912283934,9.285370111465454
-3.8786986071734617,0.14097685069686422,0.3357221338017275,-3.647019421722565,-3.4481138127941033,-2.3344142773710783,-3.20617582931286,-1.7122571417229446,43.4330345128028,27.13924248747944,4.272262467641244,87.29600036704105,33.877238528201325,63.31890153233889,0.030289075726974257,9.297752141952515
-3.8791151796784127,0.14130050256089777,0.3436544018363421,-3.647435994227516,-3.4477901609300696,-2.326482009336464,-3.2677518244422075,-1.7719968244188278,43.45637149802727,26.9706143792905,4.154117591505136,87.18039934444724,33.724482221698736,63.34941056330768,6.580297886086002,9.322881698608398
-3.8802772632758455,0.1423245345441097,0.3658028161041096,-3.648598077824949,-3.446766128946858,-2.3043335950686963,-3.1198656635767925,-2.1963685130893857,43.71575505726126,26.381710632973885,3.902664168788472,86.85777973017012,33.29506643912637,63.432952079627775,-0.014605678324985938,9.389055967330933
-3.880332701172676,0.14251740840305321,0.37052437348757505,-3.6486535157217794,-3.4465732550879142,-2.2996120376852307,-3.1106808755994777,-2.221042400883702,43.55272152136701,26.725599370214688,3.8504304999515226,86.7888203096104,33.20568375989524,63.45176962520569,-0.012473809293540583,9.40218734741211
-3.8805634074779634,0.14276244528606,0.37904248350409664,-3.6488842220270667,-3.4463282182049073,-2.2910939276687095,-2.9474512548586294,-2.190794508363339,43.53403794911921,27.19000614660563,3.7348750466646203,86.66475806945776,33.04238344614161,63.48580357044285,0.08614507276117189,9.426623106002808
-3.880735087461476,0.14300475875090976,0.383420475566163,-3.6490559020105793,-3.4460859047400576,-2.286715935606643,-2.990799188538846,-2.1513791998767298,43.58360555582912,27.114336103939184,3.70712009166294,86.60096536465046,32.95727939077144,63.50204142656795,5.676265806602825,9.438838481903076
-3.881229453966424,0.14319804517438128,0.3921308997551094,-3.649550268515527,-3.445892618316586,-2.2780055114176965,-3.1873535346773325,-2.153453810835611,43.60841705191054,26.771897759529256,3.5851492816575123,86.47464682662499,32.78596642547251,63.535809101047874,0.05546121467937759,9.463431119918823
-3.8819063841541106,0.14378546134847825,0.4058046788497921,-3.650227198703214,-3.4453052021424893,-2.264331732323014,-2.7834791937231627,-2.211779570685062,44.05278258939537,26.74192570918871,3.4750921593401127,86.27604936893452,32.516614258951876,63.58668558360961,-0.0037957039857392516,9.50203800201416
-3.8823409503574453,0.14412528554826584,0.42061489629241544,-3.6506617649065487,-3.4449653779427014,-2.2495215148803904,-2.9920742227091157,-2.3636174347128143,43.70357408198551,26.93529069452058,3.307292972312816,86.06099402899035,32.22772610924074,63.645220477413105,0.10548955401023319,9.544224500656128
-3.88234384924569,0.14408255488577895,0.42491840376437584,-3.6506646637947933,-3.4450081086051885,-2.2452180074084302,-3.1533176329938435,-2.4590383359680144,43.56874444513738,26.794728748340393,3.233063989928038,85.9984790606103,32.1453507220564,63.663905548009154,0.10329279689294735,9.557300329208374
-3.8831436325147344,0.14473825044501706,0.450601790351315,-3.6514644470638378,-3.44435241304595,-2.219534620821491,-3.137954366391656,-2.478980779900944,43.92711408188502,26.35229981659498,3.0044592537852335,85.62610387838643,31.638383562500774,63.763332772878734,0.009522681175357928,9.634213209152222
-3.883367942358188,0.1449338564965839,0.4589346723270935,-3.6516887569072916,-3.4441568069943833,-2.2112017388457126,-3.015784281497512,-2.5213797881118705,44.1323625698334,26.210456274937503,2.9354967472492346,85.50538176704248,31.473223149636972,63.7956046843529,0.1128967153924969,9.658656597137451
-3.8833327147292294,0.14498236925353566,0.4672538460494692,-3.6516535292783328,-3.4441082942374317,-2.202882565123337,-3.2739598634503424,-2.519106053763671,43.838528234265134,26.362009246984076,2.845034744299796,85.3845952028938,31.311451146063934,63.83018964618837,0.12261838694538074,9.68283987045288
-3.8834071719457266,0.1450775936007601,0.4797920426962583,-3.65172798649483,-3.4440130698902074,-2.1903443684765476,-3.6475330799683614,-2.696948181209677,43.451540183804795,26.259364857338998,2.7205611555719798,85.20285815381392,31.064776400733322,63.881215058006376,0.11598761830141724,9.718869686126709
-3.882927825212236,0.14503688716871202,0.4877867066879078,-3.6512486397613393,-3.444053776322255,-2.1823497044848983,-4.150603930688564,-3.2126223494243,42.93530614554572,25.664946243802003,2.63142426459694,85.0861535909998,30.913934442091872,63.91712769154056,-0.056913371095798304,9.742586851119995
-3.882943390350506,0.14497272103988204,0.4925720186305581,-3.6512642048996096,-3.4441179424510855,-2.177564392542248,-4.085395347605049,-3.3205231764861853,42.917052601108104,25.71995724349327,2.5718711046899934,85.01690496967522,30.81942239491155,63.937323508712986,0.010995629631407766,9.756455659866333
-3.8829547397078548,0.14482043723611973,0.5007220176237022,-3.651275554256958,-3.4442702262548477,-2.1694143935491037,-4.098987943248137,-3.647534278744606,42.74661081634145,25.645609538899272,2.467217180816437,84.89900876239355,30.658261622116115,63.972036625611,0.11473218236952398,9.781084537506104
-3.8827981866189782,0.14475249100348284,0.5086360951641157,-3.6511190011680816,-3.4443381724874844,-2.1615003160086905,-4.188791059995322,-3.936719608418735,42.58578285717178,25.46428644715501,2.3837931103748424,84.78418735841048,30.50329815644604,64.00583954667533,-0.04884615473965237,9.805218696594238
-3.8830021114586506,0.1449811984419198,0.513396570954814,-3.651322926007754,-3.4441094650490474,-2.156739840217992,-3.892508173092934,-3.847110400554749,42.88628620337114,25.615881126381016,2.3766572936694983,84.71551637046443,30.405481686158364,64.02236098355051,0.014118296579161083,9.819406032562256
-3.88297662092333,0.14482825909478925,0.5218526947281955,-3.6512974354724332,-3.444262404396178,-2.1482837164446105,-3.8582884219625466,-4.1125812043077845,42.850120981585206,25.464801675928282,2.2796751978998837,84.59325533079655,30.23719944590352,64.05815544023788,0.08953918408188999,9.846566438674927
-3.8828579330245594,0.144746894045805,0.5256100022732058,-3.651178747573663,-3.444343769445162,-2.1445264088996003,-3.9930187652614033,-4.232419660337388,42.61549300572422,25.521865561973026,2.236427830536432,84.53874477972688,30.163654529320375,64.07468652931264,0.06419365309302805,9.85875153541565
-3.8828364063550493,0.14464942085961333,0.5341039381993964,-3.6511572209041527,-3.444441242631354,-2.1360324729734095,-3.700591420450715,-4.0934688784746855,42.8906778131507,25.806567636063363,2.153640403249143,84.41598129284293,29.993562850262578,64.10994357758447,0.07855357431711951,9.886338472366333
-3.8827067400273183,0.14436566101693374,0.537640664032862,-3.6510275545764217,-3.4447250024740335,-2.132495747139944,-3.54628932418135,-4.131572722571478,42.991066592028915,25.881189818769588,2.0846720541142267,84.36480311624285,29.924479590829463,64.12719366545085,0.09099298413486068,9.89918303489685
-3.882332061652451,0.14411822574457778,0.5445540059403472,-3.6506528762015544,-3.4449724377463897,-2.125582405232459,-3.5207241621855996,-4.284152572103467,42.94198467770891,25.874984729312242,1.9987970427394042,84.26431960127557,29.790254417694285,64.15899203708234,0.08762523346033113,9.92393684387207
-3.8822356424443547,0.14375630719448948,0.5487565697509084,-3.650556456993458,-3.445334356296478,-2.1213798414218976,-3.475894794275611,-4.286558187748333,43.1621035328586,25.590251314663004,1.916948263419692,84.20365055686548,29.707018697891705,64.1792943642629,0.03406577042831138,9.939511060714722
-3.8821349280033246,0.14367411694789609,0.5599334518241782,-3.650455742552428,-3.4454165465430715,-2.110202959348628,-3.5020027708819983,-4.6049496196747395,43.01093602548542,25.490166288050172,1.830418186166648,84.04212230865598,29.481618538240376,64.22512080417897,-0.00930129225835108,9.979107856750488
-3.8819957868490604,0.14342845662491352,0.5704354320114605,-3.650316601398164,-3.445662206866054,-2.0997009791613452,-3.4844513553053873,-4.832044302115711,43.08013645571872,25.18777388338703,1.7304475633665577,83.89045104143507,29.26962001971792,64.26953820492838,-0.005282364970963016,10.017246723175049
-3.8816795650286893,0.14297356903981107,0.577224881543727,-3.6500003795777927,-3.4461170944511563,-2.0929115296290792,-3.402776999017603,-4.759412291741439,43.30392499313998,25.082447869845712,1.6294780063245982,83.79211967164969,29.135354638082084,64.30175749901944,-0.008485767400292943,10.042053699493408
-3.8816600917991875,0.14266926262261942,0.5815892952296697,-3.649980906348291,-3.446421400868348,-2.088547115943136,-3.25758235227615,-4.646562858884408,43.51153773850666,25.147992944821564,1.5639222758882563,83.72932489685554,29.046446682728924,64.32151845547355,-0.03874814114890013,10.057100296020508
-3.8812650511356463,0.14221895338091636,0.5890373564951705,-3.6495858656847497,-3.446871710110051,-2.0810990546776353,-3.3975561901478235,-4.6873581622946405,43.32906355680231,25.23322215323783,1.4655617923141733,83.6213570249445,28.89890692055721,64.35655188525283,0.06093112107527077,10.082763671875
-3.881067208548043,0.14201439991399925,0.5933393127949157,-3.6493880230971465,-3.4470762635769683,-2.0767970983778903,-3.553388914958773,-4.837327058069564,43.32261577995372,24.8036387694455,1.4173499654808888,83.55904454930095,28.812986460188625,64.37611847802152,0.10106341744816127,10.097445249557495
-3.8809325498542706,0.142002939490653,0.601044033098083,-3.649253364403374,-3.4470877240003146,-2.069092378074723,-3.4858875204985833,-5.132332129831533,43.14718443234055,24.92343547948615,1.3777522851664357,83.44779147694616,28.65540533050313,64.40697428517417,0.09700188561112943,10.121913433074951
-3.8807108299633906,0.1417415653768518,0.6093982323291802,-3.649031644512494,-3.4473490981141155,-2.060738178843626,-3.5021749296485285,-5.499976114350029,42.80550600089414,25.08749019696195,1.305420432784856,83.32716875056092,28.485210679120062,64.44272092006901,5.675981792177595,10.148373365402222
-3.880751717995863,0.14167809123500225,0.6135246913201483,-3.649072532544966,-3.447412572255965,-2.0566117198526577,-3.5059231872277077,-5.662990427484302,42.772842095749034,24.95959649953633,1.2782364673733582,83.2679232653313,28.39889955333625,64.4589565983448,0.034303623475664846,10.161174535751343
-3.880687615437874,0.14155308871848524,0.6223473193162598,-3.6490084299869774,-3.447537574772482,-2.0477890918565462,-3.4088865478829438,-5.769525702252844,42.607863947814714,25.334306840815643,1.2235831070196905,83.14096041096664,28.215786131791813,64.49428118968997,-0.3175077723442916,10.187788963317871
-3.8806407707218846,0.14142125011218348,0.6270453809742994,-3.648961585270988,-3.447669413378784,-2.0430910301985064,-3.463482302433682,-5.8924278262330825,42.60477993616616,25.126417509264147,1.187481944156571,83.07338375427886,28.118229401664664,64.51361796814108,-0.01965046895440059,10.201715469360352
-3.8805273470149864,0.14099926943568497,0.653342678293577,-3.6488481615640898,-3.4480913940552824,-2.016793732879229,-3.8571034771726715,-6.646082781433137,42.41052488936922,24.03495415641447,1.0334931015946873,82.69576408250545,27.566253333725555,64.61746879119801,4.0436758681574885,10.280439376831055
-3.8804654091810344,0.14076748482287482,0.6618976204454194,-3.648786223730138,-3.4483231786680926,-2.0082387907273866,-4.110216033363809,-6.893475234761282,42.35542342632859,23.44956759403571,0.9762833094952219,82.57305548054423,27.385765629736994,64.65179713718254,0.06531545201423006,10.305840730667114
-3.8805396569851363,0.14089349005305862,0.666264249758327,-3.6488604715342396,-3.448197173437909,-2.003872161414479,-3.8472669350894866,-6.726663984367142,42.60237977844701,23.714774129391177,0.9746837126252057,82.51062307947585,27.29180916613277,64.66665876353429,0.0018582425072248832,10.318321466445923
-3.880452190667336,0.14112745172278487,0.6744782363075756,-3.6487730052164395,-3.4479632117681827,-1.9956581748652304,-3.4633564181651284,-6.671057118577528,42.756672927454375,24.238288502615752,0.9721807547910272,82.39268574138953,27.11749661813935,64.69579184193083,0.1849611972911709,10.342788696289062
-3.8805258475020765,0.14130416017966577,0.6795072147488607,-3.64884666205118,-3.4477865033113018,-1.9906291964239453,-3.528515601181126,-6.819953405071657,42.6679927998106,24.129743003242446,0.9738956563277094,82.32082621876165,27.00885715647487,64.7125474138341,0.10233974146473024,10.35752820968628
-3.880574474248622,0.14117601912805808,0.6874496365913452,-3.6488952887977253,-3.447914644362909,-1.982686774581461,-3.670783415838078,-7.248160592089294,42.446425658625,23.788453901891216,0.933170217986207,82.20738401075552,26.838064253845403,64.7425806008122,0.07934479084553381,10.3821120262146
-3.8809799795804394,0.141575097602193,0.6965659251772376,-3.649300794129543,-3.447515565888774,-1.9735704859955683,-3.000329621275279,-7.046342906772147,43.274108620365496,23.832263655191767,0.944240318392514,82.07797835085238,26.636504184319122,64.7703851022793,0.06931772087005639,10.409842729568481
-3.8810113795483736,0.141791400720581,0.7007582034410897,-3.649332194097477,-3.4472992627703865,-1.9693782077317161,-2.958696008077021,-6.93314056932009,43.49333615551853,23.701459174888203,0.9531320720934168,82.01809937303074,26.54549440503955,64.78371465125866,0.20294842914112765,10.4220871925354
-3.8812769962430984,0.141850631957862,0.7127648660750432,-3.649597810792202,-3.4472400315331053,-1.9573715450977627,-2.877174407566959,-6.915612868436988,43.63061600471023,23.70555083506287,0.9200390206127582,81.8474032144442,26.282312651429958,64.82518561983825,0.032092488488932425,10.459006071090698
-3.8812665026814828,0.14211432058214782,0.7207214741600805,-3.649587317230586,-3.4469763429088194,-1.9494149370127256,-2.9217374672682737,-6.84306202388644,43.782957532107226,23.51364643308839,0.9220804900642479,81.73382480495383,26.109363857175474,64.851694717401,0.07450593074525136,10.483080625534058
-3.881329442936757,0.14231272017538527,0.7249489726194026,-3.6496502574858605,-3.446777943315582,-1.9451874385534034,-2.879024496843908,-6.901404660424562,43.732047934331675,23.63392240582542,0.9287632366351444,81.67367478430137,26.016365252906176,64.8648355310699,0.17996086423447188,10.49541425704956
-3.881551394472424,0.14312226783289234,0.7463032243828127,-3.6498722090215274,-3.445968395658075,-1.9238331867899934,-2.78705347021037,-7.181255428256344,43.834889263847465,23.420397558351485,0.9427694905042623,81.37003993196758,25.545668752274057,64.9325782080293,-0.005902329053641964,10.55763554573059
-3.8816056721479106,0.14349124605119182,0.754781500220542,-3.649926486697014,-3.4455994174397757,-1.915354910952264,-2.815954906586902,-7.32127753969719,43.75122622486215,23.402127135282118,0.9526789904719252,81.24955778843821,25.358122099757978,64.9589265544441,-0.010805596106313597,10.581771612167358
-3.881594449312566,0.1438880644822649,0.7674834758295318,-3.6499152638616694,-3.4452025990087023,-1.9026529353432742,-2.644092736609194,-7.548935509915203,43.886675974558,23.2739491626796,0.9527519798868724,81.06904055813773,25.07724516197144,64.99984169566409,-0.060255064134465464,10.618369340896606
-3.881344780834197,0.14443772420866843,0.7770376601979709,-3.6496655953833006,-3.444652939282299,-1.893098750974835,-2.8091615603954287,-7.79832166429739,43.71139069747257,23.061929249518485,0.9765213750077171,80.93262926874712,24.8678498599994,65.02969484671908,0.13125842535976817,10.64612865447998
-3.881178968891212,0.14467519349915528,0.7893621528985856,-3.6494997834403153,-3.444415469991812,-1.8807742582742204,-3.0959481440386494,-7.888513604420225,43.541363828910356,22.839247307076334,0.9632901886036624,80.75745235281207,24.59496171047852,65.0707604482209,0.06807187019619088,10.682134628295898
-3.8810639065821473,0.1451694173018351,0.8016563554156252,-3.6493847211312507,-3.443921246189132,-1.8684800557571808,-3.3722792735914506,-8.321780668005363,43.42478913787813,22.131950676599473,0.9731580613362366,80.58296487557071,24.32072512772687,65.10888709895505,-0.08913554616357366,10.71837306022644
-3.880819951966169,0.14527538932691833,0.8095632005525989,-3.649140766515272,-3.443815274164049,-1.860573210620207,-3.616641319098112,-8.594083622230427,43.26437411231736,21.71904360910296,0.961299101126077,80.47042823534882,24.145791960661033,65.13593821723353,0.028490499977936956,10.742512226104736
-3.880837370427459,0.1453723097425497,0.813880965854199,-3.6491581849765624,-3.4437183537484177,-1.8562554453186069,-3.676246557391805,-8.609429557717307,43.29490281581042,21.572484713263375,0.9579219452391657,80.40944166307813,24.04823071336001,65.1494064151797,0.04480347472444679,10.755203247070312
-3.880637508468577,0.1456244136402995,0.8292375741537198,-3.6489583230176805,-3.443466249850668,-1.8408988370190862,-3.3897584804970147,-8.321057149540723,43.4493429777872,22.24400456216438,0.9391077147931784,80.19200187343003,23.703096127904534,65.1992067829851,-0.020097790611173227,10.801182746887207
-3.8804396038327034,0.14582998944843897,0.8409765869135295,-3.6487604183818068,-3.4432606740425284,-1.8291598242592766,-3.2149360480242835,-8.71944250172006,43.54315256717238,21.9847811650222,0.9264760233764042,80.02586419593956,23.438429723567506,65.23697938210043,0.03431283906182436,10.837775468826294
-3.8804626569929948,0.14549651091135948,0.8484025429288929,-3.648783471542098,-3.443594152579608,-1.821733868243913,-3.1947383029525738,-8.597191027564593,44.03979718369693,21.345253755983048,0.8801848612313289,79.92147772599041,23.268785651317334,65.26355625500148,0.03510773506162357,10.86232590675354
-3.87978377316706,0.14552347911713592,0.8605464474485144,-3.6481045877161633,-3.4435671843738316,-1.8095899637242916,-2.4982454005524133,-8.673403857946276,44.66171905459589,21.472364346091773,0.8546583861060362,79.74851725158774,22.99849293719796,65.30637747574268,0.023853179875098274,10.901817083358765
-3.8795015158576596,0.14538395319445896,0.8645959290856647,-3.647822330406763,-3.4437067102965084,-1.8055404820871412,-2.5783828135006903,-8.904501910384655,44.224625755645825,21.8401838084822,0.834535351304381,79.69075047225405,22.908736768999336,65.32212860527913,0.021779645189511587,10.914910078048706
-3.8790805738193934,0.14525666352145758,0.8720043921223776,-3.647401388368497,-3.44383399996951,-1.7981320190504284,-2.625281485379979,-9.217604389725288,43.905731550715196,21.975232569033025,0.8082570186783674,79.58537281862316,22.743003144670773,65.34918773929283,0.017867495799921418,10.938875913619995
-3.878884228534087,0.14515905319112202,0.8797764926281285,-3.6472050430831904,-3.4439316102998454,-1.7903599185446775,-2.4283176818777465,-9.553499463973385,43.98468613985739,21.822276914355612,0.7834954696577898,79.4756621080293,22.56576942786199,65.37558957454169,-0.005104152051100819,10.96328330039978
-3.878839904339309,0.1449820310023504,0.8837098969645866,-3.6471607188884123,-3.444108632488617,-1.7864265142082194,-2.319850832170665,-9.623272218330646,44.23548418909335,21.52810775446138,0.7610348917422892,79.42038341226315,22.475252297752675,65.3895868028753,-0.1150732243444712,10.97581672668457
-3.8784858887894735,0.14475803195035658,0.8917940299668518,-3.646806703338577,-3.4443326315406106,-1.7783423812059542,-2.182642629867277,-9.642858550003782,44.532780539190064,21.288533214442353,0.7270862933162424,79.30594946407474,22.291768948926403,65.41869913130986,0.049576643646598306,11.00115418434143
-3.878009598303455,0.14466545674575754,0.9049233374438147,-3.646330412852558,-3.4444252067452097,-1.7652130737289913,-1.4458298422812343,-9.829768595666799,45.069897406864044,21.480587983546492,0.6939175753311753,79.12052054199071,21.991378198316756,65.46272341640677,-0.051391808849487575,11.042322397232056
-3.877743217600296,0.14469619108447235,0.9089576795954123,-3.6460640321493996,-3.444394472406495,-1.7611787315773937,-1.4067951519659356,-9.788054701667287,45.208398214239395,21.392710621259297,0.6887198223418077,79.0631777450388,21.900122435520398,65.47641558148862,0.06839355106047007,11.054986953735352
-3.8771153757677705,0.14458301550746608,0.9175712240298802,-3.645436190316874,-3.4445076479835013,-1.7525651871429258,-0.9182035647497024,-9.694505396036268,45.45656879694221,21.948820072030987,0.6645604985994892,78.94066239637264,21.705446045963114,65.50733243055211,-0.1050734456908815,11.082348108291626
-3.8769918792096605,0.1445739149886979,0.9214315121115945,-3.645312693758764,-3.4445167485022696,-1.7487048990612115,-0.8507118401921491,-9.882835470206338,45.44319415967518,21.88285003230565,0.6566426335116419,78.88629703744867,21.61620540592875,65.5197793869948,0.0288667769274622,11.094818115234375
-3.8767539684217085,0.1446329262004048,0.9287954064680636,-3.645074782970812,-3.4444577372905627,-1.7413410047047424,-1.1837427352328627,-10.419316809996957,45.18167596233036,21.195334297982356,0.647397882443473,78.78261996924037,21.445640533067984,65.542782542534,0.0576086612689517,11.119800090789795
-3.875783506137519,0.14469072512134334,0.9400990700461423,-3.6441043206866226,-3.444399938369624,-1.7300373411266636,-1.0342409124526217,-11.128628680975837,45.263399765448455,20.577675601200262,0.6325286875398207,78.62157941349206,21.189620209539793,65.58188712446898,0.03742550543399359,11.159924507141113
-3.8759269547917365,0.14485637699744103,0.9446418796612809,-3.64424776934084,-3.4442342864935265,-1.725494531511525,-0.2193365583355446,-10.26237126345335,46.366647100189965,21.117200001162523,0.635768819812735,78.5586798571077,21.080512456556733,65.59292550588944,0.1097869520720769,11.175957679748535
-3.875424248190082,0.1453617305908839,0.9533288704044577,-3.6437450627391854,-3.4437289329000835,-1.7168075407683483,-0.3071927477715788,-10.574314811650162,46.00741428240417,21.25683069124274,0.6570776873923432,78.4357903632642,20.880031167351486,65.61725741151388,-0.16273299337163571,11.204587697982788
-3.875245562395833,0.1455034273071854,0.9563983669995447,-3.6435663769449365,-3.443587236183782,-1.7137380441732613,-0.3713101711583227,-10.731591038441566,45.94791251438345,21.09111411689173,0.6618732077772365,78.39239712569334,20.809043304019085,65.62610915777604,-0.03782958512551726,11.21557354927063
-3.875104671535518,0.1463512947375399,0.9642146927698899,-3.6434254860846216,-3.4427393687534273,-1.705921718402916,-0.2679084704613469,-11.168106414752181,45.93765339691699,20.828680874179604,0.707589530000766,78.28291616514713,20.624600100971996,65.64249491612205,-0.005240063207016643,11.241129159927368
-3.8748875679380905,0.14715434176952658,0.9719844589376395,-3.643208382487194,-3.4419363217214407,-1.6981519522351665,-0.4565420558033296,-11.335744815003318,45.89705653618233,20.458869667503137,0.7495553735811098,78.1739184843452,20.441633216340584,65.65940469044338,0.022731427427375106,11.265925645828247
-3.8752228627390544,0.14734683830695058,0.97531226387992,-3.6435436772881578,-3.441743825184017,-1.694824147292886,-0.5127461466369764,-11.435626108107202,45.937309564616385,20.20599712025173,0.7558218356946305,78.1288051395934,20.35843648021144,65.66506660951823,0.03470297437896441,11.276948690414429
-3.87438640209233,0.14805254656749184,0.9868706575300444,-3.6427072166414334,-3.4410381169234756,-1.6832657536427615,-0.5637660112513185,-11.460785750431778,45.73794284075356,20.490956952443792,0.7840067559800669,77.96521441353684,20.090499297857644,65.69706402571856,-0.037759491705457116,11.31468653678894
-3.8741725411692634,0.14868750946577958,0.9948291326048976,-3.6424933557183667,-3.4404031540251876,-1.6753072785679084,-0.5727542090269078,-11.277771798663123,45.928307969098576,20.42876609648923,0.8123305218286623,77.85392114548749,19.90153074496653,65.715272964039,0.008973069280662216,11.339679956436157
-3.8744127937334896,0.14935928407058624,1.0029255625185547,-3.642733608282593,-3.439731379420381,-1.6672108486542512,-1.0197337906278274,-11.798245882061789,45.62654630778996,19.65935639953251,0.8413829344688559,77.74243667464233,19.703924376618634,65.73037962920034,0.003861866716651008,11.364408254623413
-3.87432881082491,0.14981801995229418,1.0067127665943256,-3.6426496253740135,-3.4392726435386733,-1.6634236445784802,-1.073795741042375,-11.993026888935677,45.69152092030115,19.278518172607956,0.8648762185489434,77.68957973298922,19.613489779700032,65.73745693673561,-0.012650820407042573,11.375696420669556
-3.8740081758299825,0.1503588615543027,1.014422161571693,-3.642328990379086,-3.438731801936665,-1.6557142496011128,-0.9423451600628389,-12.211251944219496,45.539790034840344,19.537903258855838,0.8862649829326897,77.58162491825809,19.430469337280815,65.75592754739726,0.11875742964368641,11.398669958114624
-3.8739576771777022,0.15109255753650042,1.0235934883096771,-3.642278491726806,-3.437998105954467,-1.646542922863129,-0.9812602577348536,-11.883606528272876,45.555074642058976,19.86213591275655,0.91647690063192,77.45449682095422,19.208708513743815,65.77472279564881,0.11306276854760089,11.425559759140015
-3.8734820615176146,0.1515631705808465,1.0278296328613359,-3.641802876066718,-3.437527492910121,-1.6423067783114702,-0.9601682093386941,-11.934098469963347,45.191786649961585,20.438716227654407,0.9397478946941935,77.3941228556312,19.110877497392824,65.78519657557433,0.11046389359484277,11.437615156173706
-3.873606104150374,0.15235190117941685,1.035506137512753,-3.6419269186994776,-3.4367387623115504,-1.6346302736600529,-1.4473511603842109,-12.107814235021966,44.85289204725707,20.057959136014144,0.9752152342005179,77.28842930488207,18.922913035328893,65.79805459714638,0.03045582810650771,11.459580421447754
-3.8738389723326048,0.15338955803630502,1.048226290077002,-3.642159786881708,-3.4357011054546622,-1.6219101210958038,-1.675346061937748,-12.121406024205003,45.23984027311059,19.13166438093509,1.015382448161623,77.11372092394542,18.61014416893259,65.82092007156434,0.06466630201229506,11.497169494628906
-3.874113272332365,0.15376323277550363,1.0555536202648454,-3.6424340868814684,-3.4353274307154638,-1.6145827909079604,-1.3736375764726911,-11.686663946932471,45.89423099637711,19.060174894923943,1.0235305358448323,77.01382159609258,18.427898066335242,65.8347337976062,0.08362014652212135,11.519347667694092
-3.8736263860347973,0.1551326102049737,1.0763669032533603,-3.6419472005839006,-3.433958053285994,-1.5937695079194456,-2.9216390449497283,-12.638012379774395,44.30161282218655,18.212700056965335,1.0674681966611788,76.72571185757569,17.921286575321677,65.87878955046013,0.0005591017957726763,11.57973051071167
-3.87340736128488,0.15588851178489113,1.0848601237595683,-3.6417281758339834,-3.4332021517060762,-1.5852762874132378,-4.21024181727682,-13.041933911062662,43.55668332447656,16.924191699280644,1.0969721390069826,76.60820684720387,17.714007497406698,65.89483214447147,0.07031159718813207,11.604796648025513
-3.873337743967051,0.15612574048719752,1.0885292351442009,-3.6416585585161543,-3.43296492300377,-1.5816071760286052,-4.518792297175374,-13.405473846500126,43.25449520476347,16.55111670957328,1.1040423984099008,76.55760859988212,17.623978008170607,65.90225057853397,-0.10552640676852487,11.615763425827026
-3.8735991335947797,0.15704663289321705,1.0972876012108883,-3.641919948143883,-3.4320440305977504,-1.5728488099619176,-3.4240373909524684,-12.742491992184679,43.99869136084139,17.880034502468614,1.1413832017036536,76.43846027807737,17.404769558210457,65.91395001258667,0.010742004425452478,11.640678644180298
-3.873506033830959,0.15759729412894344,1.104682918815329,-3.641826848380062,-3.4314933693620238,-1.5654534923574768,-3.5197462525053655,-13.006628473382422,43.90213536143851,17.637396673410688,1.1593184854690193,76.3368274919524,17.222195735881204,65.92759029124801,-0.03607395983634909,11.662777185440063
-3.873643074218207,0.15787748250512187,1.108643208353429,-3.6419638887673105,-3.4312131809858455,-1.5614932028193769,-3.4291708177266536,-12.962607632084957,43.89182485528678,17.86610371466004,1.1675848088458711,76.28318008660483,17.122425240894717,65.93366703077037,0.06464581779674994,11.67441463470459
-3.8736009669829925,0.15822024458084868,1.1162667200686442,-3.641921781532096,-3.4308704189101187,-1.5538696911041616,-3.79120757105256,-12.895580774197438,43.6214370079531,17.821143595673238,1.1721899042517994,76.17886471028982,16.93288143356097,65.94889007358158,-0.0009425396519784357,11.697438716888428
-3.873704973706975,0.15845681029557768,1.125050543417399,-3.6420257882560785,-3.4306338531953897,-1.545085867755407,-3.8966049794845214,-13.096344818944706,43.543733755378824,17.595627164657536,1.1678102020519532,76.0594677170425,16.712348553044404,65.96642693009973,-0.06247306957237608,11.723979473114014
-3.873444072104432,0.1585948350967921,1.128688663947992,-3.6417648866535353,-3.430495828394175,-1.5414477472248138,-3.917711089840515,-13.337427409007041,43.44846495050581,17.482615905110205,1.1689151640018736,76.00883504535759,16.623820165752022,65.97534457619874,0.05739791403401373,11.735340595245361
-3.8739154192127696,0.15845643101004553,1.1374361326629487,-3.642236233761873,-3.430634232480922,-1.5327002785098574,-4.443626024288034,-13.689337936369334,43.40861233432512,16.32882431509661,1.1422477479269841,75.8917412552151,16.399519217495786,65.99296800739734,0.010121447498509184,11.762108325958252
-3.8738344808263228,0.15874329916626448,1.1490233036834239,-3.642155295375426,-3.430347364324703,-1.5211131074893822,-4.130857103596055,-13.033589641889977,43.996202467329624,16.592263947372913,1.135896103785367,75.73388123059406,16.108850260065655,66.01678798045201,-0.015482994887243251,11.797457456588745
-3.8737628319617268,0.1585033234499081,1.1576640380162972,-3.64208364651083,-3.4305873400410594,-1.5124723731565086,-4.127410763786128,-12.68003051893233,44.0743570010803,16.865906563864186,1.1054275593642398,75.61643326774535,15.891041021160412,66.03804001095736,0.01726611491223906,11.823076963424683
-3.873454247878133,0.15854005321563905,1.161803995141046,-3.6417750624272363,-3.4305506102753283,-1.50833241603176,-4.34119115051245,-12.82503598841636,43.607589525058906,17.170819047873515,1.1000968698796663,75.55904058022843,15.78922952897782,66.04875719379388,-0.022596145347384855,11.83450984954834
-3.872987893790788,0.15848201219068048,1.1704803986200578,-3.641308708339891,-3.430608651300287,-1.499656012552748,-4.331437463500421,-13.258900000401468,42.915070014653196,17.914855805130316,1.0811609207888826,75.43962514850244,15.573557020552538,66.07088735609824,0.0194856170800346,11.85975432395935
-3.873072186773686,0.15815168034139748,1.1780188052175338,-3.6413930013227893,-3.43093898314957,-1.4921176059552723,-4.711075903746887,-13.811393743314651,42.65805554459507,17.15442019927366,1.0485034940329196,75.33807891746883,15.380816765083095,66.08880915908713,0.015348664681330781,11.881927013397217
-3.8726795885630194,0.15748875429707035,1.18902784588937,-3.641000403112123,-3.431601909193897,-1.481108565283436,-5.494388341764374,-14.655164412604993,42.510627890016096,15.277794139756399,0.9925726753369057,75.18788758569349,15.103047291303863,66.11964634586617,0.009560962445069876,11.916115522384644
-3.8721271125785695,0.15724412856870032,1.196542633620966,-3.640447927127673,-3.431846534922267,-1.47359377755184,-5.037810072293204,-14.354144189792185,42.643254960488335,16.153103322970487,0.96695059336038,75.08422895573817,14.915734327155713,66.14069536422926,-0.0507663515266632,11.937823295593262
-3.871929497309013,0.15655557678466137,1.2046158674536636,-3.640250311858116,-3.432535086706306,-1.4655205437191423,-5.086093805965324,-14.321193403150103,42.48301511628284,16.390836514035144,0.9160028218623505,74.97474549170413,14.709804859504061,66.16382371850888,-0.05490019132013657,11.961791515350342
-3.8716574058584916,0.15600049478201986,1.2093665910757627,-3.639978220407595,-3.4330901687089477,-1.4607698200970431,-4.705253693613953,-14.516921569381104,42.397209100939776,16.948696154599762,0.878524984137459,74.90975301752147,14.589545860889986,66.17964052888809,0.03195357200181714,11.975516557693481
-3.871746470605336,0.15536412066635324,1.216582076685007,-3.6400672851544393,-3.433726542824614,-1.453554334487799,-4.379027666645988,-14.468111628751204,42.59947768995666,17.20529589188136,0.8325262883950186,74.81317464300503,14.40237291242644,66.19827085592189,-0.03748319317758764,11.997703790664673
-3.871181464965264,0.1545289073358611,1.2239984748301405,-3.6395022795143674,-3.434561756155106,-1.4461379363426654,-4.47562643393717,-14.534842170148519,42.255424409289624,17.54109782706154,0.7773003293463041,74.71125614002004,14.215069338148957,66.22330279432853,0.02932757254445839,12.02055025100708
-3.8708076523667003,0.15308468030642663,1.2356968278286082,-3.6391284669158037,-3.4360059831845406,-1.4344395833441979,-4.281798359141559,-14.704024841099047,42.16990326280234,17.812016363307077,0.6841724445903655,74.5528860765653,13.913899797246044,66.2597590109627,0.05180520167745506,12.05595588684082
-3.8705526832432855,0.15222093554152025,1.243274604922949,-3.638873497792389,-3.436869727949447,-1.4268618062498568,-3.9802384889974665,-15.23355285887053,42.23975606461169,17.624122595146094,0.6286994192683211,74.4503395025091,13.718422330665907,66.28257978824449,0.06684739056864064,12.080520629882812
-3.8703227628657735,0.1505642943753595,1.2550954843010476,-3.638643577414877,-3.438526369115608,-1.4150409268717583,-4.598497911663728,-15.215901327695207,42.202039823390024,16.791264905181443,0.5273508338174939,74.29133794164932,13.41057519715185,66.31907264552659,0.047129861491754355,12.117862701416016
-3.8698574844740756,0.14957458503959525,1.2626787539349285,-3.638178299023179,-3.4395160784513723,-1.4074576572378774,-4.3918215116596055,-15.373697119964824,42.35679230119622,16.727100477373092,0.4677467207788684,74.1880496531737,13.215279787754072,66.34383692958274,0.11391219589441892,12.141918897628784
-3.8698751866983803,0.14896956243484846,1.2667218350335165,-3.6381960012474837,-3.440121101056119,-1.4034145761392893,-4.362311644721628,-15.547694151474122,42.25393447016488,16.75291584648711,0.43189670553271137,74.13418913616024,13.108581006723517,66.35569157948322,0.008763570168404122,12.154166221618652
-3.869424257379569,0.14754293139917138,1.2746999205575955,-3.6377450719286726,-3.441547732091796,-1.3954364906152104,-4.652125222382146,-16.151550244809687,41.823727824467205,16.36502609700826,0.35080843835368475,74.02588198609115,12.90126743376992,66.38426003324584,0.042771554447283755,12.181597709655762
-3.8695626817498865,0.1471883588048013,1.2788312951483118,-3.63788349629899,-3.441902304686166,-1.391305116024494,-4.590216103103477,-15.971924287082148,42.080469332310386,16.25951353577465,0.32821123341495395,73.9714177640913,12.791316458353071,66.39313434832154,0.143802390685714,12.194117784500122
-3.868970617283061,0.1459505020672826,1.2888681892399707,-3.6372914318321645,-3.4431401614236847,-1.3812682219328354,-3.602461881186476,-15.395195691647768,42.689563272549506,17.427187255623586,0.2564889221296874,73.83516981375854,12.53060140282554,66.42412827658107,0.049834124360915055,12.225233316421509
-3.8688928655709462,0.14535126288359365,1.2937046095795566,-3.6372136801200496,-3.443739400607374,-1.3764318015932493,-3.2844670035443992,-15.319505951544134,42.76410326825246,17.86592442178107,0.22191321240113174,73.77049421119585,12.402970166052276,66.43745076198232,0.10845106938506888,12.240383386611938
-3.8689889964512334,0.14380899573045833,1.3053525800834733,-3.637309811000337,-3.445281667760509,-1.3647838310893328,-3.159191531019808,-15.581747882404,43.348511367460134,16.932424780672385,0.13446475896260385,73.6161744898852,12.092373828352407,66.46790161907734,0.12618321415891565,12.278526544570923
-3.868351389494463,0.14259105195376456,1.3186554690644519,-3.6366722040435664,-3.446499611537203,-1.351480942108354,-3.5341949767482177,-16.137900834767194,42.92165673741398,16.47560071948282,0.06457225632611438,73.43681977818174,11.743448834946502,66.50288638551488,0.12413257217517781,12.318577766418457
-3.8682067386921175,0.14194065478384837,1.3272201927523346,-3.636527553241221,-3.447150008707119,-1.3429162184204715,-3.345410170588459,-16.010778512855786,42.960174404954216,16.837628003765396,0.026523970007760234,73.32270468288695,11.516281277863023,66.52199714655521,0.11493721335939622,12.34452748298645
-3.8681371436651015,0.1417295254393943,1.3311747410136592,-3.636457958214205,-3.447361138051573,-1.3389616701591467,-3.1136976972224355,-16.097141011064398,42.86032603234797,17.235617216609295,0.013480650111565904,73.27004441558762,11.41143218061285,66.53000268623967,0.00019281590483632982,12.356759548187256
-3.86840448813763,0.14119043795643177,1.336401791019131,-3.636725302686733,-3.4479002255345357,-1.3337346201536748,-3.141956747230137,-16.081409101733207,43.16293307512203,16.77462859391744,-0.016755579553144367,73.20213993577435,11.269356380339518,66.5400070324875,0.034989088934841206,12.37315821647644
-3.8681723134706787,0.14040468278458496,1.3445104299261588,-3.636493128019782,-3.4486859807063825,-1.325625981246647,-3.4162232405656243,-16.135947024599968,43.80637967711185,15.357177917609944,-0.059727557055211065,73.09394776862648,11.053673457464427,66.55956797205978,0.12938930162689033,12.400295734405518
-3.8680233482288275,0.1401368865119944,1.3496770612192517,-3.636344162777931,-3.448953776978973,-1.3204593499535544,-3.312590238700384,-16.26659811815657,44.150109619678524,14.866131655157075,-0.07566126187368832,73.02506082225703,10.916526587416392,66.56998096337978,0.04683569002636023,12.418727397918701
-3.868080630833359,0.13973457956492794,1.3538092610094763,-3.6364014453824622,-3.4493560839260393,-1.3163271501633298,-3.1053653608979173,-16.060360945287293,44.342653858548,15.09496502942863,-0.09754263503024686,72.97082181377725,10.804957012674372,66.57848314093361,0.021230979514196946,12.433588981628418
-3.867695092986523,0.1396687123541094,1.3614187858035054,-3.636015907535626,-3.449421951136858,-1.3087176253693007,-2.4859771389061396,-16.446940124533924,43.99607939812658,16.195941357625983,-0.1047271473994747,72.86874218667539,10.604426244324182,66.59199093549547,0.13890939664674118,12.461015939712524
-3.8675638827706673,0.13955022629159958,1.364637759828209,-3.6358846973197707,-3.4495404371993676,-1.3054986513445972,-2.2088766613233624,-16.515628837867386,44.04903703646553,16.460443758421608,-0.11206947273885616,72.82574266085606,10.519035206223252,66.59814131140033,0.13714225685532178,12.474386930465698
-3.867487998914492,0.13957884027825412,1.3707962633728,-3.6358088134635955,-3.4495118232127133,-1.299340147800006,-2.070926602219234,-16.818575132811524,43.83016325355682,16.67913649235051,-0.1142650621249724,72.74434332192406,10.354794641941496,66.60640841778992,0.13353939099706658,12.49877643585205
-3.8672200212975745,0.13972133866548253,1.3773175916703866,-3.635540835846678,-3.449369324825485,-1.2928188195024193,-1.7676139532794328,-16.880457377000432,44.04671752896435,16.75711278738293,-0.11104119047996312,72.65735407118669,10.182279045382543,66.61543717068578,0.14845599402825194,12.526180982589722
-3.8672226484340273,0.1396865250201212,1.3798255178207621,-3.6355434629831307,-3.4494041384708463,-1.2903108933520437,-1.6125858799044155,-16.978379181475123,44.03684254005734,16.89243223043693,-0.11414890753307795,72.62441911726201,10.114886117164486,66.61881977444676,0.0484852292681941,12.53846788406372
-3.866954108084375,0.13993319151707903,1.384874079071598,-3.6352749226334784,-3.4491574719738884,-1.2852623321012078,-1.4865767400815477,-17.098533632781184,44.001554324329405,17.01007201999756,-0.10524152875659143,72.55686808721275,9.981858616259672,66.62495948931075,0.10641449034407824,12.562466144561768
-3.8668963169607142,0.14015620089542005,1.3874285716738584,-3.6352171315098176,-3.448934462595547,-1.2827078394989475,-1.5067818750400768,-17.19481740015682,44.16642275541294,16.667874571045097,-0.09632190398804655,72.523072085247,9.914176094177789,66.62664559062009,0.09539286367394428,12.574719905853271
-3.867093338534215,0.14061537839971816,1.3922105038951602,-3.6354141530833184,-3.4484752850912495,-1.2779259072776459,-1.8487682859618573,-17.267988705280555,44.55184396770708,15.580239100320842,-0.07824193267768056,72.46128166991959,9.78533280292612,66.62713669621316,0.1438333718335869,12.600950002670288
-3.8667611889784754,0.14080749617423033,1.394278017047026,-3.635082003527579,-3.448283167316737,-1.27585839412578,-1.8838802308917402,-17.14590475405272,44.43096822613685,15.835184553717555,-0.0701554464416909,72.432610375681,9.732538937169057,66.6304421554109,-0.049795814375672265,12.613486766815186
-3.867077709417158,0.14126730356145195,1.3984470914324318,-3.6353985239662614,-3.4478233599295156,-1.271689319740374,-1.7964738816416745,-16.773664585552098,44.87526805578424,15.689840215329331,-0.0520349745354641,72.37948182728708,9.619236469426308,66.62919303555172,0.13034323232528422,12.638288736343384
-3.866511390570663,0.14189284276382935,1.4028262060539642,-3.6348322051197663,-3.447197820727138,-1.2673102051188416,-1.8204464749275147,-16.486924827408618,44.76724603417459,16.122735808849907,-0.025300052931842662,72.31945053321391,9.506820136101897,66.63325501409142,0.005486257647923765,12.665839433670044
-3.8664060414770764,0.14220738904603314,1.404355070732318,-3.63472685602618,-3.4468832744449345,-1.2657813404404878,-2.0325333421996845,-16.572173755217868,44.669389484745444,15.87780024262731,-0.011744465139478884,72.29893338309022,9.467147320833028,66.6331848117204,0.004394276732058167,12.67875051498413
-3.8663271051505608,0.14268000413815102,1.4077491595793066,-3.634647919699664,-3.4464106593528165,-1.2623872515934995,-2.178437760632809,-16.675206766327026,44.43960827017129,15.911510178319476,0.0077097229791972845,72.25414505207517,9.377383685629024,66.633698895449,0.10061843979017482,12.70355749130249
-3.8660602163808044,0.14298189411459403,1.4096365354601192,-3.634381030929908,-3.4461087693763734,-1.2604998757126866,-2.1605108347502537,-16.563495129638333,44.420350395434376,16.088384540821615,0.020583165090118836,72.22818385214798,9.329089544520226,66.63529039043368,0.08997915257066502,12.716726064682007
-3.8657128456078893,0.14392749478653466,1.4146580589994207,-3.6340336601569927,-3.4451631687044326,-1.2554783521733852,-2.0718668908133466,-16.282396157609867,44.195165790320615,16.850692491831943,0.06058829783986368,72.16085992251956,9.198377952724666,66.63560324152832,0.020766868788395065,12.762093305587769
-3.865923997238952,0.14475299693252705,1.4154184270968866,-3.6342448117880553,-3.4443376665584404,-1.2547179840759195,-2.264249776577839,-16.432375020004766,44.572538865712794,15.872081879046275,0.0971854491279573,72.15189100225025,9.1785569526583,66.62809340920873,0.10414317112291815,12.774474382400513
-3.865114312479768,0.14534955156546628,1.4176362874595076,-3.6334351270288714,-3.443741111925501,-1.2525001237132984,-1.8833665853998842,-16.787705317302752,44.40857820029312,16.340602559219498,0.12371221054492208,72.1190139853059,9.125744496713557,66.63158037307194,0.0510030456340429,12.799654722213745
-3.865020397772352,0.14573590411187493,1.418741304002149,-3.6333412123214552,-3.4433547593790923,-1.251395107170657,-2.130424239694786,-16.829324949265132,44.37101092679905,16.004864812476352,0.14048435637947954,72.10411003325615,9.097541098378297,66.63028807467367,0.050105048283693776,12.814675092697144
-3.8645713571839644,0.1464598716193103,1.420803629920162,-3.6328921717330678,-3.442630791871657,-1.249332781252644,-1.887174926397875,-16.8095817113358,44.240397788545536,16.58014935296312,0.17222767149834123,72.0749818779731,9.046761164157642,66.62986690909331,0.09071662807348879,12.842247247695923
-3.8649242152101406,0.14691881540272875,1.4224084875694407,-3.633245029759244,-3.442171848088239,-1.2477279236033654,-2.5544775164373306,-17.185634227613583,44.48274246393028,14.88747198405549,0.19115263370968416,72.05569805692113,9.002195701918902,66.62517802400805,0.1644376881048215,12.870717525482178
-3.8634712061969934,0.14673585846973966,1.424037787773461,-3.6317920207460967,-3.442354805021228,-1.246098623399345,-2.778032331524028,-16.020114633118993,43.56175862225446,17.097943735445735,0.18365454915543364,72.02746942956384,8.967467235014656,66.6391619316837,0.16394886466911185,12.888762474060059
-3.864173755124256,0.14741898616880914,1.4245268998319114,-3.6324945696733595,-3.4416716773221583,-1.2456095113408947,-2.587019976450026,-16.24471312278931,43.68617343684052,16.962129387542078,0.2130245718487235,72.02441201880123,8.95130761213317,66.62885543598547,0.083257334438823,12.903247117996216
-3.8648474123220837,0.14795180028535912,1.424798071881702,-3.633168226871187,-3.4411388632056084,-1.245338339291104,-2.6204437627332497,-16.722522733920215,44.32406215054966,15.495606679665848,0.23583215555412226,72.02406862357088,8.940848570209226,66.61976836099265,0.07318284255112761,12.917773008346558
-3.8639885379540635,0.1483472018574733,1.4259363905968598,-3.632309352503167,-3.440743461633494,-1.2442000205759463,-2.583401316869619,-17.052617360656242,44.25574282065573,15.35019592896611,0.25386919490185056,72.0050518948952,8.916901471935674,66.62407643956755,0.04428585055386769,12.947261095046997
-3.8635895691065887,0.14845049575300678,1.4264728315949524,-3.631910383655692,-3.4406401677379606,-1.2436635795778535,-2.5651029952240103,-16.870750361612167,44.193003527170745,15.657780550473769,0.2586168054342052,71.99612428562395,8.905348506084279,66.6267447738512,0.05337463255995534,12.962585687637329
-3.8633720040220005,0.1485159139472632,1.4271040622159226,-3.631692818571104,-3.4405747495437042,-1.2430323489568835,-2.4974064919162218,-17.078066432552287,43.88984084734169,15.997512330960712,0.261321272615605,71.98683791327473,8.88990328392325,66.62847492864961,0.03424144831311793,12.97529935836792
-3.8632437518085094,0.1488050414922858,1.4278141016605241,-3.631564566357613,-3.4402856219986817,-1.242322309512282,-2.536045917106705,-17.196018597567704,43.70724917488734,16.093015688484723,0.27387442316420074,71.97693240120287,8.872320388615375,66.62778547388879,0.03365079458064635,13.001360177993774
-3.863253400151879,0.14866536549538395,1.4282949565456255,-3.6315742147009824,-3.4404252979955836,-1.2418414546271805,-2.6800138473487096,-17.028835382793762,43.7674894518803,15.965227794704504,0.2671736443289738,71.97072356457286,8.858862705826297,66.62935469822425,0.0334643290511103,13.016808271408081
-3.862447661209713,0.14889888206210353,1.4287455568150076,-3.6307684757588166,-3.440191781428864,-1.2413908543577983,-3.805396962064872,-17.63850553808304,43.99221526858752,13.376540640445587,0.2783963391778658,71.96093708447013,8.85269758637219,66.63388401139002,0.07544872192330487,13.061905860900879
-3.8623340534997883,0.14889625604064777,1.4289646621641516,-3.6306548680488917,-3.4401944074503197,-1.2411717490086545,-3.6443361139069927,-17.791582390726028,43.79828213304678,13.777931653893583,0.27824735808841283,71.9575321529965,8.847518634182778,66.63497415427486,0.07534826524740623,13.076791048049927
-3.862220457758095,0.14868967382456622,1.4291768710477455,-3.6305412723071986,-3.440400989666401,-1.2409595401250606,-4.267425163181649,-18.32152882593258,43.56265407944557,12.689720942482252,0.26895634139720465,71.95423771092855,8.841976898409202,66.6377312594522,0.09416237525936122,13.101744890213013
-3.861387675656094,0.14788904387713295,1.4312246919995282,-3.6297084902051973,-3.4412016196138344,-1.2389117191732777,-3.6056781670196907,-16.583934554109398,42.737312516346975,16.58853898980739,0.2325064621263431,71.92359252345838,8.78989870573904,66.65258064078694,-0.3566932112217662,13.155186176300049
-3.861874233833058,0.14775220212416912,1.4314917899184163,-3.6301950483821614,-3.441338461366798,-1.2386446212543896,-3.674314697223944,-16.212652427061094,43.01907804753273,16.43973279226681,0.22547286034555744,71.92247578980839,8.77903282260256,66.65035808091665,0.07477521081314897,13.180204629898071
-3.8617363774885423,0.14746117284447688,1.431605924995671,-3.6300571920376457,-3.4416294906464904,-1.2385304861771351,-3.9820599710568407,-16.039379680158525,43.14672041589339,15.960621439568023,0.2125430790059711,71.92034715196436,8.776072669370397,66.65388670617017,0.07494498121439008,13.193113803863525
-3.8619592919560644,0.1473850641177973,1.4320853186911342,-3.6302801065051677,-3.44170559937317,-1.2380510924816719,-4.116998598263472,-17.142653776759655,42.866273585400414,15.086093664003632,0.20843143945040543,71.91518339544635,8.761378932852885,66.65333956743274,0.055897882028214774,13.219040155410767
-3.8619339413000753,0.14704704755613338,1.4325637535681062,-3.6302547558491787,-3.442043615934834,-1.2375726576047,-3.5492314584403384,-17.933215565468135,42.89226420111837,15.103166287426436,0.1929557433717091,71.90885388935114,8.747658726931936,66.65678474907386,0.06993570625498169,13.257819414138794
-3.8624183519853488,0.1462600433424813,1.432989453024423,-3.630739166534452,-3.442830620148486,-1.237146958148383,-3.95163034343046,-18.18339761548362,43.08141716405165,13.991486013623584,0.15673666642771963,71.90571086552025,8.730747735066348,66.66006825221365,0.004441819823555626,13.298850536346436
-3.862412653741178,0.1455265708864777,1.433907741333004,-3.6307334682902814,-3.4435640926044897,-1.236228669839802,-3.487355679994412,-17.60978268222079,43.032832838881305,15.280969095885139,0.1232544161160732,71.89376977811372,8.703884465650155,66.66704827219057,-0.03780639554034959,13.338654279708862
-3.862822343415299,0.14452637807934549,1.4344144127414413,-3.6311431579644022,-3.444564285411622,-1.2357219984313648,-4.220413614563795,-17.496953695550317,43.475170585038306,13.620059896103687,0.07761606762171332,71.88921213319739,8.6846895004415,66.67270929647849,-0.009345403782826445,13.37883973121643
-3.862804805327634,0.14417032834311455,1.4347316690038068,-3.6311256198767374,-3.444920335147853,-1.235404742168999,-3.854472209547383,-17.662339812968593,43.25253883474131,14.351470898825037,0.06151209003359179,71.88501358144632,8.675227045786032,66.6760751758191,-0.056195050192866525,13.392618179321289
-3.8630540349186258,0.14357965395158995,1.4348248765319025,-3.631374849467729,-3.4455110095393775,-1.2353115346409036,-3.6730057576128003,-17.828823311896958,43.043916105179186,14.753159332216374,0.034715274113862014,71.88503420359541,8.66943061919974,66.67915597939314,0.028559337841862487,13.417314291000366
-3.863020929178199,0.14326031264226674,1.4351155843433019,-3.6313417437273023,-3.4458303508487007,-1.2350208268295042,-3.333187934568028,-17.80721865671224,43.113909480763866,15.1596794481354,0.02030538087546188,71.8811014097664,8.660889462623999,66.6823088583599,0.028620743900528822,13.442755460739136
-3.8631668363173546,0.14295216658307283,1.4353758134102579,-3.631487650866458,-3.4461384969078948,-1.2347605977625482,-3.0015616043224655,-17.970159027453693,43.194594429596876,15.351105401269411,0.006169599769506883,71.87843073370043,8.65201653718299,66.68400748146135,0.02865054582584925,13.45568037033081
-3.863118033604209,0.14185290275607595,1.4359086722288597,-3.631438848153312,-3.4472377607348914,-1.2342277389439464,-2.572681148668777,-17.61255136752216,42.90796653976949,16.677017997403922,-0.043166811156343986,71.87129086636259,8.63486899944979,66.69390576082782,0.11357325891991632,13.492442607879639
-3.8641349757531636,0.13074838510507267,1.4274928301707255,-3.632455790302267,-3.458342278385895,-1.2426435810020804,-4.641069231027106,-15.878148697832499,43.47626113354335,14.31156524728318,-0.5382688309612861,71.98555176982505,8.826433215276056,66.76870649496631,-0.0522147936934374,13.905487298965454
-3.8638730439725353,0.1300833589470579,1.42579497367915,-3.6321938585216387,-3.4590073045439094,-1.244341437493656,-4.4643777263929705,-15.425545589557272,43.76725328195581,14.562638677792403,-0.5674155019907043,72.00637752112107,8.872520292140738,66.7743366857678,0.13228794084299178,13.918500661849976
-3.8621898952765705,0.12777295788474097,1.4217841778597227,-3.630510709825674,-3.4613177056062265,-1.2483522333130834,-4.778462780535045,-15.558916812587395,43.43253948883795,14.465019856781575,-0.6684084848372631,72.05039582768539,8.986683088933377,66.80151424283872,0.11788944779431176,13.958464860916138
-3.860432753750263,0.1249077116329873,1.4168761120718902,-3.6287535682993663,-3.46418295185798,-1.2532602991009159,-4.727811053011811,-15.668805753540555,43.12146215288842,14.9404424045556,-0.7950130308181655,72.10572347985809,9.12447156612881,66.83270611105205,0.17949245760569266,13.99864673614502
-3.859872774038821,0.12404895868215934,1.4151624594731187,-3.628193588587924,-3.465041704808808,-1.2549739516996874,-4.441977415697181,-15.048458414728048,43.14043305345994,15.988240126969407,-0.8330979821450311,72.12532175785609,9.172644176305234,66.84201056035114,0.02640364347149493,14.013563632965088
-3.8585342956717903,0.12175072715275076,1.4108695644444293,-3.6268551102208937,-3.4673399363382167,-1.2592668467283765,-4.616509187422698,-15.005416899331554,43.641990325844844,14.917416525461652,-0.935737035458064,72.17471455957967,9.292602735201838,66.86596712379064,-0.03014420167026355,14.043054819107056
-3.8575447756920345,0.12075275546492638,1.4089237447036367,-3.625865590241138,-3.468337908026041,-1.2612126664691692,-4.392226149605438,-14.984728359756312,43.077200666001175,16.229239932772494,-0.9799314637164848,72.19528591065443,9.349810390556037,66.87927101832344,-0.028068818299461284,14.055770635604858
-3.854986334935647,0.11647911536687924,1.4018181076717222,-3.6233071494847504,-3.472611548124088,-1.2683183035010837,-4.317599086171115,-15.001632985058947,43.15830652704531,16.18915992851397,-1.1728694410689617,72.27534544360921,9.550085673691727,66.9249735693697,0.050076578272991945,14.10010838508606
-3.853862596566132,0.11531254449868657,1.3990428405951767,-3.6221834111152353,-3.4737781189922807,-1.2710935705776294,-3.9143008573958884,-15.257724677075565,43.71499371935622,15.689223823261852,-1.2255392788742705,72.30614683129738,9.630619096052252,66.93956949456182,0.05278959891923396,14.11561393737793
-3.851751778240133,0.11266046913079475,1.394658688815368,-3.6200725927892363,-3.4764301943601725,-1.275477722357438,-4.288565828606353,-15.94577475165409,42.865671391205154,15.746707411817793,-1.3460105877059525,72.3530268513357,9.758353359230954,66.97160696359127,0.010804888238319599,14.140682935714722
-3.849915393436516,0.10972856164866693,1.3899085415420833,-3.6182362079856194,-3.4793621018423004,-1.2802278696307228,-4.125298350972837,-15.89182457787808,42.950480967298326,15.913381180654321,-1.4808596719946931,72.40594892800675,9.89364472417145,67.00332729134071,-0.11059483810893234,14.167417049407959
-3.8451631726443347,0.10339467736497106,1.3798493915183347,-3.613483987193438,-3.485695986125996,-1.2902870196544713,-3.779106347491516,-15.811972125856943,43.12910593309871,16.24700835745205,-1.7743004652781933,72.51388013960673,10.18705305781035,67.0774363411414,-0.05689307102078267,14.219775199890137
-3.8418314057850806,0.09852416555389144,1.3719196366304116,-3.610152220334184,-3.490566497937076,-1.2982167745423945,-3.6195688575130736,-15.83342827848036,43.527571060661586,15.852146181955014,-2.0038203257752856,72.6009592214601,10.416524223145256,67.13135410593654,0.0551886814257152,14.259113788604736
-3.8372345949226485,0.0930310394982187,1.36404956336101,-3.605555409471752,-3.496059623992749,-1.306086847811796,-3.6278012273289817,-15.914328324320444,43.24289632982157,16.19997000232937,-2.2635984458331033,72.68099306938026,10.653287790621306,67.1993336018334,0.135141239152329,14.297975063323975
-3.8362701448074232,0.0912247313723799,1.361244279979374,-3.6045909593565266,-3.4978659321185877,-1.308892131193432,-3.6919400632193953,-15.689106845904737,43.60452762744723,15.764715196169181,-2.350859300025993,72.71274704630903,10.733142009007215,67.21726765865499,0.01160558300558634,14.311995029449463
-3.833263441627392,0.08735631627771975,1.3554961090337043,-3.6015842561764955,-3.501734347213248,-1.3146403021391015,-3.286792769358621,-15.568704142082941,44.28304268847717,15.455284278392641,-2.537206293093079,72.77287016778857,10.904609036713783,67.26280504127224,0.027799841822611526,14.337947368621826
-3.8279474591867135,0.08136038318688851,1.3466051253805311,-3.596268273735817,-3.507730280304079,-1.3235312857922747,-3.212876568060345,-15.643471841502913,44.01929815945926,15.921535460629356,-2.828346383152849,72.86269184210667,11.176064160375116,67.33780532582173,0.019746584079058493,14.378563642501831
-3.826263299927596,0.07885342408055793,1.3434259628345475,-3.5945841144766995,-3.5102372394104093,-1.3267104483382586,-3.196028953064458,-15.634585416708784,43.943981183644745,16.067993861933843,-2.9512145968052823,72.89557008827155,11.270940282454566,67.36583451840845,0.061311140939840136,14.39391803741455
-3.822729569893306,0.0743336626927752,1.3372399121730942,-3.5910503844424095,-3.514757000798192,-1.3328964989997116,-3.259273008501556,-15.60672582249413,43.92775068696429,16.0229724324543,-3.1743923499139837,72.95851391466067,11.45890192183189,67.41916490598206,0.040820317034163445,14.422099113464355
-3.820919283149485,0.07219139540127574,1.3341797693222888,-3.5892400976985885,-3.5168992680896918,-1.3359566418505173,-3.088416456175288,-15.35016867427187,43.79909172124074,16.743546248673567,-3.2809875494459546,72.98940233473077,11.552843271413781,67.44515038872821,0.011718826183492403,14.435951709747314
-3.815898962160996,0.06525549069795077,1.3250255247731033,-3.5842197767100994,-3.523835172793017,-1.3451108863997028,-2.7860054329209856,-16.073046960488167,43.888470984252,16.32452153267317,-3.6293065015113277,73.08312361902226,11.830497119130834,67.52385179126088,-0.009663572095248263,14.478492498397827
-3.8138386720232633,0.06304809162206529,1.3221789112223021,-3.5821594865723667,-3.526042571868902,-1.347957499950504,-3.2038076375396325,-16.080889453354754,43.61913369585056,16.100501757055547,-3.740299675114201,73.109867872116,11.921154598993507,67.55227445527167,-0.04347023369125047,14.491078615188599
-3.810708114581023,0.05886306023358576,1.317156461047679,-3.5790289291301263,-3.530227603257382,-1.3529799501251272,-2.873467337164147,-14.532427905222924,43.76145369334896,17.96155463176771,-3.9524177059567833,73.15907561728102,12.076744657056134,67.60091529761102,0.06170710904810939,14.515796422958374
-3.807241862354378,0.0550091292916899,1.3115696438033777,-3.5755626769034814,-3.5340815341992773,-1.3585667673694282,-3.1999922268575585,-15.460388417863241,43.667115968511354,16.660926792437426,-4.151005068285267,73.2145168750482,12.251945910075316,67.64824062597296,0.0685477487240913,14.540652990341187
-3.8059046228102957,0.052552788080426655,1.3083459276492486,-3.574225437359399,-3.5365378754105405,-1.3617904835235575,-3.742445171788687,-15.974528423545118,43.74898157052377,15.16924114855262,-4.278992487638034,73.24931348438545,12.347201238485793,67.67246414867752,0.06310155830386943,14.554369688034058
-3.803304739429083,0.0483530360630028,1.302831613958642,-3.571625553978187,-3.5407376274279647,-1.367304797214164,-3.3953554239364263,-15.713209584238498,44.56802900792096,14.656267078107259,-4.498839799346433,73.30731052244417,12.513144545593988,67.71600607677586,0.06991636779356547,14.578354358673096
-3.797669871615185,0.04176394467701702,1.2949382181797553,-3.5659906861642883,-3.5473267188139506,-1.3751981929930506,-2.6930320477182534,-15.654723009424616,44.42213208067374,16.062245041080175,-4.842373214277399,73.38073542498827,12.767004893550743,67.79657762842723,0.08057276501976407,14.615494966506958
-3.792249493555276,0.03542636333318207,1.2876475951154749,-3.5605703081043796,-3.5536643001577852,-1.3824888160573312,-2.4864880014508484,-15.85034669542318,43.63712790756828,17.345446711970375,-5.175734916489639,73.44701864256618,13.004225257789066,67.87416191490391,0.1094188220538026,14.653903484344482
-3.7888287499069735,0.03129756109481975,1.28220077284529,-3.557149564456077,-3.5577931023961478,-1.3879356383275159,-2.5857819616402717,-16.022755371638368,43.623803270330846,17.045243458344615,-5.397977733010038,73.49997681760547,13.177848700654629,67.9224143103108,0.1726690080931057,14.678475379943848
-3.787429109033368,0.028773012814551954,1.2797171207187237,-3.5557499235824714,-3.5603176506764154,-1.3904192904540824,-2.683088042922611,-15.69268725147908,44.00743580617487,16.66013882425911,-5.532556787312597,73.52400649335719,13.254576590020893,67.94830866886656,0.1762381161192459,14.691557884216309
-3.7835813914318175,0.024322399863664967,1.274271546071395,-3.551902205980921,-3.5647682636273026,-1.395864865101411,-2.0289795027043542,-15.688818660283864,44.49569369397734,16.91289761211155,-5.773272293941851,73.57438614969176,13.4323200704395,68.00192229125463,0.07561418415858823,14.719038963317871
-3.781202850820137,0.021842868496628032,1.2713098987737923,-3.5495236653692404,-3.5672477949943393,-1.3988265123990138,-2.1104370008807707,-15.694725470448716,44.382415583591,16.959416428293693,-5.907539596533135,73.60034603024229,13.531784474378426,68.03353813721773,-0.03759839396598297,14.734624862670898
-3.7774431177644567,0.017602545425947497,1.2662134788933774,-3.54576393231356,-3.57148811806502,-1.4039229322794287,-1.4263074683384875,-15.822485061141723,44.263178799312335,17.98860501868805,-6.139325360785896,73.64646656013923,13.700473688905902,68.08513997439334,0.15229863900195673,14.758581638336182
-3.7720291700773503,0.010495466179726243,1.257525882864373,-3.5403499846264537,-3.578595197311241,-1.412610528308433,-1.5052362172457507,-15.662771261963778,44.5505929590592,17.619221371340444,-6.53442526674652,73.7294634030113,13.980388344093944,68.16442590285585,0.07929306275741066,14.800830602645874
-3.770342118113311,0.008143017596437152,1.2548830099404396,-3.5386629326624144,-3.5809476458945304,-1.4152534012323665,-1.7217778030973585,-15.698433176265905,44.64780186898212,17.12148859476346,-6.665391990172109,73.75415425781415,14.065901393098567,68.19023702586419,0.20959519448649022,14.814348936080933
-3.7670551019051657,0.004312017453100836,1.250045451125985,-3.535375916454269,-3.584778646037867,-1.4200909600468208,-0.9694792182393114,-15.48698060649636,45.256816486558634,17.54536455369504,-6.881751212135162,73.79908289611645,14.225514894154937,68.23500536660104,-0.02801296644973794,14.838468790054321
-3.765315643890682,0.002373982057650853,1.2475680640452698,-3.5336364584397852,-3.5867166814333165,-1.4225683471275363,-0.8259388241645975,-15.018107928517008,45.4735815349794,17.92138093836091,-6.991863432920691,73.82183290960948,14.308031688705594,68.2580790619856,-0.024754369855412683,14.851048469543457
-3.7614856828726677,-0.0020686641029712405,1.2420103737088715,-3.529806497421771,-3.591159327593939,-1.4281260374639346,-0.8659176361044065,-15.059902534977404,45.46393035992286,17.831765181280563,-7.245528773719376,73.87292776453776,14.492807627273326,68.30989516402427,-0.022088718259252182,14.880569696426392
-3.7596242122840353,-0.00401006241910748,1.2395206911051786,-3.5279450268331387,-3.593100725910075,-1.4306157200676275,-0.965465024830214,-15.262622833865853,45.23635115788102,17.81253579730132,-7.357090770634043,73.8951921104365,14.577301221970256,68.33369760162908,0.0703583307802349,14.892345428466797
-3.756307199034067,-0.00796041832309119,1.2343082156643006,-3.5246280135831705,-3.5970510818140586,-1.4358281955085055,-1.1701634479301182,-15.78890899781005,44.938718715235076,17.403376830542022,-7.587274138307335,73.94452002246328,14.749186708887043,68.37826175768343,-0.016797203854649112,14.917197942733765
-3.750702642590375,-0.013838213756518891,1.2263512652570858,-3.519023457139478,-3.602928877247486,-1.4437851459157203,-1.084603008778233,-15.793075292780927,44.9867163982184,17.45697399159777,-7.933377222765602,74.01743110181279,15.018241220533431,68.4485902287202,-0.06285191446926275,14.95646357536316
-3.745545881963027,-0.019963358418588623,1.2175121143042786,-3.51386669651213,-3.609054021909556,-1.4526242968685272,-1.0647035912529141,-15.47810313577036,45.21529379658011,17.464701847356977,-8.303908837716493,74.10367498865915,15.308575928522203,68.51521305323814,0.16847424919344212,14.998197078704834
-3.7438487209725535,-0.021890162121182,1.2147117729926715,-3.512169535521657,-3.6109808256121494,-1.4554246381801346,-1.0215457685181248,-15.466650482689106,45.248015922257075,17.489105947809243,-8.421568495028886,74.13067886578779,15.401503802795895,68.53654725754048,0.09684101963096081,15.010864973068237
-3.7402022735504477,-0.025181847137109525,1.2093086288868893,-3.508523088099551,-3.614272510628077,-1.4608277822859166,-0.8340800455290334,-15.261927210021568,45.317873191781835,17.877902443731834,-8.626818742813205,74.18191373097102,15.58560861377425,68.57685806495014,0.17366062857181985,15.037666082382202
-3.738250773940859,-0.026895498675407525,1.2065083792588478,-3.506571588489962,-3.615986162166375,-1.4636280319139583,-0.7092549591494562,-15.535226625950662,45.10204232130443,18.089859855638096,-8.734199816381492,74.20815253475297,15.681870470537582,68.59816723493947,0.040962694917416886,15.050400733947754
-3.735473590183636,-0.030135488233789143,1.2015539772820287,-3.5037944047327394,-3.6192261517247566,-1.4685824338907774,-0.6451283339428918,-15.506235490062751,45.27773622765715,17.953582344342,-8.93783805892111,74.25709217243579,15.845277069993474,68.63250242430131,0.04217317977666468,15.076775074005127
-3.7300070968676207,-0.03562912399512083,1.1930049788488377,-3.498327911416724,-3.624719787486088,-1.4771314323239684,-1.2045779838365365,-15.209396257813799,45.32097869235398,17.379350594821624,-9.286585066095034,74.33856348388288,16.13538366949947,68.69539911794831,0.029028118636159395,15.114475965499878
-3.7251419556258156,-0.04052129976685773,1.1848520006346397,-3.493462770174919,-3.629611963257825,-1.4852844105381662,-1.271118103852272,-14.59753044595229,45.698149375701284,17.334146839404223,-9.6058068084521,74.41837269721593,16.410013413621638,68.74963335251742,0.07606699864556576,15.154897451400757
-3.7198053187601308,-0.04503871367507656,1.1771264300819655,-3.488126133309234,-3.634129377166044,-1.4930099810908404,-1.0849689151040747,-14.852116117119454,45.49247533887971,17.678608198333684,-9.904400348996273,74.49091928550705,16.67923874016389,68.80483396937817,0.07113182654102923,15.199583530426025
-3.7178591481899783,-0.047422109026041354,1.1733925972834585,-3.4861799627390817,-3.6365127725170088,-1.4967438138893476,-0.7705703552745549,-15.112209035519882,45.291660791805356,18.15916235519813,-10.06229542531472,74.52823228798312,16.80264862760084,68.82839339562514,0.07550383383302561,15.213285684585571
-3.715265966460934,-0.050306407604580494,1.1685861604599679,-3.483586781010038,-3.639397071095548,-1.501550250712838,-0.6131025729395766,-15.171699779485744,45.52125705871983,17.98507318124381,-10.256793515762071,74.57624882402231,16.962965063864335,68.85775439666328,0.08103297102188112,15.237677574157715
-3.713656142397141,-0.05200040757790808,1.1657131887115049,-3.4819769569462444,-3.6410910710688755,-1.5044232224613012,-0.7901188770372626,-15.075293425090246,45.59403973824927,17.715014322240616,-10.37203467076711,74.60472746410193,17.059637489343007,68.8754141928625,-0.06580099884091695,15.250278949737549
-3.710680710358189,-0.055046439318010204,1.160783299284852,-3.4790015249072925,-3.6441371028089775,-1.509353111887954,-0.9262571053006304,-14.438326091295185,45.53652282877784,18.255733726091492,-10.578262761149952,74.65225250971159,17.228022496808606,68.90818530453141,0.04324224955845013,15.277231454849243
-3.7070698648006752,-0.059220071092236176,1.153847883644568,-3.4753906793497786,-3.6483107345832035,-1.5162885275282378,-0.7058971161371849,-14.65665714690344,46.049823780187175,17.570501771536463,-10.86636958437735,74.72175983333882,17.459236805025174,68.9490089938216,-0.07548400464008465,15.314007759094238
-3.7043062349613103,-0.06232176646062518,1.1490640534624785,-3.4726270495104137,-3.6514124299515927,-1.5210723577103273,-1.0075419460735275,-14.866146482303291,45.638764723084904,17.510319668927615,-11.07879397951979,74.76781873162797,17.621962773580723,68.98064712147308,-0.06976712088145298,15.339773416519165
-3.7026914681571723,-0.06398194561688875,1.1459777485477947,-3.4710122827062757,-3.653072609107856,-1.5241586626250112,-1.1825158256897699,-14.781807869884773,45.619829762329395,17.35604397008906,-11.198220008258405,74.79913078399238,17.725547040425287,68.99710287478139,0.03685972458921283,15.355183362960815
-3.7001510429978204,-0.06699781214811837,1.1415435033121661,-3.4684718575469238,-3.656088475639086,-1.5285929078606397,-1.1156493393826843,-14.513654203951159,45.56556079213216,17.80681204246236,-11.405478669033206,74.84138384315693,17.876523409609916,69.02712148049766,-0.0656615072699398,15.380170822143555
-3.698845068194648,-0.06853039453731671,1.1393541321657747,-3.4671658827437515,-3.657621058028284,-1.5307822790070313,-1.1787339574948645,-14.030519461853999,45.49078661563214,18.325069424561995,-11.510681590021722,74.8618605918614,17.951737003124013,69.04259302585595,0.02149627043051039,15.39277195930481
-3.6964486666473766,-0.07165961720145889,1.1349180146179005,-3.46476948119648,-3.6607502806924264,-1.5352183965549053,-1.139944767777038,-13.43622307934789,45.71823192219353,18.648080303497228,-11.72689741964952,74.90427160547556,18.10147728514166,69.07224473588253,-0.010612814800815329,15.417596101760864
-3.6949894425566523,-0.07320343748222752,1.1326230828876955,-3.4633102571057557,-3.662294100973195,-1.5375133282851106,-1.2253049625790127,-13.520681436315611,45.599814893477536,18.605986629322558,-11.834692473820812,74.92543007642921,18.181669518431416,69.08849062745428,0.12357797057769337,15.430390119552612
-3.6930262794125683,-0.07595074049126627,1.128634993715242,-3.4613470939616717,-3.665041403982234,-1.541501417457564,-1.7100681585059725,-14.33539765970417,45.27084397282225,17.48884779222709,-12.02788628310601,74.96440782316431,18.314512300484733,69.11308098981495,0.1283536932025866,15.451848268508911
-3.690338931861712,-0.07937336291331099,1.1238702929030926,-3.4586597464108153,-3.6684640264042785,-1.5462661182697133,-1.567215120760145,-14.43705863914199,45.26771453364362,17.59152354433831,-12.267502313915335,75.00895180481655,18.477408099201188,69.14580898090807,0.11548965160785896,15.480196475982666
-3.688928771770622,-0.08117269742865163,1.1220047332460434,-3.4572495863197252,-3.670263360919619,-1.5481316779267624,-1.906520464066632,-14.229138660230287,44.91878686551732,17.816494530569866,-12.386872112135057,75.02342901666283,18.545159203034515,69.16467853113065,0.2026702922143353,15.49245023727417
-3.686840566865298,-0.0843653932137296,1.1179046356021276,-3.4551613814144013,-3.6734560567046968,-1.5522317755706783,-1.9458778040680462,-13.972865234644967,45.0124803820772,17.85556848236631,-12.609740571763368,75.06175390107691,18.682942670299145,69.19298068909603,-0.08303984051144786,15.516284704208374
-3.683794979318277,-0.08917555108670086,1.1119643496583747,-3.4521157938673803,-3.6782662145776683,-1.5581720615144312,-1.899711942545155,-13.94938138265213,45.12900364024752,17.733586694959243,-12.945666539450368,75.1163346283793,18.88312314110754,69.23532821322779,0.04188738525017399,15.552897691726685
-3.6814883124059974,-0.09318376335732098,1.1073016374563025,-3.449809126955101,-3.6822744268482883,-1.5628347737165036,-2.304300033003574,-13.863235515987803,45.24800056107881,16.951578617905948,-13.224986288628902,75.1585281059885,19.039467155986504,69.26958947804586,-0.031751013025527186,15.579694747924805
-3.6786205157037917,-0.09734224707497241,1.102800436437379,-3.446941330252895,-3.68643291056594,-1.5673359747354272,-1.6197150179194775,-13.556594830115099,45.57830399364998,17.819018597760845,-13.51153914723199,75.19532718895839,19.198319515103556,69.30923436897467,0.03554015351820494,15.610230207443237
-3.676232361652608,-0.10114110834265036,1.0988407570548357,-3.4445531762017114,-3.6902317718336177,-1.5712956541179701,-1.713041759997657,-13.432659764007974,45.707188441987476,17.56407618969056,-13.773591159899075,75.22756484291189,19.33669544524064,69.34410874089225,0.050517328733154176,15.635568618774414
-3.6725745764663458,-0.10740237068716502,1.0922279928139123,-3.440895391015449,-3.6964930341781326,-1.5779084183588936,-1.27180055313581,-13.2507109448278,46.26003337044355,17.520936368286062,-14.210772909702412,75.28255118356617,19.564479355020786,69.39908543056721,-0.015368256677288361,15.67720079421997
-3.6688219344312407,-0.11338920515097095,1.0863820403455566,-3.437142748980344,-3.7024798686419382,-1.5837543708272492,-0.49785299955689627,-12.800679592144181,46.98149446568885,18.0418934981203,-14.625566809817087,75.32678290394975,19.772777488170103,69.45448105081589,-0.039632105708127696,15.713929653167725
-3.665293544781399,-0.11971931572789463,1.080246396002213,-3.433614359330502,-3.708809979218862,-1.589890015170593,-0.1983325208179987,-12.682673628576657,47.46328997043017,17.808664152278475,-15.06839887707687,75.3740907393676,19.98707195084408,69.50977975669367,0.08187557681717417,15.752503395080566
-3.6627152182061895,-0.1240479564825343,1.0764403163478495,-3.431036032755293,-3.7131386199735017,-1.5936960948249563,-0.08207292101782859,-12.832386796177257,47.4193936037324,17.880720267975708,-15.367263472843607,75.39991638235448,20.125163738034217,69.54971644591376,-0.024814124205466026,15.777296543121338
-3.6608883758415574,-0.12633784421399274,1.0743247950788688,-3.4292091903906607,-3.71542850770496,-1.5958116160939373,0.3293528620834387,-12.469195060296146,47.37682584764333,19.0025506269153,-15.526409082994173,75.41291238948969,20.207135710979248,69.5736907719492,-0.04494165322287236,15.790080308914185
-3.6582811750188187,-0.13101897657331818,1.0693868526511934,-3.426601989567922,-3.7201096400642855,-1.6007495585216127,0.39004286683219935,-12.386812530518888,47.51120543050324,18.928721427816313,-15.865468415811286,75.45244377751084,20.378059729120828,69.61286300175134,0.09793384491478108,15.817776918411255
-3.657160136977907,-0.13352460110610037,1.067273945763925,-3.4254809515270104,-3.7226152645970676,-1.602862465408881,0.5212493784904851,-12.469046666950298,47.79596407258459,18.562762296341827,-16.040319529655537,75.46722479949345,20.451228175452076,69.63346436642337,0.08711047132518734,15.830540895462036
-3.652957078134752,-0.14078773346709061,1.06066312442525,-3.421277892683855,-3.729878396958058,-1.6094732867475559,1.217606690143334,-12.143399590300822,48.401915158803256,19.001605219108818,-16.55547231386253,75.51215448928393,20.689963475168284,69.69802347319882,0.18625956377374164,15.869562864303589
-3.649679317656193,-0.14537689038203866,1.0564938584108083,-3.418000132205296,-3.734467553873006,-1.6136425527619975,1.6318493451990455,-12.31696493407535,48.35651883457364,19.52185837928492,-16.8816621722259,75.53732140781968,20.8492638127954,69.74291138014364,0.131779121934688,15.894909858703613
-3.6453948404042724,-0.1526934167452655,1.0499415751009775,-3.413715654953376,-3.7417840802362328,-1.6201948360718286,2.273592959810384,-12.009313043643198,49.03862734528377,19.73272386043653,-17.406218057646488,75.57923336722077,21.089217101178377,69.80791056615811,0.0714301145981735,15.934814453125
-3.643656887008068,-0.1554754211994131,1.0470284443768483,-3.4119777015571713,-3.7445660846903803,-1.6231079667959578,2.3994595222751993,-11.97312565824272,49.40298981253981,19.365578651503018,-17.613966673953513,75.60028188630497,21.19411123355037,69.83191893347922,0.11305578348365364,15.950026035308838
-3.640169972178278,-0.16059719030466663,1.042515637728751,-3.4084907867273815,-3.749687853795634,-1.6276207734440549,2.627180568520617,-12.159882463587246,49.44669688826779,19.421102889787765,-17.982659677043078,75.62566407506712,21.367456613309727,69.88062129366321,0.08734265707552247,15.977176427841187
-3.638905979582802,-0.16299793758081715,1.0402774283008829,-3.407226794131905,-3.7520886010717844,-1.629858982871923,2.6551526537801013,-12.167618230200658,49.66891958644327,19.07557951181175,-18.159394647594535,75.64062367475296,21.44743246821083,69.9004343750725,0.17978022639747282,15.991003274917603
-3.6358172954031063,-0.16782031128383157,1.036292514819194,-3.4041381099522097,-3.756910974774799,-1.6338438963536122,2.8619300528161644,-12.28033803571016,49.829568995375865,18.990621025600408,-18.50506644333854,75.66097508659672,21.601354094663037,69.94551742553163,0.05021422871902059,16.016035079956055
-3.633706552079583,-0.17044735942207384,1.034001439984864,-3.402027366628687,-3.7595380229130413,-1.6361349711879418,2.8497720101032376,-12.221952880079442,49.98135761353701,18.77493649197841,-18.695212780271355,75.67175257465507,21.694630176433186,69.97254213542733,0.18532915478903744,16.03083825111389
-3.6305288984188775,-0.17486877635842107,1.030450210485331,-3.398849712967981,-3.7639594398493883,-1.6396862006874748,3.1304714576788606,-11.562154687569402,50.0975276940008,19.74074470178856,-19.011594294658288,75.68692798341114,21.838312919434436,70.01632631329073,0.11626715030068846,16.05560064315796
-3.6249579911399783,-0.18267108683977556,1.0242746331980777,-3.3932788056890817,-3.771761750330743,-1.6458617779747284,3.596871035885755,-11.489842284749987,50.46018927878056,19.939701180858698,-19.57133828266698,75.71164881447378,22.08995930831798,70.09327341312797,0.1080336093012284,16.097950220108032
-3.6212837619774723,-0.1875501114329992,1.0202331077814462,-3.3896045765265757,-3.7766407749239668,-1.64990330339136,3.8802242289110147,-11.698518915336946,50.66040000504417,19.813365490039008,-19.926432965558007,75.72817027618956,22.255834401906373,70.14184883443782,0.18047099463730332,16.124391794204712
-3.6197753310618253,-0.18992088633799992,1.0183909533827133,-3.3880961456109286,-3.7790115498289674,-1.6517454577900925,3.9164581646796273,-11.57355777552799,50.99413160547551,19.44923176418477,-20.097828260864457,75.73549147656483,22.329345354425303,70.1639050377499,0.1835911506229917,16.13709855079651
-3.6178408896713945,-0.19229484649249973,1.016426097893901,-3.386161704220498,-3.7813855099834672,-1.653710313278905,4.13246598403979,-11.406935121794831,51.39047748090427,19.323119273709285,-20.271127258056868,75.74260841771945,22.412425118607608,70.18842909316315,0.21038245319188675,16.15002179145813
-3.6135190928484127,-0.1974358421423158,1.0123581442080387,-3.381839907397516,-3.786526505633283,-1.6577782669647674,4.483216019186303,-11.136908494837591,51.20527052729898,20.48038443508791,-20.643426968753147,75.75449966847017,22.58945722439329,70.24291262247505,-0.08273830702532381,16.177634716033936
-3.6113681680157543,-0.19988293228207848,1.01016621128081,-3.3796889825648577,-3.788973595773046,-1.6599701998919958,4.656843937407235,-11.142435421771,51.48690765963813,20.2894545430359,-20.82636013678708,75.76309199774657,22.682599286546704,70.26852973419332,0.12259130598791135,16.190328359603882
-3.60806750866635,-0.20479337956389665,1.0063742911066536,-3.3763883232154535,-3.793884043054864,-1.6637621200661523,5.020509492543277,-11.453249725392364,51.68915472432787,20.16508960224233,-21.1844889662968,75.77581363945505,22.83834245976385,70.31497084311918,0.2370071915826384,16.21553087234497
-3.6054618446454882,-0.20748265826586532,1.003732753589941,-3.3737826591945916,-3.7965733217568327,-1.666403657582865,4.8900275332968715,-11.93566211529221,51.648608101456475,19.47879629143772,-21.3913575534292,75.78701975755415,22.95137707610808,70.34377372378351,0.0018808394009033336,16.230841398239136
-3.6014175034316938,-0.21271346262292257,0.9996874185923573,-3.369738317980797,-3.8018041261138897,-1.6704489925804487,5.372696090552381,-11.66162093556917,51.92290082710152,20.083629589378415,-21.77405681207875,75.79760782392081,23.12610433532527,70.3964701718991,0.07936482397430122,16.257194757461548
-3.5997067155740483,-0.2148965917206056,0.9977563965066566,-3.3680275301231517,-3.803987255211573,-1.6723800146661494,5.6313851930137675,-11.820214547080806,52.09007873175878,20.03906609554433,-21.939613647082446,75.80508258253212,23.20649186550719,70.41770045048065,0.11532179625899097,16.269885778427124
-3.5956192494401256,-0.21982945705502688,0.9938340225925751,-3.363940063989229,-3.808920120545994,-1.6763023885802308,5.376352093143636,-11.930974404540406,51.812593463498786,19.927657421766632,-22.304276217087388,75.81463862043454,23.379301436170326,70.46856842670334,0.12686958582234054,16.29501700401306
-3.59330086407965,-0.2227252277400259,0.9912306718141236,-3.3616216786287536,-3.811815891230993,-1.6789057393586824,5.446952239005299,-12.128101013551492,52.00494708504706,19.50122382541827,-22.526175791216826,75.82444598487743,23.488471761636024,70.49671539655722,-0.0050195539927013755,16.31005883216858
-3.588683619716103,-0.22768200221426288,0.9871510363584485,-3.3570044342652063,-3.8167726657052303,-1.6829853748143575,6.013706104852044,-11.849847499079907,52.45284380658922,19.9779101701333,-22.896767009426068,75.83298052097119,23.674752738284337,70.55042727336053,0.11472374590227474,16.336536407470703
-3.586760922945138,-0.23011887689866256,0.9850619053572333,-3.3550817374942414,-3.81920954038963,-1.6850745058155727,6.454212224772378,-11.898769038401106,52.789635597196465,20.071224623848003,-23.08245444181495,75.83954415738386,23.763877764733373,70.57411330929173,0.14162547152795302,16.34954595565796
-3.582571150904595,-0.2352534618436658,0.9808474081072424,-3.3508919654536986,-3.8243441253346333,-1.6892890030655636,6.583271263790177,-11.652774400662729,53.05745501444342,20.095790294676043,-23.47005465489099,75.84980849606625,23.948942690950442,70.62545543662281,0.1488178729379528,16.37625527381897
-3.5804035956046647,-0.23760268180376948,0.9788975029661576,-3.348724410153768,-3.826693345294737,-1.6912389082066484,6.815437995017444,-11.740191718681814,53.3820196312074,19.843170099980444,-23.64772952027389,75.85356913557489,24.03825298679007,70.65046956721919,0.1522058188786115,16.389115571975708
-3.576452784408053,-0.24244776716703142,0.9752345630975766,-3.3447735989571563,-3.8315384306579987,-1.6949018480752294,7.053520934135474,-11.763038016047858,53.61759607492067,19.794997107778173,-24.007765772668666,75.85819102732614,24.204947650593862,70.69973626519719,0.15881054385784354,16.414350271224976
-3.5719705168529394,-0.24751152720551473,0.9712246951074491,-3.340291331402043,-3.8366021906964822,-1.6989117160653568,7.7270728094864305,-12.030987969587851,53.95599300405301,20.003865609717234,-24.388784833949376,75.86346943865937,24.390467862318836,70.75270798985818,0.16593861808736632,16.441579341888428
-3.56925148518705,-0.25044225014244254,0.9691329611467302,-3.3375722997361534,-3.83953291363341,-1.7010034500260758,7.697761574144367,-12.00953779811739,53.98836577607644,19.92151266052443,-24.60370417218358,75.86263679431421,24.493578566241712,70.78494929064595,0.06206400481099994,16.456787824630737
-3.5670087338819694,-0.25322074783438736,0.967159022912159,-3.3353295484310728,-3.8423114113253547,-1.702977388260647,7.89599364057075,-12.427333303842474,54.01607543503971,19.712646354562114,-24.80847821612846,75.86292457050662,24.58619549698457,70.81324987204052,0.009469831286321284,16.47184157371521
-3.562553291700042,-0.25858208271161087,0.9634766252602075,-3.330874106249146,-3.847672746202578,-1.7066597859125985,7.916722952358899,-12.390425965984214,54.025923094708126,19.74233272487492,-25.200721123757788,75.8607528289665,24.763886358646253,70.86901875818238,0.058819367844397785,16.499522924423218
-3.560092063101377,-0.2613231073346783,0.9618561611581987,-3.3284128776504804,-3.8504137708256456,-1.7082802500146073,8.245529358151291,-12.323884968567263,54.093822881657,20.203555638948583,-25.394171027421642,75.85509708342812,24.850391155152476,70.89966030977384,0.062372770038601644,16.513779163360596
-3.556411240259704,-0.2664290224362362,0.9586717512800677,-3.3247320548088073,-3.8555196859272036,-1.7114646598927383,8.661727647229615,-12.338821223926152,54.639014124142676,19.956556875612915,-25.761887139042887,75.85008841290609,25.00278467088483,70.94996218352607,0.06877766540056651,16.541150093078613
-3.5535676859347642,-0.26969602907062473,0.9566301464355317,-3.3218885004838676,-3.8587866925615923,-1.7135062647372743,8.568204958605303,-12.18675977657474,54.799048112034946,19.718097708655144,-25.996139356065978,75.84462601649133,25.108413497548916,70.9852849827291,0.1762649300344603,16.558584928512573
-3.5516621236072607,-0.27198970267612765,0.9552477135284202,-3.3199829381563637,-3.861080366167095,-1.7148886976443858,8.683934171419201,-12.249578324778426,54.942437753613106,19.594950623152414,-26.159605495414,75.84033884513167,25.179875942650767,71.00963160147542,0.18389270324171259,16.570661306381226
-3.5478793714285373,-0.2767271851954067,0.9525962072397648,-3.3162001859776407,-3.865817848686374,-1.7175402039330412,8.864303073005772,-11.811409258705442,55.141419102779345,20.02167937082899,-26.492334071417144,75.82901178091133,25.31967308929324,71.05957905752548,0.18978626523908648,16.594852447509766
-3.538403950844003,-0.288849929330393,0.9457113802236777,-3.3067247653931062,-3.8779405928213606,-1.7244250309491282,9.124435203590826,-12.142267081744837,55.56595480831633,19.327438790487097,-27.34797954578112,75.79999956540011,25.679775017795794,71.1850057855856,0.1767025658485868,16.658353328704834
-3.5367329537404757,-0.2912176378335916,0.9444165947888173,-3.305053768289579,-3.880308301324559,-1.7257198163839886,9.10166002389693,-12.246206436397246,55.6473490218179,19.0309229211,-27.51433258179702,75.79403652662268,25.746226509819948,71.20840507591366,0.1185605387124844,16.67078185081482
-3.533216431113557,-0.2959676278884247,0.9419615460451677,-3.3015372456626606,-3.885058291379392,-1.7281748651276383,9.507422402379925,-11.80527725300589,55.668954066867954,20.089727475035854,-27.84352726998265,75.77913024580798,25.878495568619083,71.25689395389381,0.07733661742601194,16.69562602043152
-3.530272049068493,-0.29994381687732086,0.9396571126837504,-3.2985928636175963,-3.8890344803682884,-1.7304792984890556,9.429937904883852,-11.861685104642492,55.668062155645586,19.879925729988233,-28.12632846474179,75.76959713082762,25.99685674665705,71.29639693390214,0.14793122264853587,16.71610426902771
-3.5286475846303276,-0.3024691236690841,0.9383504052139205,-3.296968399179431,-3.8915597871600514,-1.7317860059588854,9.630793109968042,-11.834757979920349,55.592413786006325,20.3183020402279,-28.30212075117074,75.76229472017158,26.063687773030235,71.32044366726115,0.15087245763104162,16.728645086288452
-3.524877073545273,-0.3078314057367538,0.9351778822664601,-3.2931978880943764,-3.8969220692277213,-1.7349585289063458,9.887541745279657,-12.224860244317108,55.7586729667792,19.986451559350005,-28.686197881775477,75.75028053024043,26.222833750095763,71.37190207960758,0.10115809400009379,16.756455659866333
-3.522759761571435,-0.31059689089488585,0.9336597147886984,-3.291080576120538,-3.8996875543858533,-1.7364766963841076,9.93701820893445,-12.146542269113402,55.68265881022151,20.24551065524373,-28.88031239741508,75.7415551651552,26.304626193884317,71.39997735525853,0.13269780545051102,16.76985192298889
-3.5192224809039354,-0.3157652485703921,0.9312476057640745,-3.287543295453039,-3.9048559120613593,-1.7388888054087315,9.689988056241999,-11.922282637197183,55.61648825208158,20.17757211956075,-29.231482418674638,75.72092854467532,26.43873985113084,71.45128998192587,0.007267945054838965,16.794503211975098
-3.513785218397395,-0.3233297772789494,0.9268505942997959,-3.2821060329464986,-3.9124204407699166,-1.74328581687301,9.206648918306024,-11.398322389570806,55.43314716373686,20.230935412652844,-29.770717387563288,75.7000571394467,26.665587554970006,71.52430243011455,0.17137898098608062,16.833231925964355
-3.508885251715971,-0.33095923757736917,0.9224848331187322,-3.2772060662650744,-3.9200499010683365,-1.7476515780540738,9.495595963788205,-11.475620573613806,55.34697001797697,20.6601620241251,-30.31427179657333,75.67923673545592,26.883934428089372,71.59404475458415,0.2321000365144532,16.871870756149292
-3.5049579520141583,-0.3368049384471463,0.9194000877079916,-3.273278766563261,-3.9258956019381137,-1.7507363234648143,9.440359144371776,-11.844693144864717,55.11674754107183,20.469510040117886,-30.72194377878053,75.65828603980418,27.047490671587237,71.64944672256978,0.009093453726596756,16.899806022644043
-3.5032918902612256,-0.33927045252722243,0.9180347439959881,-3.271612704810329,-3.92836111601819,-1.752101667176818,9.281883719294665,-11.969931195928414,55.00659527422943,20.236731656614452,-30.895819090177234,75.65002577519715,27.118738613504025,71.67254943428888,0.05895685157656594,16.911720037460327
-3.4998893016140027,-0.34481910437500585,0.9154215155616053,-3.268210116163106,-3.9339097678659734,-1.7547148956112006,8.791155360920419,-11.762503214289453,54.74073744892476,20.067883402980367,-31.273268276492004,75.62641720500615,27.260281358007106,71.72407501192983,0.10742118794496802,16.937914609909058
-3.4976864453268663,-0.34796195229772364,0.9135589786244661,-3.2660072598759697,-3.937052615788691,-1.7565774325483399,8.736867833684075,-11.278329677702535,54.7386159885273,20.496559368231413,-31.498369872399575,75.61657190571094,27.35660056126345,71.75337456279411,0.0033624102981022475,16.954660654067993
-3.4923589205371917,-0.3553711094042337,0.9100882734597103,-3.260679735086295,-3.944461772895201,-1.7600481377130957,8.551183742122282,-10.863699267279669,54.171973530150744,21.495688198256214,-31.99832092420255,75.58001104227058,27.560204077549553,71.82694765649482,0.12456068911579177,16.991080284118652
-3.489279753421587,-0.36032757313789,0.9072896490532149,-3.2576005679706905,-3.9494182366288575,-1.7628467621195911,8.805444147802996,-11.03831874716977,54.523238237579875,21.100478989761815,-32.34944207289648,75.56308754028615,27.70255109775645,71.87083742603338,0.013114872974278935,17.01848840713501
-3.487322032252056,-0.36276263603782233,0.906290403311297,-3.2556428468011593,-3.9518532995287896,-1.763846007861509,8.688166885145202,-11.031068079762974,54.38698851168332,21.12353001264396,-32.508018274847615,75.54786888366255,27.769551193074275,71.89681798898441,0.01593181904794383,17.03075098991394
-3.4843116133952132,-0.36714007193362186,0.9040246460931439,-3.2526324279443166,-3.9562307354245894,-1.766111765079662,8.622211054662019,-10.998009460329182,54.14897416133088,21.386364801338036,-32.80995682433216,75.52837207323046,27.895104056022706,71.9381521706433,0.021081189815014945,17.054306507110596
-3.479350466158709,-0.3740894411987835,0.9005567085780185,-3.2476712807078125,-3.963180104689751,-1.7695797025947875,8.897692323284947,-11.034337079277103,54.483052821850904,21.199440276217466,-33.28373839243617,75.49414586651481,28.094837921113445,72.00526463960365,0.010478118104135792,17.093066930770874
-3.475965967495628,-0.3788439578585242,0.8986088020881114,-3.2442867820447314,-3.9679346213494915,-1.7715276090846945,8.75299115206497,-11.229562966505629,54.271497254042494,21.046089353807755,-33.59285390958359,75.46475337187763,28.21960469057955,72.05279250785725,0.1471831669717938,17.118335008621216
-3.471365908813547,-0.38555859283516203,0.8957343799029324,-3.2396867233626505,-3.9746492563261295,-1.7744020312698736,8.99522617402722,-11.305710237364229,54.232870877708386,21.329190004444552,-34.033064588326376,75.42479264314142,28.3971029806878,72.11802540863205,0.018660325455368998,17.157118320465088
-3.4693759968987035,-0.3878106036004644,0.8948311480990195,-3.237696811447807,-3.976901267091432,-1.7753052630737864,9.045467207641662,-11.289431540574151,54.14274940498373,21.545520437518512,-34.176942535299126,75.4085203733019,28.463173035050268,72.14298098130145,0.13861073213117914,17.170039415359497
-3.466500839472382,-0.3922345823822546,0.8931220618646832,-3.2348216540214856,-3.9813252458732222,-1.7770143493081227,8.70118134205691,-11.500843727519712,54.16397029095021,20.72274704046083,-34.45998944161959,75.37980694780984,28.572727433838008,72.18559036358747,0.15748713321858743,17.194469928741455
-3.461645918366685,-0.3982350131471941,0.8906888963384613,-3.2299667329157886,-3.9873256766381617,-1.7794475148343447,8.240443721471351,-10.64312763245321,53.674393200835524,21.691809010578588,-34.8439555015354,75.33763793306974,28.74284222410799,72.24882725232136,0.09403741802388144,17.231923818588257
-3.458574813438407,-0.40224979969959984,0.8888962696781871,-3.2268956279875103,-3.9913404631905673,-1.7812401414946188,7.710388249939405,-10.640880287205947,53.39976854002176,21.27075825187679,-35.10656263509483,75.31183706303823,28.858808221035677,72.28916550380269,0.14561841327493985,17.25684094429016
-3.4569510062911917,-0.40444648019137586,0.8882326876019634,-3.2252718208402946,-3.9935371436823432,-1.7819037235708426,7.66466997862302,-10.418433392115393,53.15087800993706,21.821996539508447,-35.23896211636621,75.29383388952857,28.912091209887553,72.31224491749086,0.22303448800092918,17.26923179626465
-3.4534661396237536,-0.4089777337545616,0.8859999791690195,-3.221786954172857,-3.998068397245529,-1.7841364320037865,7.6576731081152145,-10.674156116539159,53.00121286857767,21.71393340763397,-35.541829623286915,75.26665613553857,29.05025966614007,72.35679353327454,0.1017459143943058,17.29771661758423
-3.4519218825391507,-0.4113115935781181,0.8849975459130862,-3.220242697088254,-4.000402257069085,-1.7851388652597198,7.584520873031394,-10.672519062471505,52.903089503409625,21.732161434614632,-35.693098404570364,75.25171092911462,29.112655238712914,72.3787537269872,0.11372713683661306,17.313152551651
-3.4473950615808087,-0.4173010889153297,0.882383864594433,-3.215715876129912,-4.006391752406297,-1.787752546578373,7.095206982700981,-10.512293749655024,52.32648215951504,21.999867979286886,-36.080250103493945,75.21094712246664,29.28510978787007,72.43837301576428,0.2473017207224073,17.350813388824463
-3.44456010363532,-0.4209349613582176,0.8803575692456042,-3.2128809181844233,-4.010025624849185,-1.7897788419272018,6.910953213077118,-10.07731693004609,52.26196279615514,22.285011279915015,-36.33029456754075,75.19094857304226,29.404837692161014,72.47301583157498,0.012491487762483988,17.37488865852356
-3.4429834419191034,-0.4228301511327187,0.8793064484249825,-3.211304256468207,-4.011920814623686,-1.7908299627478235,6.707209701059531,-10.39930988629636,52.081274538342036,21.86734601900021,-36.4600866071896,75.17990753746635,29.469115203278694,72.49169330498496,0.09461546777910668,17.387773990631104
-3.4391709473764105,-0.42687035575870313,0.8772073093993075,-3.207491761925514,-4.01596101924967,-1.7929291017734985,6.338338796518422,-10.122698598386114,51.89002650746343,21.887775426894986,-36.729943654898456,75.15240044622772,29.610903041135554,72.53492050743199,0.18888503449902005,17.41482424736023
-3.4380274983874686,-0.4286714549177397,0.8762405527576623,-3.206348312936572,-4.017762118408707,-1.7938958584151437,6.533174749564982,-10.146383817698977,52.0617778717438,21.876857641031275,-36.85295179903874,75.1427957842602,29.66465637576112,72.5504962124889,0.19098051495845514,17.427762031555176
-3.4341818740179453,-0.4315239845220816,0.8736867581862081,-3.2025026885670487,-4.020614648013049,-1.7964496529865979,6.612639632920871,-10.498994277400442,52.108534311519186,21.52161662974995,-37.079119766492184,75.13128816693987,29.818857114111026,72.583281900869,0.1956466002461803,17.45355200767517
-3.4320986885350986,-0.4338692481030044,0.8724693655957757,-3.200419503084202,-4.022959911593972,-1.7976670455770303,6.917261164935598,-10.28833277005041,52.283402595501066,21.945723568580103,-37.235771342525766,75.11542469600461,29.899374555077653,72.60740358021266,0.1985732280661865,17.46863293647766
-3.4303195926059855,-0.4371777975268156,0.8703364421467427,-3.198640407155089,-4.026268461017783,-1.7997999690260633,7.348366664763659,-10.836566522738119,52.86320867285058,21.05100973224243,-37.475553489263355,75.10294997129702,30.00323090044656,72.63215334711482,0.12274572003018935,17.493972778320312
-3.425896349500092,-0.44313228277996397,0.8674587840694034,-3.194217164049195,-4.032222946270931,-1.8026776271034026,7.3060600300480765,-10.637356187535197,52.72622809072579,21.369183092392202,-37.86682613891699,75.06280204328583,30.185978145356188,72.68863003513363,0.1813354694556204,17.530956268310547
-3.4216053316145407,-0.4473120937685646,0.8658162224264,-3.189926146163644,-4.036402757259532,-1.804320188746406,6.663826517812475,-9.59438993519265,52.11943415145365,22.493789465184644,-38.12290822865253,75.02441598124985,30.326783089931816,72.73733027345473,0.1864638169067372,17.55708909034729
-3.4206908171399437,-0.4487571275756653,0.8644294049264835,-3.1890116316890467,-4.037847791066633,-1.8057070062463225,6.373503554624755,-9.992822024839807,52.123122525799296,21.552468670477438,-38.243992104458385,75.023513182424,30.388692986637967,72.74675536218807,0.028972692843152625,17.569262266159058
-3.4167965603684913,-0.4527896246899993,0.862628097427269,-3.1851173749175947,-4.041880288180967,-1.807508313745537,6.604553663604348,-9.588174744925114,52.13799200017031,22.338249301316836,-38.49925565952219,74.98968774600309,30.526989120210914,72.79102417823066,0.07148631027726271,17.596802234649658
-3.415404755593261,-0.45426413527601883,0.8617021279969069,-3.1837255701423643,-4.043354798766986,-1.808434283175899,6.453640494101306,-9.059962770197075,52.01631148613388,22.898132615215545,-38.60272501835374,74.98061700273674,30.58497296101316,72.80572615664855,0.2188931935381806,17.609004735946655
-3.4087328612281467,-0.46141448433620835,0.8578362285024018,-3.17705367577725,-4.050505147827176,-1.8123001826704042,6.679322101880563,-10.086013625621764,51.97140548509841,22.081719314439106,-39.08008616855029,74.9286617916519,30.84736474662798,72.87921682746668,0.09195889476519126,17.65908455848694
-3.4042134501208383,-0.4671023667580314,0.855442149822153,-3.1725342646699417,-4.056193030248998,-1.814694261350653,6.4206175292660355,-9.547216295436346,51.95104647000148,22.287017258168472,-39.434797007459274,74.8817421406269,31.021583111475117,72.93573574890671,0.056302131094966956,17.69740581512451
-3.40268969481328,-0.4688854143689446,0.8548439653107626,-3.1710105093623833,-4.057976077859912,-1.8152924458620434,6.326858144643364,-9.379142518123908,51.938182943779346,22.34315741527372,-39.5394900088008,74.86459742084175,31.07403425221075,72.95480349557499,0.06300604639113905,17.70934534072876
-3.399576998744765,-0.4718196239873683,0.8531125609581646,-3.167897813293868,-4.060910287478336,-1.8170238502146414,6.583158991656502,-9.237277547386816,52.41476863955964,22.14246410970076,-39.7386135020658,74.8425511075139,31.19483712167072,72.98631755286777,0.06697647421341557,17.73384141921997
-3.3945557511677307,-0.4770029855614064,0.8508655246386646,-3.162876565716834,-4.066093649052374,-1.8192708865341414,7.00830397363899,-9.903324674791667,52.61836638065852,21.69580205866039,-40.059539113009514,74.79549326044878,31.3755029574257,73.0427471753915,0.04050042463528358,17.769742965698242
-3.3891589577060026,-0.48331236221891094,0.8492316883368957,-3.157479772255106,-4.072403025709878,-1.8209047228359103,6.944464524520126,-9.987142333832637,52.29032519447113,21.973348923322558,-40.407617450372804,74.72749170326124,31.549588600899295,73.11210038908042,0.04734348389554377,17.810044288635254
-3.3849264990093406,-0.48673401294072605,0.8479246100758683,-3.153247313558444,-4.075824676431694,-1.8222118010969377,6.581768849770257,-9.757257827218336,51.95919940986607,22.185884042036257,-40.60807227269113,74.68951832332816,31.683786353492675,73.15562711329716,0.08933068620256845,17.83408761024475
-3.3834089508943794,-0.48863334863691754,0.8469781396493715,-3.151729765443483,-4.077724012127885,-1.8231582715234345,7.130258936260011,-10.065141685467601,52.50408228633633,21.82060051173694,-40.73037888891866,74.6746443986407,31.748006525813615,73.17354751159213,0.06815143863245332,17.849118947982788
-3.3793899823878624,-0.4929707341024452,0.8460349946485789,-3.147710796936966,-4.082061397593413,-1.824101416524227,7.195902496368295,-9.889631115672922,52.54120703958637,22.04497067836121,-40.95925736299994,74.6235134620529,31.870332703184935,73.2237434128019,0.044719464193936354,17.8761785030365
-3.3780599094112285,-0.49510336768639795,0.8457099745531277,-3.1463807239603323,-4.084194031177366,-1.8244264366196783,6.954680613577102,-9.698736792482418,52.32385286885966,22.20759704763156,-41.067898382750286,74.59949706742294,31.913207484299956,73.24509978819661,0.0514027778280699,17.888734817504883
-3.3749791959326045,-0.4991523223058161,0.8444783208613625,-3.143300010481708,-4.088242985796784,-1.8256580903114434,7.184940659486781,-10.201369151146329,52.5154554712736,21.65700810244379,-41.296121178556774,74.55846658139846,32.024710617322164,73.28598898450797,0.046365780100063425,17.916370630264282
-3.369850602320179,-0.5042484642396811,0.8430202306403672,-3.1381714168692825,-4.093339127730649,-1.8271161805324387,7.27679042292634,-10.159199266941785,52.65224350313053,21.613597916408533,-41.57469225376333,74.49970258843041,32.18916459125709,73.34545165349301,0.13202532960807378,17.950377702713013
-3.364671275932038,-0.5093000083421162,0.841799726474959,-3.1329920904811415,-4.098390671833084,-1.828336684697847,7.621343720530336,-10.225187992983791,52.63855694314342,22.069518269386478,-41.84022582259249,74.4378977278509,32.34853432447368,73.40593845515956,0.21284946457149756,17.98395586013794
-3.3627478545197675,-0.5115728537445465,0.8412793293501352,-3.131068669068871,-4.100663517235514,-1.8288570818226708,7.316172221781815,-10.319143396971759,52.28067722523551,22.027274495612698,-41.95933754291129,74.41143848818083,32.41111736364027,73.43076200767436,0.036977933404387375,17.996593475341797
-3.3613860196156975,-0.5135804846254743,0.8406740747122843,-3.129706834164801,-4.102671148116442,-1.8294623364605216,7.15317553437396,-10.356008654369418,52.33788470126124,21.63050040899101,-42.071168159587764,74.39121775001473,32.46373632334065,73.44988278787321,0.1282076321160397,18.009227752685547
-3.357678916695545,-0.517326218689453,0.8398971605181994,-3.1259997312446486,-4.106416882180421,-1.8302392506546066,7.595721699890126,-10.35500386183365,53.11715140794849,21.092366914636823,-42.26157883084851,74.3439106745531,32.576475546790306,73.49437899429552,0.10419908376044962,18.03372883796692
-3.3559858884177203,-0.5197422698014725,0.839597604570364,-3.124306702966824,-4.10883293329244,-1.830538806602442,7.301703447894281,-9.704240756131897,52.75688895162573,21.92028281884927,-42.37800981128188,74.31409889492045,32.628542103434626,73.51979701055637,-0.006118965306833424,18.04892349243164
-3.3522029333692176,-0.5237432567778053,0.8388770136139307,-3.120523747918321,-4.1128339202687725,-1.8312593975588753,7.212544654482972,-9.713635060628256,52.648365705472216,21.92037733736616,-42.57612757762793,74.26267699696845,32.74280363877658,73.56667256413297,-0.0018270996721505561,18.07562494277954
-3.3501636877689176,-0.5260847357652265,0.8384015318247012,-3.1184845023180205,-4.115175399256194,-1.8317348793481047,7.21567815807022,-9.695369332432461,52.55129074433676,22.083471205380516,-42.69434598331418,74.23387830881111,32.80779885395679,73.59273473165331,0.0006471988252534366,18.08880639076233
-3.346842238591981,-0.5301182699999574,0.8376077884066093,-3.1151630531410843,-4.119208933490925,-1.8325286227661968,7.366400242737321,-9.802871494559188,52.5032143198919,22.23892472609475,-42.89683537420365,74.18463886678701,32.91529135717172,73.63653231693563,0.14557248544277224,18.11407732963562
-3.341271602484508,-0.5372491792781816,0.8366555760484418,-3.1095924170336113,-4.126339842769149,-1.833480835124364,6.98634705008203,-9.863465790595408,52.2088738856634,21.98474740111841,-43.23526948900953,74.09315028673743,33.0864331366139,73.71424150998561,0.10095977715689575,18.15492868423462
-3.338675097489034,-0.5399083834475255,0.8365206748822577,-3.1069959120381374,-4.1289990469384925,-1.8336157362905483,6.792988619214241,-9.420974912706072,51.904424574027544,22.657568922463025,-43.350263250961035,74.05391242104554,33.1553416579337,73.74743289971013,0.15056238362626528,18.170021295547485
-3.3351420090360913,-0.5432619133857111,0.8354668151615467,-3.1034628235851947,-4.132352576876679,-1.8346695960112593,7.525152954613881,-9.901823963684249,52.712638427005935,21.97041257452705,-43.5296821109423,74.01318943762396,33.274926490211534,73.78629405096342,0.06541373427032493,18.196109771728516
-3.332794623780285,-0.5461845380578766,0.8356418237719688,-3.101115438329389,-4.135275201548844,-1.8344945874008372,7.496805646523356,-10.033398774344612,52.57489254875417,21.971676638724208,-43.643462098737174,73.96843238924222,33.33046105386719,73.82128387235163,0.0961302378965998,18.210784435272217
-3.329420478538628,-0.5501209798002856,0.8353670037818987,-3.0977412930877315,-4.139211643291253,-1.8347694073909073,6.997629785901627,-9.707253832845748,51.63001298015516,22.99640427899691,-43.81595773725879,73.91281131444426,33.42573194358184,73.86703139721396,0.05304439625477064,18.234318017959595
-3.3284018791069885,-0.5517160502762688,0.8350675037334915,-3.0967226936560923,-4.140806713767236,-1.8350689074393145,8.086100635355697,-10.613461756588027,52.591634890457506,22.131966158268202,-43.89426587981139,73.89398139921146,33.46242932700441,73.88247884542037,0.11086906585193779,18.247314453125
-3.3240625511491,-0.5569497399684966,0.8350129647632089,-3.0923833656982036,-4.146040403459464,-1.8351234464095971,7.433295146004339,-10.763086441222965,51.82159933470136,22.104537793716574,-44.10957146683176,73.81672762175772,33.577392489986686,73.94389345814938,0.09226598043181067,18.275559425354004
-3.321730302861682,-0.5595521194460107,0.8349245867227755,-3.0900511174107854,-4.148642782936978,-1.8352118244500306,7.5626565165693,-10.61724290853063,52.031431088281686,22.139026748873313,-44.21800344771234,73.77805095423639,33.64061399666045,73.97513003638285,0.06663312082822026,18.293642044067383
-3.320259603046712,-0.561226773279195,0.8347214415818165,-3.088580417595816,-4.1503174367701625,-1.8354149695909894,7.82341112001787,-11.070886432118968,52.304391164233635,21.600625921549295,-44.29359878510845,73.75490936070109,33.68517698048019,73.9942779245744,0.15277696329738788,18.306469678878784
-3.3160584865045233,-0.5657737026627038,0.8349087879002755,-3.0843793010536267,-4.154864366153671,-1.8352276232725306,8.173857590102433,-10.596037876698439,52.48605130746402,22.363540993594683,-44.467446606598614,73.68253561136669,33.788896647837596,74.051295040743,0.15702775871212626,18.335752964019775
-3.314229852665372,-0.5677103916012078,0.8350912417556108,-3.0825506672144756,-4.156801055092175,-1.8350451694171952,7.947982985559116,-10.521945937481247,52.307024836033584,22.37306722734464,-44.536856730316075,73.65028081879065,33.83104692905506,74.07632925551104,0.09310971326793727,18.348170042037964
-3.310984881686999,-0.5720332927843438,0.8354057576167151,-3.0793056962361023,-4.161123956275311,-1.834730653556091,7.805964671580897,-10.254951427245663,52.30348621148827,22.44558314103322,-44.697256148278356,73.58314362196492,33.909405287638535,74.12665564923846,0.12492506393834146,18.375433683395386
-3.30899087790223,-0.5741193059575661,0.8358268557500917,-3.0773116924513335,-4.163209969448533,-1.8343095554227142,7.620823591974511,-10.024908378508536,52.31654598014382,22.408898213725795,-44.76210270117081,73.54559836822052,33.948900312484454,74.15490008902694,0.037563795725405136,18.387590646743774
-3.306758331374945,-0.5779675694563847,0.8363169767599344,-3.0750791459240485,-4.167058232947352,-1.8338194344128715,7.945229995028899,-10.068863499669403,52.46191772030642,22.590778548627405,-44.89696915960281,73.48635321347484,33.99784537965969,74.19679601698498,0.04044301500631464,18.412862062454224
-3.300066035356644,-0.5857460504225637,0.8371102542823254,-3.0683868499057474,-4.174836713913531,-1.8330261568904804,8.422465196807812,-11.085676325812345,53.04300944141952,21.249580470883338,-45.168661804592425,73.35787142080372,34.15366852193748,74.29340981638391,0.27243994389579074,18.47043466567993
-3.296437332781616,-0.5895614687770785,0.83829881285988,-3.0647581473307195,-4.178652132268046,-1.831837598312926,8.616941069151006,-10.516427876893506,53.23379178002125,21.88831331809972,-45.267423622592425,73.28399354728882,34.21417876969582,74.34702200283539,0.16284433792684494,18.495527029037476
-3.2951340233241817,-0.5908698257428313,0.8383236118180221,-3.0634548378732855,-4.179960489233799,-1.831812799354784,8.718830080284217,-10.508443270137482,53.13583293781919,22.18827052847252,-45.31640304541011,73.2626047164777,34.24816352930329,74.36373473032681,0.15004380114682103,18.507868766784668
-3.2923006813569664,-0.5946900850302196,0.8393432098817979,-3.0606214959060694,-4.183780748521187,-1.8307932012910082,8.77715741424489,-10.29131985253803,53.17524159007183,22.441848641545153,-45.423506109829034,73.19422173860725,34.29595997815004,74.41168256065015,0.1387574429096019,18.534733772277832
-3.290687615515127,-0.5962994433269244,0.8395407287624006,-3.059008430064231,-4.185390106817891,-1.8305956824104053,8.910732052121446,-10.467287768517364,53.49990514868895,21.955317930654324,-45.47653775654915,73.16590420108813,34.33311077857093,74.43315827266184,0.07923949133294217,18.550219535827637
-3.2872056485453838,-0.602133337759039,0.8411147954968812,-3.0555264630944876,-4.191224001250006,-1.829021615675925,8.990106671149174,-10.381676177469847,53.91650476667463,21.497951200816505,-45.63994598719532,73.06510089061744,34.38655317403465,74.50133664227651,0.1112982385181529,18.591591835021973
-3.2847091270363555,-0.605368794809435,0.8420529305244789,-3.053029941585459,-4.194459458300402,-1.828083480648327,9.003892538645772,-10.55235850239428,53.98481366554602,21.205184287012525,-45.72559852038363,73.00557923994671,34.42763829115526,74.54285216522902,0.1324184673020179,18.61582112312317
-3.2828497180026104,-0.6068165912833748,0.8421859314144431,-3.0511705325517138,-4.195907254774342,-1.8279504797583628,9.161945815400584,-10.594062459701624,53.93061105092356,21.483046631578926,-45.77313927469212,72.97841716430865,34.47247157088211,74.56434176177639,0.10578186909881104,18.627934455871582
-3.2787867963738955,-0.6105151372207753,0.8431710398923437,-3.047107610922999,-4.199605800711742,-1.8269653712804623,9.13581059384144,-9.78805259800918,53.641609142731156,22.79413936028659,-45.87020827002856,72.90515722784109,34.551203345227144,74.61852966401875,0.12776974861943247,18.65530490875244
-3.278031537167039,-0.6120304697292304,0.843539983993784,-3.046352351716142,-4.201121133220198,-1.8265964271790218,9.431255146636019,-9.942407914478288,54.293791954161925,22.0655267642173,-45.913778309653836,72.88000125459553,34.5631310732161,74.635098936002,-0.016698594039900705,18.67001247406006
-3.2750261952879693,-0.6160146528754232,0.8449492577820478,-3.043347009837073,-4.2051053163663905,-1.8251871533907582,9.535874645507723,-9.818395282522149,54.32010098813159,22.306983400465093,-46.00733281564597,72.80385643722519,34.60514164214604,74.68708433489684,0.1502320535501651,18.700238943099976
-3.27379977691795,-0.6181007497908575,0.8457340212972807,-3.042120591467053,-4.207191413281825,-1.8244023898755253,9.473483172502755,-9.932970639262157,53.86215264272361,22.751628503347355,-46.055152109772436,72.76516161218748,34.61750058319468,74.71246789605192,0.15148898444930614,18.71381974220276
-3.272536796216788,-0.6196803118355678,0.8460955081678473,-3.040857610765892,-4.208770975326535,-1.8240409030049587,9.356571277227738,-9.914226977014657,53.677621574561975,22.86428617286848,-46.09956374767481,72.73672887713818,34.64214943300253,74.7324391124349,0.08233182838723874,18.726641178131104
-3.2707562117730817,-0.6226150770375039,0.8468413778601972,-3.039077026322185,-4.211705740528471,-1.8232950333126088,9.477369798682309,-10.585588226114213,54.51797046111831,20.994084181344803,-46.18040417143599,72.68587280575404,34.67222225331216,74.76654399672057,0.07025203529690982,18.755075931549072
-3.2694386582092614,-0.6244650080754259,0.8474502410692261,-3.0377594727583648,-4.213555671566393,-1.82268617010358,10.36341865389113,-10.765878058400174,55.34908861407634,20.865125824846803,-46.22507772143696,72.65127753689794,34.691569076306955,74.78994295669203,0.05743177561567636,18.771345615386963
-3.266994962750811,-0.6277266101131012,0.8484153322694487,-3.0353157772999144,-4.216817273604068,-1.8217210789033573,11.243863343235843,-10.794234339625083,56.20153080771708,20.857895956069896,-46.307437310574855,72.59079851264842,34.73212583917175,74.83132389588474,-0.005930044196921447,18.798535346984863
-3.265394456415816,-0.6290062528053274,0.8487369284178793,-3.0337152709649193,-4.218096916296295,-1.8213994827549267,11.498799947344455,-10.943594648537868,56.672040371730134,20.35956553218141,-46.340077193730586,72.56441919635162,34.7653580070404,74.85108300149527,0.22516723094306013,18.81188416481018
-3.258907756505193,-0.6368669996559275,0.8517469229020859,-3.0272285710542963,-4.225957663146895,-1.8183894882707201,10.298202610919505,-10.38257301519952,54.77803447493703,22.01559673846271,-46.50743025356114,72.40766947799423,34.857157804393324,74.95796328202681,0.16960922417568458,18.867452383041382
-3.256378853519005,-0.6399362036401677,0.852664820633016,-3.0246996680681084,-4.229026867131135,-1.81747159053979,10.240370324946527,-10.259090893902098,55.06543489704027,21.621964680117905,-46.58226093538836,72.34915860597752,34.90140045049017,74.99825815041426,0.14372592239883497,18.893291234970093
-3.255430640207964,-0.6414184571909187,0.8531465773697767,-3.0237514547570674,-4.230509120681886,-1.8169898338030293,10.654525510510018,-10.021277774264263,55.59914619762294,21.69850291694849,-46.617496172525485,72.32185637100253,34.91495190040497,75.01628798640915,0.2995167888179844,18.908980131149292
-3.2525148497979397,-0.6447987900928007,0.8542937312422386,-3.020835664347043,-4.233889453583768,-1.8158426799305674,10.32446566325959,-9.512664616732724,55.35973348024873,22.128844342337803,-46.69349710714299,72.25512324251845,34.9628978274687,75.0621531053819,0.1236983321255285,18.93362283706665
-3.2503031844903436,-0.6471697149677014,0.8553803240527308,-3.0186239990394466,-4.2362603784586685,-1.8147560871200752,9.399300663931275,-8.572715341257535,54.42050086740637,23.24321643850573,-46.73497625183038,72.20432640087803,34.991804750642686,75.09683075080709,0.19101714193937713,18.948724269866943
-3.2473749823500806,-0.6508327091727778,0.856480404512712,-3.015695796899184,-4.239923372663745,-1.813656006660094,11.33795575172153,-11.17816892297316,56.539880385303064,19.961641186277156,-46.82271881068379,72.13457989204494,35.04313291825278,75.14433818444436,0.19367927398762008,18.989758014678955
-3.2414209302290313,-0.6567655758025643,0.8588746411334903,-3.0097417447781347,-4.2458562392935315,-1.8112617700393157,10.68933173728391,-10.037185980102125,55.55074964908686,21.76451275046802,-46.93635512946579,72.00839262053526,35.13740231390612,75.23178826446559,0.13712665203874064,19.032369136810303
-3.2401232899142025,-0.6588054218729739,0.8597581114651659,-3.008444104463306,-4.247896085363942,-1.81037829970764,10.505519805217975,-9.720367892011351,55.52958239605603,21.86216770718891,-46.97482933147779,71.96820638630217,35.14943561309936,75.257697112144,0.07263102432775748,19.04759907722473
-3.2373611785033973,-0.6623128545542396,0.8613247299581425,-3.0056819930525007,-4.2514035180452066,-1.8088116812146635,10.147653220903319,-9.260748347333866,55.34324305189399,22.10829570758495,-47.037329997252165,71.89574429482761,35.18196583737297,75.30566055901346,0.2109213266980734,19.074705839157104
-3.2365747720924016,-0.6633818341960938,0.8617296289448154,-3.0048955866415046,-4.252472497687061,-1.8084067822279906,10.58653407915487,-10.057408067746154,56.04091674556545,20.77530494167618,-47.05926898648556,71.8747202137797,35.19287125682406,75.31954912935323,0.21162013396363655,19.08755087852478
-3.231977752897203,-0.6672464512924832,0.8637857795483045,-3.0002985674463063,-4.256337114783451,-1.8063506316245015,10.704939915003585,-10.170106594933124,55.64357374464295,21.46875484735941,-47.11046535015623,71.78294452495945,35.25744904636479,75.38344848879544,0.0831385955718229,19.11410403251648
-3.2311799969489106,-0.669237657868234,0.8646208859932686,-2.999500811498014,-4.258328321359201,-1.8055155251795374,10.71246433415594,-10.286909836410706,55.47033707658377,21.592207136362696,-47.14963374890906,71.746367085763,35.258555613733094,75.40576296475136,0.1310403836543883,19.129170179367065
-3.2272857875927596,-0.6729544603163065,0.8666694338684066,-2.995606602141863,-4.262045123807274,-1.8034669773043994,10.114639761026819,-9.786522854345561,54.97209437428008,22.011979693319542,-47.196928214834834,71.65993631023852,35.3056114047192,75.46443905374655,0.18047864485442622,19.154300689697266
-3.225460679639447,-0.6751366541021497,0.8675111389082629,-2.9937814941885508,-4.264227317593117,-1.802625272264543,10.44116936393665,-9.770496031051707,55.16168480908181,22.230395200142077,-47.23969492614985,71.61549469589158,35.333441557091554,75.49415155313338,0.1585226054691229,19.172128200531006
-3.2238535521181437,-0.6768556278254088,0.8684225260920516,-2.992174366667247,-4.265946291316376,-1.8017138850807544,10.967897772129161,-10.363987026486253,55.95859959513292,21.136603104102228,-47.26323593836477,71.57687326849882,35.351660477049826,75.51992442419788,0.06579449956945416,19.18706250190735
-3.220290570856417,-0.6800873622131929,0.8699401743963967,-2.9886113854055205,-4.269178025704161,-1.8001962367764093,11.451929039723815,-10.43003213794863,56.21644571051206,21.41062660655441,-47.313345203167174,71.50338736534921,35.406325718323764,75.57052913090858,0.16204293276119852,19.21208643913269
-3.2172145205919676,-0.6838371554534094,0.8719696115017074,-2.985535335141071,-4.2729278189443765,-1.7981667996710986,10.998976730709401,-10.15840259497913,56.1898659711927,21.045333195113923,-47.36362904570281,71.42082156469796,35.43423435275396,75.62438796023324,0.14079846232369952,19.23859405517578
-3.215586161047349,-0.6863364194218052,0.8734298692863468,-2.9839069755964527,-4.275427082912772,-1.7967065418864592,10.466122585492542,-9.50056135136137,55.90699414062981,21.38452064952536,-47.39394008999935,71.36687389457828,35.438549680818866,75.65834927327319,0.1467315717751121,19.25392508506775
-3.213763636433277,-0.6879379601443647,0.874111437412686,-2.98208445098238,-4.277028623635332,-1.79602497376012,10.758708319308727,-9.579373967338016,56.174736246074076,21.334598524301732,-47.42091573543437,71.33078175330083,35.46977798757224,75.68336362750851,0.09638015635984987,19.26678466796875
-3.209403988299039,-0.6919582484893033,0.8762855555189785,-2.9777248028481424,-4.281048911980271,-1.7938508556538275,11.45403692145536,-9.761151808003618,56.341788426648506,21.959700712568562,-47.47120300564239,71.23625392637628,35.527761525085744,75.74740701177625,0.09917925940931926,19.294653177261353
-3.207623718795617,-0.693729612607669,0.8771170643411003,-2.9759445333447205,-4.2828202760986365,-1.7930193468317057,11.7364287574076,-10.054413249964595,56.53224832996048,21.763302687138207,-47.498410514331454,71.19668055182255,35.55399509046959,75.77408194875338,0.25056503226244065,19.30689549446106
-3.204246659181723,-0.6977566668948033,0.8792500141856189,-2.9725674737308263,-4.286847330385771,-1.790886396987187,11.688688735703073,-9.845647702204582,56.15731737022696,22.48329325699235,-47.552489694032744,71.10769775162241,35.58842763106727,75.83204791618468,0.14977212463553302,19.334667444229126
-3.202677784771272,-0.6996744083716173,0.8802471185090622,-2.9709985993203754,-4.288765071862585,-1.7898892926637437,11.972147745632755,-10.506246583013297,56.67635275000431,21.369834209684647,-47.57890000174346,71.06570114501487,35.604509293278184,75.85930774323849,0.13684607803288884,19.34964084625244
-3.1961104463233685,-0.706697341363103,0.8845343128673754,-2.964431260872472,-4.295788004854071,-1.7856020983054306,12.425224077581603,-10.635339143460104,57.04656782168096,21.340370171448097,-47.64869215086303,70.9003159479226,35.66434301192299,75.96753884645265,0.15039438217003775,19.394162893295288
-3.189567891359098,-0.7125356819700157,0.887718186907393,-2.9578887059082017,-4.301626345460983,-1.782418224265413,12.019683449065084,-9.995133034738027,56.42024431159292,22.40175304421239,-47.7173648903362,70.76051627544336,35.75637340558308,76.06184670736405,0.08882681156215311,19.43284821510315
-3.189086986195738,-0.7136278268245275,0.88856638993293,-2.9574078007448414,-4.302718490315495,-1.781570021239876,12.865869161557274,-10.554693360870976,57.14737255006231,21.933922112781822,-47.722600198504466,70.73580688060215,35.745413493388696,76.07644893294555,0.21582495463727813,19.445592641830444
-3.184184730402765,-0.7184137571304972,0.8914624124931806,-2.9525055449518685,-4.3075044206214645,-1.7786739986796254,13.172925687527123,-10.678123355584104,57.63932484379643,21.519837627557422,-47.768742706401454,70.62046618516749,35.799743355109044,76.15256876085962,0.30329216166257256,19.475980758666992
-3.1768073936345886,-0.7260514205778421,0.8965319363172005,-2.945128208183692,-4.3151420840688095,-1.7736044748556055,13.896178045309826,-11.636598458017286,57.58986133304789,21.563070096043646,-47.826024252391385,70.43375061988243,35.860316093624824,76.27384616064441,0.11529007996825547,19.528796195983887
-3.1724675252936057,-0.7304227250836435,0.8994102759412218,-2.940788339842709,-4.319513388574611,-1.7707261352315842,13.602567683499128,-11.645751035873403,57.07172876220374,21.864078780281332,-47.858949640702846,70.32625192684299,35.89944770041525,76.3438172313356,0.2116771022723909,19.555635452270508
-3.171269642863373,-0.7324082493954559,0.9007340900310495,-2.939590457412476,-4.321498912886423,-1.7694023211417564,13.42414765212703,-11.498352831191674,57.120428058492436,21.699096880812213,-47.87517021518957,70.28165965163025,35.895678844473125,76.37105552289403,0.06237470350773844,19.5674409866333
-3.1678138998903,-0.7361159198659324,0.9033424799356616,-2.936134714439403,-4.3252065833569,-1.7667939312371443,13.258342022142985,-11.432031033245524,57.2206996851421,21.391081427011336,-47.89719436370845,70.18984810536114,35.91729567208878,76.42997653484665,0.148796620252579,19.591745138168335
-3.162124443350409,-0.7416665308775756,0.9073714005134838,-2.9304452578995126,-4.330757194368543,-1.7627650106593222,13.600386166873728,-11.334943075788159,57.228346515669784,21.97499593746301,-47.9240241184746,70.04788621771488,35.959951562085145,76.5219635907864,0.18472008587342215,19.631643056869507
-3.161192479340359,-0.743668703815325,0.9089358661398191,-2.929513293889463,-4.332759367306292,-1.7612005450329868,13.941968482005626,-11.717283044518938,57.60415668930642,21.48886078073434,-47.93239757150555,70.00199294856628,35.94061252147052,76.5490448478102,0.11962408986019879,19.646236658096313
-3.1572436883837005,-0.7477375048105381,0.9117560542756001,-2.925564502932804,-4.336828168301506,-1.7583803568972058,13.842999186263208,-10.837810213904032,57.634636594876795,22.283479338910098,-47.957162958355745,69.90045405006622,35.970685764440596,76.61438345577126,0.1265567076607228,19.672282218933105
-3.152501252607167,-0.7530776176904206,0.916044147390695,-2.9208220671562706,-4.342168281181388,-1.754092263782111,14.209587004709032,-11.690927970708955,58.08577855350359,21.206709847314904,-47.96930554731155,69.76337701596839,35.97768370741836,76.70078397289714,0.21341913262048529,19.7123601436615
-3.1504126899891074,-0.7548236972582595,0.9175383567033181,-2.918733504538211,-4.343914360749227,-1.752598054469488,14.113497413288702,-11.779955042551801,57.94705182024732,21.175280583685804,-47.96859749220164,69.71434533859419,35.99184073287495,76.7327862638179,0.23782919432498817,19.725223302841187
-3.1458821302184385,-0.759998140734219,0.9218416736899259,-2.914202944767542,-4.349088804225186,-1.7482947374828801,13.935261584809977,-11.551366489428183,57.73597080444984,21.468517744805144,-47.97506929632314,69.58009801695772,35.991735284090765,76.81694334347962,0.2025083678393762,19.763939380645752
-3.1380145074264263,-0.7692881347374002,0.9303261522233685,-2.9063353219755292,-4.358378798228368,-1.7398102589494375,13.618262441163893,-11.624981271612057,57.83495346808684,20.779078416797564,-47.96032739499373,69.33226948458457,35.95678241333524,76.97068407927333,0.19183277545675947,19.83223605155945
-3.135510871972433,-0.7710510080902695,0.9319246721410092,-2.9038316865215363,-4.360141671581237,-1.7382117390317968,13.618845745660337,-11.224930626537112,57.33405913642235,21.95473110429539,-47.955506189800545,69.27917703999941,35.97939272384815,77.00589541034213,0.183509854342379,19.84491491317749
-3.132895360530015,-0.7742261102609322,0.9352551933907892,-2.9012161750791186,-4.363316773751899,-1.7348812177820168,14.630802451687437,-11.888135447719472,57.87832565194535,21.86608930990042,-47.93560794790419,69.19020524301308,35.94967491411092,77.06042526582704,0.16092099612511213,19.875273942947388
-3.131175206466687,-0.7762369029347514,0.9370462634985465,-2.8994960210157905,-4.3653275664257185,-1.7330901476742595,14.58059454757216,-11.848241055639104,58.166404009879386,21.44127650448953,-47.934081664490385,69.13682016896864,35.94406987103247,77.09354561482368,0.16168493615754675,19.888062715530396
-3.1285030021544444,-0.7792782737666857,0.9402827528223422,-2.896823816703548,-4.368368937257653,-1.7298536583504638,14.037259321812458,-12.27660792228016,57.897279728132666,20.58720004818593,-47.91319525000942,69.05001130379985,35.91842184638063,77.14704400215236,0.16255406413027407,19.914405584335327
-3.1273598242362923,-0.7811957026489578,0.9422004970450252,-2.8956806387853957,-4.370286366139926,-1.7279359141277808,13.41757578591007,-12.684197104026579,57.516119590181894,19.79645869677282,-47.90568457692549,68.99989378879931,35.890929181591176,77.17679339694924,0.16295313839017211,19.92974090576172
-3.123440031570854,-0.78383213913558,0.9449404585982158,-2.891760846119957,-4.372922802626547,-1.7251959525745901,14.214053869570439,-12.204355146178228,57.68554882241012,21.224312326028627,-47.88619484897052,68.91537272152777,35.917387670161766,77.23252546350504,0.1784689741050327,19.954457998275757
-3.122367510125918,-0.7854347029398601,0.9466294039802216,-2.890688324675021,-4.374525366430827,-1.7235070071925844,15.315638632614222,-12.758187095295634,58.869160457377376,20.503922056143217,-47.876736106202216,68.87181387448094,35.894518113245766,77.25858582030448,0.0286604418060743,19.96955180168152
-3.120021938143461,-0.7888314992869659,0.9503017035578661,-2.888342752692565,-4.377922162777933,-1.7198347076149398,14.268476178785706,-11.869939648046936,58.11150007621124,21.059200355662124,-47.853447744702976,68.7780429637124,35.844452659652305,77.31477260213263,0.09501171887830218,19.994643926620483
-3.115964722493114,-0.7924970477793941,0.9543343836539232,-2.8842855370422176,-4.381587711270361,-1.7158020275188828,13.835630921178907,-11.776322099466405,57.93085075330837,20.814174556233763,-47.822508335951866,68.66653965614032,35.832174385472584,77.38508155221831,0.16199065665438006,20.02679681777954
-3.1134675501307085,-0.7953320844500507,0.9577556539871269,-2.881788364679812,-4.384422747941018,-1.712380757185679,14.209564697334928,-12.011705585280284,58.141943151946805,20.792972942559576,-47.789954643403334,68.5810381154035,35.792429884385534,77.4372663515092,0.16254791951066183,20.054020643234253
-3.1110954991736275,-0.7971563822191208,0.9597078238608975,-2.8794163137227304,-4.386247045710088,-1.7104285873119085,14.29446599118354,-11.597379805786375,57.82669138807335,21.823988556493703,-47.7758219720962,68.52382027323239,35.79861474846378,77.47410901417175,0.16336456393137722,20.065779209136963
-3.10922350302851,-0.7997423443748456,0.962860535546178,-2.8775443175776134,-4.388833007865813,-1.707275875626628,14.75712900911309,-11.977651978196798,58.356254479254616,21.308789567183844,-47.746310826388516,68.44798156680481,35.748752612719926,77.51941029403226,0.14960940359929298,20.091035842895508
-3.105888477190938,-0.8042655512099325,0.9684886927594828,-2.8742092917400415,-4.3933562147008995,-1.7016477184133232,14.502962737903324,-12.263736242925537,58.124284737146006,20.96165141873386,-47.69118018690176,68.31370248397603,35.658196682795264,77.59963461169013,-0.08446794197058827,20.130757093429565
-3.099396365114324,-0.8108838196836015,0.9767165523652203,-2.8677171796634275,-4.399974483174569,-1.6934198588075857,15.185562148524243,-12.103966774141023,58.82102964858907,21.134044189672654,-47.608150252008485,68.1068610265828,35.5722903115348,77.72684154559643,0.2359648880125773,20.18992042541504
-3.0969726482205986,-0.8134905742437817,0.9803662390883098,-2.865293462769702,-4.402581237734749,-1.6897701720844962,15.199243977612523,-12.435929482459565,58.77013957085859,20.868946344361177,-47.56253131476437,68.02183117571576,35.51825209505602,77.77842607459543,0.17990867259357168,20.214717388153076
-3.0963413971646228,-0.8154021237912847,0.9829504658247418,-2.8646622117137266,-4.404492787282252,-1.6871859453480642,14.904303508132136,-12.277667344009469,58.50957057886514,20.983347885723745,-47.53498022390986,67.96784276482965,35.44727453756455,77.80865523946527,0.07176633550239941,20.230026721954346
-3.0900807811102124,-0.8224933107163908,0.9924965281599917,-2.8584015956593163,-4.411583974207359,-1.6776398830128143,15.06095367362215,-11.973873698191861,58.543656401090416,21.499564504485022,-47.42635043747697,67.74256873328522,35.30155492204714,77.94470208964803,0.20387634070737137,20.291130304336548
-3.087235685665952,-0.8267144578834045,0.9985601707867874,-2.8555565002150556,-4.415805121374372,-1.6715762403860186,15.659856011346784,-12.894087487453952,59.5195162659244,19.96982014368411,-47.35222126909076,67.61010140002367,35.17131868804118,78.02230706468706,0.14272854120701917,20.331745386123657
-3.0854938311794013,-0.828119919757766,1.0010096438574836,-2.8538146457285047,-4.417210583248734,-1.6691267673153225,16.529508747670594,-13.903168712958818,60.62194479279334,18.57940061348716,-47.3119375530191,67.55618691952334,35.13490975896784,78.0554925259265,0.2928741866372757,20.349191188812256
-3.084520373147126,-0.8317744595789144,1.0057962564977805,-2.8528411876962294,-4.420865123069881,-1.6643401546750254,16.00578651238193,-13.719958243880749,60.19623001238204,18.60680839437949,-47.2670835597627,67.45623129278313,34.99297065975403,78.11072303894711,0.10004615260731065,20.376745462417603
-3.0814134475885995,-0.8358070177979179,1.0108955713424894,-2.849734262137703,-4.424897681288885,-1.6592408398303164,15.395754300787011,-12.979753736452027,60.01479984803407,18.763379698281206,-47.21936549779656,67.33445974554294,34.90468779791143,78.18329646046699,0.1520675699815528,20.40539002418518
-3.0773168234591304,-0.8391943693374543,1.015373605512615,-2.8456376380082338,-4.428285032828422,-1.654762805660191,15.221784731724247,-11.930292343320431,59.38548076889039,20.587406679161052,-47.170106335057426,67.2201482715352,34.867846637673495,78.25465759370792,0.07313141067829676,20.432639360427856
-3.075960315967615,-0.8407329403078797,1.0175132666254565,-2.844281130516719,-4.429823603798847,-1.6526231445473494,15.320252428824913,-12.015739990767601,59.50212344132174,20.470272254243636,-47.14562701954617,67.1704390470419,34.83105679599778,78.2844931932513,0.20929792202143993,20.44574761390686
-3.0735938965406775,-0.8443112045252688,1.022129713278217,-2.841914711089781,-4.433401868016237,-1.648006697894589,15.335272013520827,-12.22111117700495,59.137146691504775,20.78240260761844,-47.102229762214314,67.06391834452612,34.734859627082244,78.34690030596286,0.09214428326078261,20.470640897750854
-3.0715170120682465,-0.8487830632891576,1.0283443934625045,-2.83983782661735,-4.437873726780125,-1.6417920177103016,15.891396697683213,-13.318419370199235,59.47018776842674,19.890640700561327,-47.0364467445786,66.9320127551291,34.567476196628974,78.42173324686863,0.13391513117721976,20.507132053375244
-3.0692134824744155,-0.8524700479051285,1.0333833112708657,-2.837534297023519,-4.441560711396096,-1.6367530999019402,15.513875558007964,-13.890035691098364,59.83233976894526,18.23219994892523,-46.984138506621875,66.82019517618987,34.449892442332654,78.48662829941145,0.09159810391938628,20.536868572235107
-3.0681867623520236,-0.8541101641942574,1.0356671913861506,-2.836507576901127,-4.443200827685224,-1.6344692197866553,15.609492241198367,-14.402922456768906,60.48702694216479,16.87398461670273,-46.959698221482974,66.76999310722091,34.395478366067685,78.51572511291832,0.19474983196531204,20.550007581710815
-3.063523918814463,-0.8596097960672258,1.042555200941396,-2.8318447333635666,-4.448700459558193,-1.62758121023141,15.977694894321525,-14.447239968506704,60.68402933433729,17.083528980750295,-46.899705737975275,66.60149329925842,34.28170036679295,78.61675893835196,0.16263206746262027,20.591188669204712
-3.0613706680535007,-0.862277339481673,1.0451804305242351,-2.8296914826026045,-4.45136800297264,-1.6249559806485707,15.55407983671593,-13.927502071003275,60.06007721156408,17.9111413720254,-46.89324517408408,66.52807560873909,34.252434431701474,78.66112159902849,-0.01960882422734267,20.606210470199585
-3.0597599783214906,-0.865334028292186,1.049053160096315,-2.828080792870594,-4.454424691783153,-1.621083251076491,15.730913220195928,-13.933474650550005,60.18335497884691,17.97028389717017,-46.86111402904388,66.44065470641604,34.15494136345582,78.71121700792061,0.036666776698721204,20.630406141281128
-3.0532832076738394,-0.8743833823179086,1.0595344480104103,-2.821604022222943,-4.463474045808876,-1.6106019631623958,15.447280824954557,-14.517348619933951,59.97050155396824,17.237958245406404,-46.79362957489465,66.18050331910645,33.958188835459836,78.86490406540999,0.09884789151973727,20.69238042831421
-3.050976972653863,-0.876044241268839,1.061395503184201,-2.8192977872029665,-4.465134904759807,-1.608740907988605,15.793966913446688,-14.394780979480553,59.89610037296004,17.981495597791238,-46.7809066566857,66.12560932176349,33.96005356999525,78.89994166797574,0.09485739611094379,20.704723596572876
-3.0495712917212163,-0.87899863490311,1.065297572909031,-2.81789210627032,-4.468089298394077,-1.604838838263775,16.40292628368085,-14.845222478820613,60.458030386563884,17.568658419296582,-46.74623626074545,66.04050896215696,33.85086972736246,78.94812954981514,0.08996937033049557,20.729517459869385
-3.0449897865685056,-0.8844993306763946,1.0715406396717713,-2.8133106011176086,-4.473589994167362,-1.5985957715010346,17.11782423130826,-14.907954919308942,60.79715977119549,18.021025403765982,-46.70887532302823,65.87912054715072,33.753323662914845,79.04487746093591,0.11915578348404088,20.76990795135498
-3.0438393812831306,-0.8865260956752445,1.0739143946456808,-2.8121601958322335,-4.475616759166212,-1.596222016527125,17.58957544652349,-15.957977348735179,61.61554950591936,16.461492444173235,-46.69415766674362,65.82265920066303,33.69628342967119,79.07743136515958,0.1051996151412844,20.78545379638672
-3.026025042561582,-0.9098085537614844,1.1008016144902673,-2.7943458571106854,-4.498899217252452,-1.5693347966825388,15.96111612418592,-14.549101552041861,59.02271675294177,19.170420962742426,-46.53140230914503,65.14528894844513,33.186757744523455,79.47846499076374,0.14607370810999853,20.948196172714233
-3.021340011795204,-0.9153139390625555,1.107642371516067,-2.7896608263443072,-4.504404602553523,-1.562494039656739,16.304942169106916,-14.990324992122774,59.081425773984286,19.081381703497655,-46.47917042995433,64.97648059338721,33.0541626255137,79.57882984855634,0.2264877244906187,20.990803718566895
-3.021589949607125,-0.9160155018353844,1.1091882002621887,-2.7899107641562284,-4.505106165326351,-1.5609482109106174,17.07874704247271,-15.508886765948013,59.8486328475969,18.546812189329604,-46.45481566037586,64.95403960140948,32.97744087531467,79.58964678832007,0.2305110140749802,21.003530025482178
-3.019858534075351,-0.9194589618099478,1.1135820403212682,-2.788179348624455,-4.508549625300915,-1.556554370851538,16.96936096849051,-15.612427888108837,59.91173184979614,18.199161069305987,-46.42173074699764,64.85602447668803,32.84701959392532,79.64505432793187,0.27259159769693486,21.028820991516113
-3.0152775437321955,-0.9236135892244071,1.118419665317023,-2.7835983582812993,-4.512704252715374,-1.551716745855783,16.749538959334387,-14.275458498077208,58.87500555206896,20.648604911443105,-46.390370942270955,64.72435083715123,32.79373632481859,79.72587034458523,0.16577542627300668,21.055048942565918
-3.014807101499108,-0.9257180337402278,1.1213010414492492,-2.7831279160482114,-4.514808697231195,-1.5488353697235566,16.517402192730138,-14.933374819686025,59.37188701569897,19.006273566826714,-46.36603384782057,64.66673616637233,32.6834110277654,79.75682381596656,0.1653273986336492,21.070504903793335
-3.0126534774468,-0.9301971106563589,1.1277354630589187,-2.7809742919959035,-4.519287774147326,-1.5424009481138872,15.682559972576092,-15.864800773106882,59.36820843612507,16.91782576486794,-46.30376237383153,64.53249917527121,32.47110561059556,79.83183851164634,0.15994909866945717,21.108118057250977
-3.00841691348495,-0.9332455918786529,1.132021180985764,-2.7767377280340533,-4.52233625536962,-1.538115230187042,16.588077304811737,-15.112848428912436,58.85174187918726,19.580131918550173,-46.25885436944893,64.42153892069456,32.42362496765392,79.90082991585676,0.14655762296453867,21.132816314697266
-3.007320975040884,-0.9347378668072532,1.1341971180333212,-2.7756417895899874,-4.52382853029822,-1.5359392931394846,16.72056266918255,-14.620339800471497,58.593741485196155,20.58205878084813,-46.236746117565296,64.37366175496078,32.36296679100948,79.92847904908274,0.2684408819931874,21.14515972137451
-3.007201038359532,-0.9385438771755257,1.1397974593006048,-2.775521852908635,-4.527634540666493,-1.5303389518722013,15.614387501093306,-15.929184850277702,59.7081989192248,16.26764692971025,-46.18461882836257,64.27107199891219,32.11284031856146,79.98124534643458,0.14509980032995795,21.176105737686157
-3.0047490560948704,-0.9417470446544067,1.1449625785080149,-2.7730698706439734,-4.530837708145374,-1.525173832664791,16.2023029664839,-16.318416078352275,59.57329472036265,16.86837004749103,-46.12386595238556,64.16243851919936,31.9585696184608,80.04369679786667,0.17744841987075244,21.20346188545227
-3.00225170225018,-0.9443664720064129,1.149278668610934,-2.7705725167992834,-4.533457135497381,-1.520857742561872,16.216862090149764,-15.896864863157232,59.70311954361155,17.14562674579263,-46.07101826396367,64.06892280140102,31.84331058364424,80.09852205464989,0.21940410825434187,21.231343507766724
-3.0005317130991713,-0.9462086438346,1.1519690094857746,-2.7688525276482747,-4.535299307325568,-1.5181674016870312,15.98427241488087,-15.617303703554315,59.59820115109331,17.257900160110644,-46.04368102629093,64.00705078948096,31.777353158802587,80.13501490182117,0.10211678414643277,21.24644136428833
-2.998509927663005,-0.9488584871079668,1.1563355583549098,-2.7668307422121083,-4.5379491505989344,-1.5138008528178961,15.645225931645937,-15.43050383291139,59.39461505058887,17.262314402370656,-45.99176759120737,63.91623939399612,31.64122891515052,80.1870002062601,0.17670646764022724,21.271077394485474
-2.9969524033616737,-0.9501271805439993,1.1585733741149702,-2.765273217910777,-4.539217844034967,-1.511563037057836,15.541246331819218,-15.518733056298272,59.43513159208421,16.98076283420336,-45.9618342420602,63.866734819107016,31.588518626515125,80.2166396539564,0.20007602164905247,21.283992767333984
-2.994215716299896,-0.953186731428604,1.1636212933341121,-2.7625365308489993,-4.542277394919571,-1.506515117838694,16.03860641303355,-16.02072967988083,59.64418696636729,16.875046659243782,-45.90158807349374,63.75874359536595,31.44236204845862,80.27934835187196,0.10583589259620885,21.31326699256897
-2.9930571599751388,-0.9545085139743734,1.1660784197670702,-2.761377974524242,-4.543599177465341,-1.5040579914057357,16.947590360848558,-16.408115250468654,60.15097036137738,17.027924840319546,-45.86820876353703,63.70935755656324,31.363799734968318,80.3076862929045,0.3259917560654335,21.32690739631653
-2.988769792877951,-0.9586255462126909,1.1732450026571541,-2.7570906074270543,-4.547716209703658,-1.4968914085156517,17.083706256825817,-16.093219115380865,60.153803989098456,17.538138491323974,-45.77688234539817,63.555431547453445,31.164743760019526,80.39800193003356,0.14246279298254283,21.365750312805176
-2.9861252980465736,-0.9605453487830076,1.1774528392251846,-2.754446112595677,-4.549636012273975,-1.4926835719476212,17.014022698578678,-16.494472615075612,60.30784034208486,16.858295530485,-45.70999946454627,63.469538002699366,31.04846053879513,80.44895549521667,0.14660939078376245,21.39101243019104
-2.9846905506473482,-0.9620795349471334,1.179918576457525,-2.7530113651964516,-4.5511701984381006,-1.490217834715281,16.96805463360218,-16.290576090503485,60.27473703933907,17.049000741887316,-45.68227739531332,63.41555380514824,30.97742167664371,80.48040113549006,0.22622308443019756,21.403676748275757
-2.981786258418375,-0.9643224323396382,1.1842876111990814,-2.7501070729674786,-4.553413095830606,-1.4858487999737244,17.145733281674897,-16.79352314363819,60.326128801338946,16.72957045569677,-45.61988699715305,63.32232356295365,30.861128758226627,80.53581258142596,0.23992279075613565,21.429314851760864
-2.9785424085383494,-0.9666000769334357,1.1892554113338876,-2.746863223087453,-4.555690740424403,-1.4808809998389185,16.844923738143965,-16.72079289727863,60.23128481270766,16.555148877440793,-45.542187806487696,63.21971008358284,30.724023610798326,80.59679710900275,0.23932187580590591,21.456368684768677
-2.975967424116671,-0.9679101112262296,1.1915794605936951,-2.7442882386657743,-4.5570007747171974,-1.4785569505791107,16.98568341597113,-16.360027295575712,60.05246634643356,17.358814095566505,-45.51057732938166,63.16075190609881,30.69761708611354,80.63406614495749,0.23958434380091598,21.46880555152893
-2.972633087233549,-0.9707297117573108,1.1982669820029037,-2.7409539017826523,-4.559820375248278,-1.4718694291699024,16.70256749858222,-16.88772992675133,60.3714361132466,16.056531972495115,-45.40248524878942,63.03321674082572,30.47150633019529,80.70750754823956,0.31329628384451214,21.50580620765686
-2.96960855726647,-0.9728705479542452,1.2026824883591534,-2.7379293718155733,-4.561961211445213,-1.4674539228136525,16.923297007978906,-17.40773649756639,60.44722052032342,15.758742554792692,-45.337558420006225,62.93945649168991,30.35058467453867,80.76329802765282,0.11581366474089583,21.529838800430298
-2.9682953066616773,-0.9738693672088095,1.204991624531608,-2.7366161212107807,-4.562960030699777,-1.465144786641198,16.9445467351613,-17.947005389336475,60.61354053024781,15.049063589163318,-45.301039982951345,62.89383400760989,30.276707224206763,80.78988919318087,0.1623360937858811,21.542418003082275
-2.9653756298744436,-0.975864572720732,1.209860783766982,-2.733696444423547,-4.564955236211699,-1.460275627405824,17.241798490667914,-17.99142652064403,60.83644463065866,15.130049078523651,-45.221156452491236,62.79761919631031,30.12442874730284,80.84633577732563,0.09112231869978382,21.56792426109314
-2.959981233008973,-0.9794896322890592,1.217571943120578,-2.7283020475580764,-4.568580295780027,-1.4525644680522278,17.122256424259696,-17.879190574320386,60.87177429220505,15.07321143636445,-45.10662853465133,62.63394661417834,29.908756252353317,80.94376037178435,0.22639768677052619,21.608340740203857
-2.955094024858637,-0.9822971874818136,1.2243749759358127,-2.72341483940774,-4.571387850972781,-1.4457614352369932,17.379686291212796,-18.145900322474972,60.96474541429244,15.076854402370685,-44.995974350198836,62.49261131518777,29.71764442176328,81.02830219259113,0.13169985221527414,21.644334077835083
-2.9526484335155794,-0.9844308090102889,1.229447754962199,-2.7209692480646828,-4.573521472501256,-1.440688656210607,17.641097503634946,-18.64376320974959,61.134378235928125,14.734141325844725,-44.91739555528139,62.3962829233297,29.529479928052684,81.08304764399388,0.2432082270427096,21.668614387512207
-2.944696908247928,-0.9901054756139083,1.2419853446956597,-2.713017722797031,-4.579196139104876,-1.4281510664771462,17.719330380070534,-18.894304151962803,61.286292492721536,14.454980941121242,-44.732463317987616,62.13837197634869,29.125022127066675,81.23394919559586,0.18983068880552167,21.732979774475098
-2.9431654121677093,-0.9911004481935024,1.2445631924688203,-2.711486226716813,-4.58019111168447,-1.4255732187039856,17.696275378114724,-18.82227811784252,61.10883272721977,14.73790620906538,-44.69048690148277,62.087984056571386,29.035709047941623,81.26320931878911,0.20340663823246485,21.74572491645813
-2.9403386486632623,-0.9931634592276244,1.2493137572943986,-2.7086594632123657,-4.582254122718592,-1.4208226538784072,17.671881970708537,-18.965635007430176,61.19565025964317,14.4772315024703,-44.61951200483971,61.992588901358694,28.8704777857061,81.31844339581521,0.24014178937843234,21.769840955734253
-2.938579772034972,-0.9947609033276723,1.25254478539882,-2.706900586584075,-4.583851566818639,-1.417591625773986,18.099793072332933,-19.106955307477385,61.38151355231257,14.66183812000301,-44.576890729144,61.926934219981085,28.751555146309443,81.35591765266678,0.2959376503135931,21.785436391830444
-2.9354370270175156,-0.9968503033414071,1.2575868279622187,-2.7037578415666186,-4.585940966832375,-1.4125495832105872,18.051230457055343,-19.43375112917112,61.6422010624694,13.978446410195009,-44.499459475755266,61.82552634716115,28.57711202992366,81.41489064855759,0.0886458516009414,21.81204867362976
-2.9335842183334258,-0.998450478251129,1.2606898597226914,-2.7019050328825287,-4.587541141742096,-1.4094465514501147,17.936881069792328,-19.55759352197512,61.55657278438498,13.832687843474922,-44.46042429909185,61.760397924045265,28.466604904788987,81.45237074390418,-0.09003264121515286,21.82702612876892
-2.9302847428633836,-1.00097329586387,1.2662511721652265,-2.698605557412487,-4.590063959354837,-1.4038852390075793,18.138503982690835,-19.676406515417995,61.627253581141844,13.910304277204252,-44.381913768218936,61.64749820951925,28.26416943324061,81.51734681614919,0.20934165182496578,21.855098009109497
-2.928828590209506,-1.002317614101194,1.2687670851253348,-2.6971494047586093,-4.591408277592161,-1.401369326047471,18.233267197452534,-19.706405688513982,61.61159293272626,14.028102234572037,-44.3519410515011,61.5945475899423,28.170867049308423,81.54761074165013,0.1386510074769851,21.867598056793213
-2.926067913827063,-1.0049547050517773,1.2737669859423129,-2.6943887283761665,-4.594045368542744,-1.396369425230493,18.11478687056789,-19.41294887422919,61.48692668494532,14.323398437249017,-44.29202691405925,61.49077287591787,27.978406483776446,81.606527337526,0.20363811189279746,21.89220356941223
-2.9244972375163814,-1.0058157280611528,1.276153603109988,-2.6928180520654847,-4.59490639155212,-1.3939828080628178,17.69414990683491,-19.215315452310413,61.41308992521211,14.078632400116202,-44.25278543633153,61.44336258463538,27.893688536917185,81.63419535181437,0.2547978838414311,21.90440535545349
-2.921783915624189,-1.0087161159892992,1.2818843851889032,-2.6901047301732923,-4.597806779480266,-1.3882520259839028,18.08957937070781,-19.41023256078097,61.862144998398996,13.831570396465084,-44.1825109008842,61.329422740238584,27.65117691042369,81.69757670885622,0.01916332267818177,21.93144965171814
-2.9204670001384443,-1.0100013654181295,1.2844426742994584,-2.6887878146875477,-4.599092028909097,-1.3856937368733475,18.390067697276127,-19.354845579209524,61.99352422814953,14.10836360177745,-44.15087800431069,61.277784451060406,27.545608601043728,81.72654766978384,0.17355809899474295,21.943628072738647
-2.917465718256376,-1.0128370462291616,1.2901539111715414,-2.6857865328054795,-4.601927709720129,-1.3799825000012647,18.349527944281594,-19.799978823471147,61.75768738047313,13.949307301422872,-44.07967274561605,61.16234530134309,27.309416397030756,81.79139189274491,0.16790026316682383,21.969743967056274
-2.915902665422171,-1.014427125494459,1.2934456388107867,-2.6842234799712745,-4.603517788985426,-1.3766907723620194,18.594395476635956,-19.82575843183588,61.89494833661368,14.066730257666737,-44.03803314873723,61.09766878381234,27.16524494995328,81.82722295953187,0.09218499280716408,21.984785556793213
-2.913119435433123,-1.0170955525364753,1.2985180690574074,-2.6814402499822263,-4.606186216027442,-1.3716183421153987,18.368244599281667,-19.812603217686437,61.97134777503573,13.70210187234095,-43.97916384344356,60.992574168828334,26.95513159600551,81.88636199228529,0.1102112851630026,22.00882053375244
-2.9093770991820795,-1.02129167593699,1.3068521685328371,-2.677697913731183,-4.610382339427957,-1.3632842426399687,18.62243452721781,-20.017524976771774,62.089818845919886,13.690413139960738,-43.87995582902822,60.82886899353313,26.571691961521,81.97604513385218,0.16955895869598958,22.045673847198486
-2.9065682237816315,-1.0245373785335572,1.3128942692054286,-2.674889038330735,-4.613628042024525,-1.3572421419673775,18.88242189745122,-19.911645783946412,62.29945581419783,13.856180071660084,-43.81374116906625,60.707281601935065,26.292376682830636,82.04271610910486,0.14035341125923084,22.072258949279785
-2.9026139126994117,-1.0292589273181418,1.3215564793231458,-2.670934727248515,-4.6183495908091095,-1.3485799318496603,18.755644871280015,-20.522727901922806,62.31835676719329,13.100621781132487,-43.72160980486244,60.53293531647848,25.881163934814108,82.13781111134534,0.20452388743015248,22.110924243927002
-2.9012149156603675,-1.030787577334794,1.3244560940266261,-2.6695357302094713,-4.619878240825761,-1.34568031714618,18.90285672424565,-20.528258930955158,62.24235370354683,13.379010781612815,-43.689560924225454,60.474491024071355,25.743991941531586,82.16982907023076,0.21339879984930743,22.123804092407227
-2.8985499394348215,-1.0343322929604266,1.330806364711436,-2.666870753983925,-4.623422956451394,-1.3393300464613698,19.176805472272537,-20.633560696369827,62.41224102356514,13.40667946757044,-43.62547579457552,60.347886376997856,25.425146614629885,82.2378823998727,-0.13964931991960494,22.15134334564209
-2.897326489402669,-1.0356988281202044,1.3334727659548649,-2.6656473039517725,-4.624789491611172,-1.336663645217941,19.333078119897934,-20.576542279719966,62.570896117115616,13.45849024786278,-43.5954700702422,60.29511466088779,25.293273003879026,82.26649146914617,0.16479878970759332,22.163943767547607
-2.894343972123857,-1.0395215850273793,1.339443271094639,-2.6626647866729605,-4.628612248518347,-1.330693140078167,19.321822502828642,-20.596075261504897,62.536563445313625,13.460969674305922,-43.547460321620655,60.167006181788466,25.004857149210988,82.33655395887307,0.21105297943808443,22.19181489944458
-2.8932894131813884,-1.0409665014449518,1.3421513501838263,-2.661610227730492,-4.630057164935919,-1.3279850609889798,19.765785066835925,-20.8664998540581,62.62731250224277,13.641453692959551,-43.51906151215463,60.11446710304045,24.860690141411723,82.36436122964992,0.07911396426515171,22.204090356826782
-2.8906328809565647,-1.044579321966044,1.3475074192527892,-2.6589536955056685,-4.633669985457011,-1.3226289919200167,19.8514324438833,-20.78551172584702,62.60830657767281,13.833231019981383,-43.481149008209314,59.99789381674879,24.594934912813176,82.42783391500157,0.23812089666388836,22.2303786277771
-2.889369202175874,-1.0461082596295441,1.3501121048095088,-2.6576900167249775,-4.6351989231205115,-1.3200243063632973,19.832662187666216,-20.845027467012798,62.66522560539441,13.68417120652164,-43.45715659295582,59.94381390242255,24.462715250011637,82.45714255813087,0.115752007811452,22.243158102035522
-2.886600685628674,-1.0496791473712717,1.3555382119249964,-2.6549215001777773,-4.6387698108622395,-1.3145981992478095,19.669641367106692,-21.153235951128043,62.79873195500108,13.026104159002374,-43.41684415733185,59.82604557840951,24.189573509741976,82.52127756203508,0.19027410586267823,22.271205186843872
-2.885174105311111,-1.051527078225305,1.3581056378500893,-2.6534949198602145,-4.640617741716272,-1.3120307733227168,19.52990308164421,-20.89512013898329,62.772355552126484,13.118894084788371,-43.40162361668425,59.76770350126827,24.063277740998878,82.55334865447334,0.19014170211667913,22.2838077545166
-2.8828426475935487,-1.0546409834386399,1.3629659836892478,-2.651163462142652,-4.6437316469296075,-1.307170427483558,19.48933678619738,-20.706624273570977,62.63549730964356,13.405013316567185,-43.364040535547424,59.664441437570225,23.807002722808317,82.60894478052661,0.16139413402773473,22.308740854263306
-2.8790670330329142,-1.0597088635319851,1.3703033803789602,-2.647387847582018,-4.648799527022953,-1.2998330307938457,19.88423576080056,-21.054057096229798,62.67487483104872,13.499824654951196,-43.316428015479005,59.50265737344943,23.422743750986534,82.69661972357191,0.19361759410378276,22.34786868095398
-2.8751999146932166,-1.0650874213617783,1.377787454820385,-2.6435207292423195,-4.654178084852745,-1.292348956352421,20.193555965552974,-21.229448984236782,62.84535485278781,13.48263287728702,-43.27350011438917,59.335483716083026,23.022095782590704,82.78696987984031,0.14617451317996366,22.38770866394043
-2.8715815443033064,-1.0699247556623963,1.3845262555186841,-2.6399023588524098,-4.659015419153364,-1.2856101556541217,20.39642952095682,-21.11051393978113,63.02040926450042,13.608978666101454,-43.23487301205439,59.18392380310412,22.657930760555026,82.86903255312716,0.15043176196507346,22.42488956451416
-2.869299749351626,-1.0729918621159915,1.3889359296440413,-2.6376205639007293,-4.662082525606959,-1.2812004815287645,20.407349000682796,-21.342765973366664,63.00025926979908,13.419021383310989,-43.20753555855233,59.086558118973855,22.41191053209709,82.92133945714916,0.21105144383104513,22.44888186454773
-2.867795247543377,-1.0748685044667952,1.3913425145079925,-2.6361160620924804,-4.6639591679577626,-1.2787938966648136,20.24404885417071,-21.44474044255756,62.917868438947444,13.220708812769507,-43.19720787612428,59.02908824507115,22.285852171941958,82.95299761119392,0.16882413691774012,22.464137077331543
-2.8638239170071897,-1.0800036047417856,1.3989187793051667,-2.632144731556293,-4.669094268232753,-1.2712176318676391,20.550539350573786,-21.411229658896506,63.04025841266169,13.455272082996864,-43.14741464189014,58.86284864534027,21.853118950912208,83.04207294715019,0.19157720502548292,22.506398677825928
-2.8611959016516373,-1.0836135477680495,1.4038952403398746,-2.6295167162007402,-4.672704211259017,-1.2662411708329315,20.55370754862747,-21.534979474685482,62.98878092190535,13.390169464877017,-43.1207007362611,58.75115739102325,21.563571362453423,83.10181181137449,-0.04334867933667175,22.534162282943726
-2.8600736285726223,-1.0848401135352657,1.406026888076386,-2.628394443121726,-4.673930777026233,-1.26410952309642,20.789082346516732,-21.495154782668035,63.01743263910335,13.669902375738582,-43.10158193508683,58.7065851872016,21.438006551720704,83.12555468111948,0.153389844880087,22.546938180923462
-2.8555538858874145,-1.0904579781555903,1.413947650691819,-2.623874700436518,-4.679548641646558,-1.2561887604809872,20.75475432896503,-21.21652654806603,62.925095550679664,13.98009861515162,-43.05598003712248,58.52723135314355,20.97611841846402,83.22211238062687,0.1904312532338217,22.591063499450684
-2.8519629895236287,-1.0949138521261916,1.4214956637412195,-2.6202838040727316,-4.6840045156171595,-1.2486407474315866,20.59301353779551,-21.536677394820966,63.36973337833338,12.95246163744762,-42.992619239138286,58.37187935524085,20.498090579194987,83.30299160524632,0.2079799127434101,22.631561994552612
-2.851767893254376,-1.0947411106043234,1.423717439952605,-2.6200887078034794,-4.683831774095291,-1.2464189712202012,21.948928670440818,-22.744873609514745,65.01699681340597,11.51709934129388,-42.93988679648893,58.34879395971376,20.324982319213174,83.31161884750244,0.2909723424776529,22.647032976150513
-2.84668133196587,-1.1013120850952802,1.4320212355425488,-2.615002146514973,-4.690402748586248,-1.238115175630257,20.900924478154863,-21.762697023237468,63.24813019428903,13.24104496668931,-42.90925086912473,58.1511116648783,19.821972647090305,83.41820013317079,0.21115485386387256,22.685733318328857
-2.8445359098133967,-1.1042186440797275,1.4369914918220994,-2.6128567243624996,-4.693309307570695,-1.2331449193507067,21.052503605503396,-21.901430374212513,63.302518116173516,13.218189126451808,-42.86810754904826,58.05124995191002,19.481953926432038,83.46880282042184,0.17270885517019252,22.709986448287964
-2.8431903121462776,-1.1055663263974769,1.4395241020936314,-2.6115111266953814,-4.694656989888444,-1.2306123090791747,20.95587571187375,-21.95489014479713,63.283503755810614,13.078869359279043,-42.84366651223234,57.999417283093855,19.31613451920335,83.49583236373965,0.322402424131337,22.72221350669861
-2.8405166140218743,-1.1086927583698405,1.4454906165574535,-2.6088374285709772,-4.697783421860808,-1.2246457946153524,21.072698292833174,-21.9227418544801,63.32564548887919,13.1931873264121,-42.786030887085786,57.88234665485765,18.9020900818612,83.55496105458512,0.3211463188350163,22.7503080368042
-2.8395154490495953,-1.1102712796513639,1.4482077501078954,-2.6078362635986987,-4.699361943142331,-1.2219286610649105,21.212634659859592,-22.09285047350285,63.503594456373264,12.985445806818147,-42.763933396423795,57.829500747277216,18.70286166609591,83.580836504188,0.17982092923616255,22.76285696029663
-2.836883629501296,-1.1131360973897693,1.4537799904589135,-2.6052044440503987,-4.702226760880737,-1.2163564207138926,20.979184015953006,-22.089764330150434,63.34285812438935,12.902896471311426,-42.70913719934587,57.71957222438316,18.31101776246414,83.63640738263057,0.14581907241240177,22.787696599960327
-2.835584822623469,-1.11466523341985,1.456902374525186,-2.6039056371725717,-4.703755896910817,-1.2132340366476202,21.092176053437978,-22.389178131418,63.4451988331013,12.63985798748936,-42.67707678306156,57.660361386268484,18.082372688245542,83.66554915143809,0.21543909911979142,22.80294919013977
-2.833075899035343,-1.117357953718561,1.4623283552633959,-2.601396713584447,-4.706448617209528,-1.20780805590941,20.721980660154486,-22.582952928580532,63.219275129183224,12.29494804050681,-42.62208068797688,57.55484521033296,17.688863942328812,83.71823183764822,0.035945212484994826,22.827934980392456
-2.831477738434178,-1.1189962500655053,1.465699855349596,-2.599798552983281,-4.708086913556473,-1.20443655582321,20.834663578485703,-22.592969159379045,63.031899541339406,12.635952177923874,-42.587205806488875,57.48928624245909,17.442521040540793,83.75095572732603,0.19470918373041712,22.8424391746521
-2.8292783623805544,-1.1218332824294603,1.4712697251961693,-2.5975991769296574,-4.7109239459204275,-1.1988666859766366,21.17629903678047,-22.49501026577336,63.316068064531265,12.786854045038377,-42.533647498024735,57.38380966186231,17.0139649189582,83.80178515610754,0.17928801654873538,22.868666887283325
-2.8277528633006654,-1.1235414953654386,1.474713589152493,-2.596073677849769,-4.712632158856406,-1.195422822020313,20.977702452843715,-22.402208525000674,63.200338588726204,12.77559312581958,-42.499374926288894,57.31754660042907,16.751427815737962,83.83417677413719,0.10342180741070184,22.88386559486389
-2.8252269435764283,-1.1262813457887564,1.4804749052220663,-2.5935477581255313,-4.715372009279724,-1.1896615059507398,21.112922727632185,-22.434803670279056,63.12064165473329,12.993825603236903,-42.439640025425,57.208134846437495,16.3056208252807,83.88722254005303,0.16300494733396098,22.91140913963318
-2.8240598263260335,-1.1277345505621552,1.4832712978491096,-2.5923806408751364,-4.716825214053123,-1.1868651133236965,21.27083489501664,-22.411944411288797,63.15038351351283,13.158643538697692,-42.41375916098197,57.15439486169451,16.083904203778513,83.91300098107105,0.07791022398189007,22.923953771591187
-2.8215277932031304,-1.1301416909959519,1.4887857385774312,-2.5898486077522334,-4.71923235448692,-1.1813506725953749,21.593682988755635,-22.6107345301857,63.28570684197555,13.19277610821444,-42.35194817216434,57.05078492368516,15.65112111560669,83.96306111794769,0.057716042295918424,22.950937509536743
-2.8172036848030952,-1.134492359502568,1.4975936746491492,-2.5855244993521986,-4.723583022993536,-1.1725427365236567,21.06594810479508,-22.93602475826759,63.104551778050336,12.504338239113123,-42.265310507508666,56.877860319781746,14.951522378789601,84.04738214396777,0.11209408924510766,22.99464702606201
-2.8161728262430072,-1.1357946804318664,1.5003635111799891,-2.584493640792111,-4.724885343922834,-1.1697728999928168,21.24738364905842,-22.843295724429712,63.3301797385857,12.536779989432562,-42.237234055258696,56.82722110428393,14.716861763779718,84.07056133619659,0.16294271849247988,23.008538722991943
-2.81495189649221,-1.1371634463737899,1.5030204914900658,-2.583272711041314,-4.726254109864757,-1.16711591968274,21.337878177507065,-22.722479559747466,63.50675769264087,12.546961156631536,-42.212790371753734,56.77533298743008,14.497033467447167,84.0953185214843,0.19050888780980024,23.021775484085083
-2.812578196194457,-1.1395762867000763,1.5081939853108963,-2.5808990107435603,-4.728666950191044,-1.1619424258619095,21.323868048702526,-22.672979076017363,63.60637761841688,12.462693552546169,-42.159598421114616,56.67680648273525,14.065071316453576,84.1419022873747,0.01094794936024801,23.047135591506958
-2.8106889771151584,-1.1410559778603315,1.5117189401578588,-2.5790097916642623,-4.730146641351299,-1.1584174710149473,21.506832216266353,-22.438936567281466,63.381338910120824,13.152250143792761,-42.11933195905684,56.608722970602024,13.776601290640915,84.17491518406017,0.19306897436162762,23.063902378082275
-2.8085608248013796,-1.1429379997316191,1.5166619551528662,-2.576881639350483,-4.732028663222587,-1.1534744560199397,21.537991218107553,-22.645712685262044,63.68896899362103,12.653682131760352,-42.05949086069435,56.52002770528101,13.351148668957139,84.2154581707989,0.08366366509704148,23.088741779327393
-2.8073908824781184,-1.144293926227562,1.519396260265665,-2.575711697027222,-4.733384589718529,-1.150740150907141,21.54769372721969,-22.876084117247235,63.73725226063332,12.397443099930621,-42.03377172826844,56.468027522121986,13.110870108673302,84.23935002325253,0.07830511219000336,23.101505517959595
-2.8032058779311244,-1.1481299883549416,1.528142099599401,-2.571526692480228,-4.7372206518459095,-1.141994311573405,22.071112800456632,-23.321136272187264,63.712666349655976,12.618533052360284,-41.939907852959514,56.30239966123202,12.346259890262044,84.31628693162912,0.06198823478286064,23.14275860786438
-2.8000555513086667,-1.1504207548869099,1.5343264551579474,-2.5683763658577696,-4.7395114183778775,-1.1358099560148587,21.764386524361864,-23.378438843537168,63.706422383273114,12.245175079055047,-41.86415750360938,56.187542658048365,11.802108193141109,84.36952912023122,0.013327255398179805,23.172714471817017
-2.7989813884688397,-1.1516855750922488,1.5369560316781135,-2.5673022030179435,-4.740776238583216,-1.1331803794946926,21.931108365768182,-23.64556460334537,64.01968935060025,11.836752975557967,-41.83913836395376,56.138471583185975,11.557270190910625,84.39122530599028,0.026715950427504964,23.18535614013672
-2.7946087642860724,-1.1552361169614325,1.5457677044663924,-2.562929578835176,-4.7443267804524,-1.1243687067064136,22.162255504047042,-23.65918122741601,63.94109732084489,12.18579722558821,-41.73903189988686,55.97328395740238,10.75149893385811,84.4663663856363,-0.027282843209115448,23.228041410446167
-2.790958317736129,-1.1577957154208065,1.552411361911029,-2.559279132285232,-4.746886378911774,-1.1177250492617772,22.13496237530192,-23.74008139934897,63.88118633531756,12.164799386433122,-41.6609869507761,55.84651028367505,10.140448144818405,84.52480188969719,0.08357511603101786,23.261862754821777
-2.7884649769620777,-1.1600020574322247,1.5576254460856283,-2.5567857915111807,-4.749092720923192,-1.1125109650871778,22.61607313779903,-23.938459233920284,64.26729471750814,12.095352924170331,-41.60515070646157,55.74873679430803,9.639365024675813,84.5679745863007,-0.09142350402336819,23.289348363876343
-2.786507755407258,-1.1612165279170688,1.5606987153163945,-2.5548285699563618,-4.750307191408036,-1.1094376958564114,22.65175162998825,-24.1541919844325,64.11939520295415,12.110483919152442,-41.569713596943075,55.687246090131936,9.354461767519531,84.59709860340524,0.13308092505665092,23.30500626564026
-2.7838652458484674,-1.1632458605514229,1.5657653941247203,-2.5521860603975712,-4.7523365240423905,-1.1043710170480856,23.01900885981482,-24.07176259952756,64.24662262119273,12.453523093145783,-41.513026936995864,55.59124193984349,8.862015022198163,84.639783300241,0.05666095820006678,23.332937717437744
-2.782649497183133,-1.1640622131817726,1.5682206771064147,-2.5509703117322364,-4.75315287667274,-1.1019157340663914,23.222832441836236,-24.383119499981323,64.47124266775803,12.155480283960904,-41.48199353983029,55.54691684272544,8.620647802101033,84.65889083042438,0.03712734599668677,23.345762014389038
-2.7795769865702518,-1.1662528180271585,1.573192942769285,-2.5478978011193547,-4.755343481518126,-1.096943468403521,23.069637270030032,-24.475640015586738,64.29806968077432,12.10302189791792,-41.430584343523144,55.446238932004086,8.136040610476494,84.70550478303218,0.12990412227284054,23.37397074699402
-2.7783894775564164,-1.1671668486147628,1.5755659375182938,-2.54671029210552,-4.75625751210573,-1.094570473654512,23.042343225862616,-24.69897824725414,64.26957388316288,11.906979027434284,-41.403603051141125,55.4021202820734,7.8961644050804525,84.72445650091743,0.030702930700484465,23.387298583984375
-2.774885233181659,-1.1695112773317038,1.5821291536804507,-2.5432060477307625,-4.758601940822671,-1.0880072574923552,23.389352793108838,-25.199899823962443,64.49780718782887,11.599401581804083,-41.32488061376023,55.27970133570476,7.231262719682598,84.77742718935534,0.010049709599636802,23.424970149993896
-2.7719621478341305,-1.1711188423032985,1.5867196709746145,-2.540282962383234,-4.760209505794266,-1.0834167401981916,23.381207543613346,-25.496642410417305,64.45963960102644,11.382153779678413,-41.26871815230438,55.189797659584606,6.769725424864023,84.81813931731399,-0.061500271983362165,23.45257568359375
-2.7708320049056834,-1.171894400012762,1.588718406321203,-2.539152819454787,-4.760985063503729,-1.0814180048516029,23.22962414341041,-25.63412342881108,64.13445093003288,11.444395557051074,-41.2462508708262,55.151336984654144,6.562124243993581,84.83486689106626,0.08342159148213035,23.46582293510437
-2.7686277232386036,-1.1734014101557602,1.5924950594510259,-2.536948537787707,-4.762492073646728,-1.07764135172178,23.24287769878464,-25.450733762897332,64.25320786664626,11.506892367041452,-41.20475589122748,55.077614290405045,6.167157119185603,84.86712333438474,0.007409284743932876,23.490314960479736
-2.7662512943501936,-1.1747376802455172,1.5965265553650574,-2.534572108899297,-4.763828343736485,-1.0736098558077487,23.85578861766661,-25.661139700442707,64.35666518346233,11.855745859755027,-41.15452116955193,55.00121433072253,5.744281955269422,84.90012307819549,-0.012501810790742418,23.51669454574585
-2.7653139841829555,-1.1754385882258727,1.5981874205529882,-2.5336347987320593,-4.76452925171684,-1.0719489906198176,23.486349346372283,-25.524897075038428,64.26482373002722,11.696837897061501,-41.13730496004223,54.96875800191759,5.565418088224118,84.91402317915063,-0.012910260752929226,23.529539585113525
-2.7644328003367713,-1.1757786069074994,1.6002151223083074,-2.532753614885875,-4.764869270398467,-1.0699212888644987,23.595160659887373,-26.000012268190318,64.7857077690223,10.856299862914165,-41.10520245106084,54.93646927651184,5.347344434543639,84.92594302659977,-0.013770602686707711,23.544543981552124
-2.7626316771847703,-1.1770130160131866,1.6031019358976821,-2.5309524917338733,-4.766103679504154,-1.0670344752751237,22.993514283666315,-25.91949244155625,64.35000198828753,10.759639797762288,-41.07553586110562,54.878230824163154,5.035715535697683,84.95152251268851,0.0043535074384610795,23.562164783477783
-2.7608185898237094,-1.177984031058177,1.606913502730038,-2.5291394043728124,-4.7670746945491445,-1.063222908442768,23.29542961886719,-25.677434527921466,64.37576423659826,11.276503957139553,-41.022656435314566,54.81294566728325,4.617628126605308,84.9766323769474,0.05926203948194342,23.58678364753723
-2.7584228154072523,-1.1797183759538385,1.6123514089369975,-2.5267436299563557,-4.768809039444806,-1.0577850022358084,23.262749076255695,-25.71429222596672,64.33598653216215,11.26215272196037,-40.95558386398949,54.71848595923003,4.004544390632355,85.0120123607562,0.08084525500132678,23.623079776763916
-2.7568408950805163,-1.180816331351236,1.6165487781514076,-2.5251617096296197,-4.769906994842204,-1.0535876330213985,23.15659724172247,-25.83847419456431,64.24955971538616,11.141186442033735,-40.89909943872598,54.65043147843493,3.524172612702417,85.03529544118412,0.013491446118160333,23.647778034210205
-2.7540023710435104,-1.1823813563023062,1.6229717007336015,-2.5223231855926143,-4.771472019793274,-1.0471647104392046,22.924212168360175,-25.705579161730444,64.13988412833169,11.15236448046698,-40.80994554519246,54.543253299197715,2.7894491977491223,85.07349839785283,0.039169580922965075,23.686690092086792
-2.753736225926951,-1.18277858885733,1.625495906060126,-2.5220570404760543,-4.7718692523482975,-1.04464050511268,23.27680278262392,-25.721395591992643,64.46203405049654,11.17379417880543,-40.77145281749409,54.51150840117584,2.4868823176338495,85.07944338137493,0.12223820189339873,23.701417684555054
-2.7517563553605653,-1.1837555434409435,1.6297349380155381,-2.5200771699096682,-4.772846206931911,-1.0404014731572677,22.92061535512316,-26.154079392506052,64.19471097816142,10.713893753821603,-40.711655489973495,54.44024980001118,1.9961192471715388,85.1046966407309,0.06430920675660312,23.72585701942444
-2.749608709250101,-1.185137368550106,1.6365079541414214,-2.5179295237992045,-4.774228032041074,-1.0336284570313845,23.08918184761166,-26.16933037446673,64.33891072282333,10.743856653676458,-40.61409697488388,54.338088436164526,1.1897136825142243,85.13409877013314,0.08471533274896714,23.764869213104248
-2.748326531126875,-1.1859974875554298,1.6409876682762228,-2.5166473456759784,-4.775088151046397,-1.0291487428965833,22.901360351177804,-26.10811961646261,64.31601264762644,10.636932870115354,-40.548909043290045,54.27239887982677,0.6500355959208834,85.15148326859418,0.04977522524353395,23.789570331573486
-2.747554093439607,-1.186410819315206,1.6433698154846281,-2.51587490798871,-4.775501482806174,-1.0267665956881777,22.83309665634991,-26.25690049740542,64.56819676222764,10.176162127895505,-40.51324965028998,54.2369731497563,0.3634635107096441,85.16117278612984,0.1096601580390626,23.80403470993042
-2.746019067636194,-1.1875804792430094,1.648114437365483,-2.514339882185298,-4.776671142733977,-1.0220219738073228,22.68509656659266,-26.535424714790285,64.53239326859938,9.823881350828227,-40.45008854982457,54.163343219585165,-0.21775796619395682,85.1817716382154,0.018487819095292846,23.828568696975708
-2.745660955508858,-1.18801005178001,1.6503584336225474,-2.5139817700579608,-4.7771007152709775,-1.0197779775502587,23.116116663870994,-26.30771348664536,64.63101536447918,10.376161664017285,-40.41811420529036,54.133299728167046,-0.4960945581791444,85.1873477090874,0.05956144023648102,23.841090440750122
-2.7435110071795465,-1.1890240510527312,1.6553293926963244,-2.5118318217286495,-4.778114714543698,-1.0148070184764815,22.18825303191328,-26.240372298016442,64.02992527652118,10.107785223084615,-40.34695725231687,54.05270567842387,-1.1025166600647547,85.21212992492585,0.08096769913135571,23.868310928344727
-2.7429330413972073,-1.1896304898905063,1.658253291125778,-2.511253855946311,-4.778721153381474,-1.0118831200470282,22.478776033894984,-26.254767882961932,64.17019568207446,10.25868608810021,-40.30644566261502,54.012060336258244,-1.4689495654088816,85.22016070416595,0.12644490040142164,23.883174419403076
-2.7406288223230346,-1.191200412076996,1.66525031646776,-2.508949636872138,-4.7802910755679635,-1.0048860947050462,22.78116981361722,-26.38124797341685,64.39220768133112,10.248978486838194,-40.21123409726064,53.90459492942019,-2.346358611552546,85.2476848039058,0.062381295279953175,23.923187971115112
-2.7394686075910575,-1.1917655011580388,1.6694115452990874,-2.507789422140161,-4.780856164649006,-1.0007248658737187,23.25014287442367,-26.62885755481437,64.46682647604052,10.456071176592742,-40.147115135160526,53.84608908663464,-2.86619706192764,85.25981684075585,0.16819854678135515,23.947354555130005
-2.7380369008874523,-1.1929135655566505,1.6719354061449478,-2.5063577154365557,-4.782004229047618,-0.998201005027858,22.7399558942754,-26.667683832629585,64.24568471248429,10.124310765512984,-40.124952347385616,53.79617296313508,-3.196773463229784,85.27757958559909,0.092530641901587,23.961944103240967
-2.736786643520924,-1.1936180150390727,1.6759549250794268,-2.505107458070028,-4.782708678530041,-0.9941814860933793,22.621289690648734,-26.511331760144078,64.39097702848824,9.99506574891664,-40.06664128346037,53.73698096803731,-3.707317610861555,85.29064858045018,0.057790650744950156,23.986506700515747
-2.7345404797265918,-1.195490733143928,1.6818465037776522,-2.5028612942756947,-4.784581396634895,-0.9882899073951539,22.83987502063341,-26.543623761574317,64.5332417338525,10.053900685403047,-39.999316257620556,53.638673231670296,-4.479693937320825,85.31694237731864,0.17288110152949665,24.0231511592865
-2.7329924226126714,-1.196595961743437,1.686082941189048,-2.5013132371617752,-4.785686625234405,-0.9840534699837582,22.74855759634323,-26.630981369983587,64.48552309769718,9.940019409951619,-39.945970147757365,53.57082412260257,-5.034664214296045,85.33356530319502,0.0679262561140983,24.05137610435486
-2.732000093706633,-1.1973836007752776,1.6881220323593165,-2.5003209082557367,-4.786474264266245,-0.9820143788134894,22.674054103712972,-26.92501079333347,64.69082713184055,9.391799454249973,-39.92559585196444,53.53343804010117,-5.309154287680157,85.34490746634128,0.14237627387861718,24.063341856002808
-2.7303224031951636,-1.1987625891310092,1.6920070964787155,-2.4986432177442675,-4.787853252621977,-0.9781293146940906,22.728504339122843,-26.857371717954727,64.31533067523847,9.905851131416098,-39.88454038393451,53.46544161196541,-5.832900801237448,85.36367459714666,0.08006760985256989,24.08771586418152
-2.7296715484881156,-1.1990796606945204,1.693680284685422,-2.497992363037219,-4.788170324185488,-0.9764561264873839,22.89753184471473,-27.082286921875472,64.61726264108027,9.577867505418865,-39.86098436772074,53.43931894388066,-6.052668693369462,85.36968186225087,0.0652559838100264,24.10058617591858
-2.7278360381560445,-1.20065699457095,1.6977446712944615,-2.4961568527051474,-4.789747658061917,-0.9723917398783446,22.54121337219245,-26.965411332601008,64.38289548086259,9.552918132131484,-39.82109484678713,53.36623153523195,-6.610418012536821,85.39010309422125,0.00767342869913179,24.126152515411377
-2.7236177832195,-1.2041406588693053,1.705942274153732,-2.4919385977686037,-4.793231322360272,-0.9641941370190739,23.263964402988115,-26.05924931369359,64.23755881238742,11.252291816410162,-39.74696614981704,53.21105941021167,-7.760394591147186,85.43614005903049,0.03356625262587842,24.182310342788696
-2.7216045044762778,-1.2058959737720671,1.7098955629667874,-2.489925319025381,-4.794986637263035,-0.9602408482060187,23.615481791487632,-25.741743873789737,63.911016895929706,12.223293706270352,-39.71309687908312,53.135830779836915,-8.325247373550786,85.45782757529344,0.0465815836203185,24.208904266357422
-2.7204936278189926,-1.2068459611579045,1.712228100246152,-2.488814442368096,-4.795936624648872,-0.957908310926654,22.742178119571122,-26.854725353651073,64.27966522073402,9.971147931095071,-39.69143264920303,53.09298686469583,-8.6581890401329,85.4693110266469,0.055267855113706243,24.224981784820557
-2.7177716722792242,-1.2094801905354813,1.717504084748505,-2.4860924868283276,-4.7985708540264485,-0.9526323264243011,22.513076305742267,-27.758546541350075,64.48214517349528,8.739190674604004,-39.652796191068305,52.98977953517319,-9.433189422448638,85.49885418467264,0.044628802307186355,24.26172423362732
-2.71424580762287,-1.213123029384933,1.7248141196198592,-2.4825666221719733,-4.802213692875901,-0.9453222915529469,23.00318950261878,-27.759738845549865,64.92397692136757,8.779339121801483,-39.599806768947936,52.849465173259404,-10.521002367210366,85.53609848658147,0.1413232697080895,24.30916476249695
-2.7127682169503906,-1.214614374368584,1.726802857024222,-2.4810890314994936,-4.803705037859551,-0.9433335541485839,22.7657341090535,-27.51393685503437,64.67104244580048,8.999138084279593,-39.595492858654566,52.80170572468433,-10.840716339383894,85.55298382845669,0.08495808180263698,24.321738958358765
-2.710664780268136,-1.2165980488852473,1.7307900649242565,-2.478985594817239,-4.805688712376215,-0.9393463462485496,22.9103891598847,-27.711070016563934,64.75048443459167,8.895324093797678,-39.56648941979653,52.72344660973694,-11.44715871595043,85.57400617284986,0.01363663906619239,24.348785638809204
-2.7096755095879477,-1.2179013083485808,1.7328510740386736,-2.4779963241370515,-4.806991971839548,-0.9372853371341325,23.081063652048268,-27.82339419295992,64.94524382197785,8.767096194102729,-39.557627731401254,52.68161676187789,-11.770526376448208,85.5849921382934,0.017951075434357477,24.360779285430908
-2.7071262470628428,-1.2205508489467993,1.737097649433867,-2.4754470616119457,-4.809641512437767,-0.9330387617389388,22.94751000773223,-27.5424375945138,64.63110418405353,9.18462443621167,-39.53797578319917,52.59055641076456,-12.447583360609377,85.6117518926738,0.10646788504396154,24.38852572441101
-2.7059220324409408,-1.2218194476323556,1.7391546019832087,-2.4742428469900446,-4.810910111123323,-0.9309818091895974,23.18952234739001,-27.49180499571372,64.62204440511903,9.481959553016754,-39.52821659730191,52.54690878903723,-12.77751318862865,85.62414333865729,0.0076182064073608835,24.401170253753662
-2.7029317799179156,-1.2245030234237426,1.7431394090376156,-2.4712525944670194,-4.81359368691471,-0.9269970021351905,23.19004580773814,-27.480237209527612,64.4821358991094,9.628418835628741,-39.513296757298924,52.453698194777196,-13.440080217303494,85.65478061003718,0.14808238240781701,24.42974305152893
-2.700964115298758,-1.2257117373184399,1.7448638828340775,-2.469284929847861,-4.814802400809407,-0.9252725283387284,24.0429603971209,-27.11147012581903,64.5321313771769,10.759371888721143,-39.50695724054229,52.40603753502649,-13.742655422607887,85.67428021773944,0.17166541526769086,24.442260265350342
-2.6998083281724847,-1.228370553995178,1.7490223134700802,-2.4681291427215886,-4.817461217486145,-0.9211140977027257,23.512225586654687,-27.77457437986891,64.49671513697962,9.66301391986516,-39.49113591863436,52.33025081010086,-14.407995418024028,85.68662305876761,0.12370983625013299,24.46863889694214
-2.6985474522734028,-1.2295947597205965,1.750614569050053,-2.466868266822506,-4.818685423211564,-0.9195218421227529,23.547807082867493,-27.953728889625655,64.60114349990282,9.434291281342384,-39.488366427001466,52.29106314873997,-14.686495078514762,85.69960815393807,0.0017070678229482716,24.48127317428589
-2.6957257604523264,-1.2326190333842462,1.7549455159347223,-2.4640465750014298,-4.821709696875214,-0.9151908952380838,23.506390857840817,-28.07519603414642,64.46937573494304,9.405895015908019,-39.47521241839613,52.19338800970457,-15.428644096412858,85.727529638844,0.001295947577632628,24.511614084243774
-2.694342604340667,-1.234041350936929,1.7567915407900787,-2.4626634188897705,-4.823132014427896,-0.9133448703827274,23.276890151716806,-27.931485628233915,64.40185971546417,9.361397829813995,-39.47220000158452,52.14877164595642,-15.756606120687895,85.7414259741665,0.029399667863331924,24.52454400062561
-2.691283352485317,-1.2366189200859794,1.759930051688901,-2.45960416703442,-4.825709583576947,-0.9102063594839049,24.520296204153215,-27.21743441297176,64.24519077931518,11.35345250478633,-39.46950828671251,52.064256623036044,-16.34122689521765,85.77187949206777,0.090629840929489,24.55026912689209
-2.6910297549907893,-1.2376835391710987,1.7614663808277031,-2.4593505695398927,-4.826774202662066,-0.908670030345103,23.798773687135913,-28.13547941261219,64.56068161458826,9.527848471148452,-39.465706059449346,52.03745030584582,-16.59349464125415,85.77440882602636,0.0480023136653851,24.562654495239258
-2.6885733882077547,-1.2400478095076515,1.7645796168831942,-2.4568942027568585,-4.829138472998618,-0.9055567942896119,23.62319679596449,-28.612558893982115,64.39271730351685,9.099586765906333,-39.4597777241358,51.961282402294515,-17.161802361774463,85.79789871697807,0.13239343233962142,24.586875200271606
-2.6871032174324965,-1.2416606362495834,1.7663437945451541,-2.4554240319816,-4.830751299740551,-0.9037926166276518,23.516180975888687,-28.551777327322476,64.42428493681722,9.006526107313581,-39.462063908589926,51.91499654560633,-17.49912933420938,85.81285719264123,0.03869046202648718,24.601781845092773
-2.6843511810838403,-1.244347603206243,1.7695762468789962,-2.4526719956329437,-4.83343826669721,-0.9005601642938097,23.946470577984734,-28.457266401372102,64.74098603703094,9.187923583160034,-39.46053597457581,51.831883904529555,-18.114390587184868,85.83932125096518,0.0012770554295395975,24.62804102897644
-2.683171406323111,-1.2455432054764246,1.7710081555072046,-2.4514922208722147,-4.8346338689673924,-0.8991282556656015,23.710503365818916,-28.388982664875005,64.48055329502097,9.2651620447923,-39.46002520304854,51.79543800749616,-18.388489249656438,85.85055155965604,-0.07374892330623117,24.642869234085083
-2.6809392333906636,-1.2477834460387782,1.7737489004733855,-2.4492600479397666,-4.836874109529745,-0.8963875106994206,23.787532746700563,-28.51194941785772,64.37605336615717,9.326444430187824,-39.45807609603023,51.72637284637227,-18.914457532889372,85.87134847042192,0.006056731295467355,24.666861534118652
-2.6784706472761526,-1.2502587070014797,1.7769103099745673,-2.4467914618252564,-4.839349370492447,-0.8932261011982385,24.059070039184522,-28.806442119089613,64.42769249181504,9.273801622152204,-39.45370390564463,51.648761057521405,-19.51982279658053,85.89350131328794,0.03416624479727526,24.69280695915222
-2.677163121272486,-1.2515127806196924,1.7780656803829258,-2.4454839358215894,-4.84060344411066,-0.8920707307898801,23.802376652620342,-28.736691585708044,64.35168206287113,9.153492327464107,-39.45886619904098,51.613212912330155,-19.7698801972272,85.9065392338343,0.03446593084131022,24.704972982406616
-2.6748483094672766,-1.2535352135586249,1.7809667342165576,-2.44316912401638,-4.842625877049592,-0.8891696769562485,23.99218234487758,-28.624883812821846,64.33296155980098,9.44577191216772,-39.44960952196317,51.54361154337168,-20.32515321913418,85.9257473881781,0.05777165667015316,24.729156017303467
-2.6733220144293655,-1.255032582351125,1.7830004565394435,-2.441642828978469,-4.844123245842092,-0.8871359546333626,24.372214740393055,-28.704939245255506,64.6477957836239,9.432876183990665,-39.444922706629825,51.495165939525336,-20.71754964974514,85.9384238790861,-0.008012401786595014,24.746574878692627
-2.669869182661638,-1.2580117336075696,1.7873825691095955,-2.438189997210742,-4.847102397098537,-0.8827538420632104,24.61150687696403,-29.014299207998345,64.22789256093915,9.777787366405597,-39.42951033200144,51.391183073788646,-21.56643230063922,85.96560096909381,0.09960757710340618,24.78396224975586
-2.666360045568422,-1.2612229454887465,1.79240842586198,-2.4346808601175254,-4.850313608979714,-0.8777279853108262,24.89952895000851,-29.136115334965933,64.35053625151674,9.814459248181105,-39.408261922949315,51.27844286184857,-22.527140432472482,85.99084938910933,0.038021183276155224,24.82545280456543
-2.6629773376958648,-1.2635607484982883,1.7967385397831,-2.431298152244968,-4.852651411989256,-0.8733978713897059,24.524461032254642,-29.39764548788969,64.11740115597146,9.457627316172886,-39.38071060693114,51.18118218616224,-23.359608621910034,86.01327523692362,0.089012106492532,24.864219188690186
-2.6617237842204,-1.264695572134613,1.7988276031124522,-2.430044598769503,-4.853786235625581,-0.8713088080603537,24.71211652656079,-28.942369589007804,64.25297609917696,9.899614745115926,-39.36810257649179,51.138196242447975,-23.74899202244404,86.02045637436898,0.10735860371640316,24.881859302520752
-2.6598334734196634,-1.2662161806419032,1.801949098741603,-2.4281542879687668,-4.855306844132871,-0.8681873124312032,25.025483884590027,-29.259827815566275,64.40399098766962,9.770572281520513,-39.345680358375134,51.07527387393988,-24.326032044046684,86.03034774528015,0.16294517958115806,24.90935230255127
-2.6589543510148888,-1.2667663468068213,1.8033384664178453,-2.4272751655639926,-4.855857010297789,-0.8667979447549605,24.947600395527868,-29.57173657931612,64.49733700958154,9.344154309248918,-39.3330618545862,51.04793671728315,-24.579571785662374,86.03448749854218,0.03589600137490212,24.921448469161987
-2.6570801294272366,-1.2677488814755729,1.8062304840978598,-2.42540094397634,-4.85683954496654,-0.8639059270749463,25.052221673699083,-29.65447113433999,64.25919722469476,9.590847286543209,-39.303440530397765,50.99193396128584,-25.10341690818763,86.04265202020271,-0.0728584797641636,24.947186708450317
-2.6562944024007704,-1.268498007328248,1.8075712644582187,-2.4246152169498743,-4.857588670819215,-0.8625651467145874,24.845971633428825,-29.467346173924465,64.24823500504102,9.574215566812295,-39.29588921340819,50.96439826895984,-25.35703522368218,86.04666256608289,-0.07312580225195209,24.959800481796265
-2.6545647196180777,-1.2692672872683162,1.8103319835007121,-2.4228855341671816,-4.858357950759284,-0.859804427672094,24.558877474786314,-29.49739308439476,64.31161462062224,9.234535140139565,-39.264323284113274,50.912987925981845,-25.849308000189694,86.05286444636674,-0.074039753911602,24.987467288970947
-2.653694006338183,-1.2699162813902614,1.811893055876236,-2.422014820887286,-4.859006944881228,-0.85824335529657,24.61943806629527,-29.481845002070916,64.4701419331942,9.157521076377108,-39.25104871244683,50.88327118269967,-26.133475756021454,86.05607230752307,-0.09794043272863195,24.999956369400024
-2.6521758162106286,-1.270576314034919,1.8144499536814434,-2.420496630759732,-4.859666977525887,-0.8556864574913625,24.29667496329932,-29.700799828327288,64.23073934130578,8.899316658721634,-39.220949929573784,50.83698948645498,-26.584987893454553,86.06048261297754,0.11697806975865532,25.02497434616089
-2.6497823868091057,-1.271669541332535,1.8189195522967796,-2.418103201358209,-4.860760204823502,-0.8512168588760263,24.120501465610413,-29.68448084860378,64.15963410980646,8.828116358460864,-39.16759159231263,50.7593621596283,-27.36058397262016,86.0651295769534,0.026137849517918532,25.067423343658447
-2.6492386171047335,-1.27158794636858,1.8201746396181764,-2.417559431653837,-4.860678609859548,-0.8499617715546295,24.413172683639218,-30.09778753214714,64.34521056056411,8.581778814175914,-39.14483804226137,50.74215515318013,-27.553121231204315,86.06382626945708,0.025418282584695806,25.08081555366516
-2.6480101555048026,-1.2722754647996408,1.8226197163486213,-2.416330970053906,-4.861366128290609,-0.8475166948241846,24.41788924446076,-29.89758980257554,64.46394946116283,8.652243851857362,-39.11771152891065,50.69981326989196,-27.978439147782904,86.06557886855627,0.1089602576991684,25.104731798171997
-2.6460505853254195,-1.2728702895066948,1.8261351900376206,-2.414371399874523,-4.861960952997662,-0.8440012211351855,23.823987252631348,-29.813218874574854,64.15997610380383,8.467618914110496,-39.07049559056543,50.640151625177914,-28.581417635354676,86.0680263582763,0.013675060987583088,25.139830112457275
-2.6451277492198333,-1.2730601372607342,1.8288273675095281,-2.4134485637689362,-4.862150800751701,-0.841309043663278,24.16520282038107,-30.032767596157385,64.57981084352704,8.217126243734223,-39.029734232444326,50.60280757428255,-28.998936018587685,86.06373309861328,-0.039371481214496296,25.16626787185669
-2.6443045976989765,-1.2734570915982286,1.8300567658877678,-2.4126254122480795,-4.862547755089196,-0.8400796452850383,24.080493335297472,-29.757451678503266,64.5859292372669,8.368616810568719,-39.01698214695982,50.57891695835395,-29.226976635994784,86.06620924349814,0.0024892281989954412,25.178402423858643
-2.6429156051149976,-1.2738501174121075,1.8325761155929663,-2.411236419664101,-4.862940780903075,-0.8375602955798396,23.88844544769612,-29.67803883263239,64.26246709922883,8.571904547379104,-38.98267583178051,50.53660241259804,-29.65724435030821,86.0671187274083,0.15625356505384635,25.204336881637573
-2.641227732104583,-1.2739290612868113,1.8359369249598694,-2.4095485466536863,-4.863019724777779,-0.8341994862129367,24.039704145010113,-29.789158266930954,64.49979262013952,8.416037862234523,-38.9281245296036,50.48558033352854,-30.199507736821072,86.06508757582974,0.02317976173521341,25.241045475006104
-2.6401712811907254,-1.2743517655826833,1.8382122441188145,-2.4084920957398293,-4.86344242907365,-0.8319241670539916,23.941632842279198,-29.767266705911762,64.73952664383567,8.119333240560445,-38.898928977492744,50.448917933764335,-30.580296611567977,86.06401244344877,0.059722110411474016,25.265103816986084
-2.638300342982882,-1.274677329959854,1.8412165219962002,-2.406621157531985,-4.863767993450821,-0.8289198891766059,23.573941203229317,-29.374229753410805,64.50497015432614,8.341193649643143,-38.85510073416609,50.397340079601605,-31.09904049948288,86.06558253021157,0.2085819383386216,25.30104970932007
-2.6364176922754208,-1.2754012650320052,1.8448021972970312,-2.404738506824524,-4.864491928522972,-0.8253342138757747,24.062534417556943,-29.57492232798675,64.71959801654606,8.446977148179593,-38.81022092714126,50.336771644164784,-31.715069406866608,86.0651846838562,0.10858948694751902,25.341293573379517
-2.6348259903531965,-1.2756848356107435,1.8471566204073908,-2.4031468049023,-4.864775499101711,-0.822979790765415,23.555533733697757,-29.79297295352233,64.54495360039303,7.956419375665853,-38.776456397252325,50.29476936910425,-32.13142667824698,86.06703473914575,0.10764196413886218,25.369441032409668
-2.634244501962576,-1.2758760214116314,1.8483797345710502,-2.402565316511679,-4.8649666849025985,-0.8217566766017557,24.054673740664757,-30.153830773456317,64.68884814316687,7.996119500632588,-38.760149670303626,50.275215992321606,-32.33498850818521,86.06600287043264,0.17746927978731852,25.381547451019287
-2.6330702897469207,-1.2763278690685185,1.8503449560000003,-2.4013911042960245,-4.865418532559486,-0.8197914551728056,24.162846391697315,-29.983189673923423,64.99389260953885,7.959603380623158,-38.73662512322374,50.24004952513126,-32.68453612476121,86.0667064588815,0.12043763901422055,25.40837049484253
-2.6321639334983127,-1.2767936018572978,1.8515568115201098,-2.4004847480474156,-4.8658842653482655,-0.8185795996526961,24.05379402653815,-29.885197433250603,64.63699638559994,8.281673844798364,-38.725718189817826,50.214884732104984,-32.92159184576171,86.06918233710373,0.13890982040641564,25.42072868347168
-2.6306411241061944,-1.277440797522834,1.8535407212998964,-2.398961938655298,-4.8665314610138015,-0.8165956898729094,23.783859143701484,-30.139436964307098,64.76484103497862,7.693705923923009,-38.705492211055294,50.17421041992596,-33.306720841408705,86.07304970369785,0.15245457792345674,25.447575569152832
-2.6281253039191985,-1.2783226331107507,1.856506919957842,-2.396446118468302,-4.867413296601718,-0.813629491214964,23.494311252908012,-29.943074445675727,64.76699682115706,7.589631538748717,-38.6732682461662,50.111527663891515,-33.89511406707792,86.08020583798078,-0.0031357229238215822,25.48825430870056
-2.6270148144511554,-1.2787567471864418,1.8577495415141456,-2.3953356290002583,-4.86784741067741,-0.8123868696586602,23.390137572126683,-29.81179664404631,64.48765211554098,7.87545667447231,-38.661037556402206,50.08413169642687,-34.14951243829881,86.08374847859709,0.10919871957317318,25.50311779975891
-2.6258473830184976,-1.2794880924473677,1.8594932851797945,-2.394168197567601,-4.868578755938335,-0.8106431259930114,23.688567087886128,-29.935061699409747,64.79192504698258,7.767782544820438,-38.64687916327546,50.048896771404586,-34.48767482450779,86.08576008652057,0.17913589106209393,25.527437210083008
-2.62470322538784,-1.279908309197395,1.8604496864858433,-2.393024039936943,-4.868998972688362,-0.8096867246869626,23.726615940370845,-29.96821528243786,64.71886242620006,7.852346549379968,-38.63887005235087,50.0239967250668,-34.708389747763526,86.09099102127612,0.0007797677426304439,25.5396990776062
-2.623152719633862,-1.2809054478329363,1.8620133959157754,-2.3914735341829654,-4.869996111323903,-0.8081230152570305,23.554297999724078,-29.828192740045534,64.51230926597235,8.00373744557833,-38.6324952983304,49.984209686610775,-35.065536332184706,86.09775276965516,0.05233326011553796,25.56478500366211
-2.620451870415098,-1.2822377252974821,1.8644035175164055,-2.3887726849642013,-4.8713283887884495,-0.8057328936564003,23.707289176051386,-29.96663437930418,64.82446401266276,7.739924588870973,-38.61846061475043,49.92138336986406,-35.62638101555262,86.10990230497566,0.06632890129411306,25.60350799560547
-2.6181601949899083,-1.283397887855938,1.866311789449644,-2.3864810095390117,-4.872488551346906,-0.8038246217231619,23.574059844636714,-30.329704994984873,64.64559681362496,7.484394161833537,-38.60906350299155,49.86897213855738,-36.091681095121196,86.12071629715686,0.06635758597472208,25.630863666534424
-2.617146466291708,-1.2840319054090803,1.8672536640303306,-2.3854672808408113,-4.8731225689000475,-0.8028827471424753,23.51765446908025,-29.9935432047715,64.61889606517303,7.737922617029484,-38.60582476932242,49.843870877067395,-36.31730068904038,86.12519568435528,0.09451599265263377,25.64587163925171
-2.6160554371519984,-1.2844844891985354,1.8679666347526562,-2.384376251701102,-4.873575152689503,-0.8021697764201496,23.883006204358736,-30.263474283127415,64.76371775854366,7.726471157491107,-38.60241121446496,49.82159298909414,-36.51028845111425,86.13106968619864,0.06646094799516167,25.658372402191162
-2.61407716995804,-1.2859525360338477,1.8694750152198663,-2.3823979845071435,-4.875043199524815,-0.8006613959529396,23.93943938040385,-30.646413468841416,64.83079385489363,7.391419872505638,-38.60594562666457,49.773888158257236,-36.92509560484122,86.14220283735027,0.06682069520027278,25.68555212020874
-2.6126050948831723,-1.2868483952447738,1.8704807247778037,-2.3809259094322757,-4.875939058735741,-0.7996556863950022,24.211267538929487,-30.633576374287877,64.81924893758158,7.669459008520666,-38.60642757461654,49.7410927615656,-37.20962241426493,86.15049421911363,0.18905215771553063,25.702466249465942
-2.6105664625498974,-1.2878858997587117,1.871747549168544,-2.3788872770990013,-4.876976563249679,-0.7983888620042618,24.08784908885763,-30.58338169932876,64.8534245458069,7.566671948986164,-38.60496324730175,49.69851366143785,-37.5784269680657,86.16200776886203,0.1565305586038357,25.72826099395752
-2.609525038323831,-1.288643547299181,1.8723671129905566,-2.3778458528729347,-4.877734210790148,-0.7977692981822493,23.988735055341085,-30.4871032971978,64.81920509387405,7.583958150624023,-38.60924509642605,49.6751811021395,-37.777286027918834,86.1686498455333,0.16621436186974137,25.740308046340942
-2.60736955462247,-1.289997503635033,1.8735653912113608,-2.375690369171573,-4.8790881671260005,-0.7965710199614451,23.949129578546128,-30.72921502986208,64.80185335969318,7.35904145370365,-38.61509035225714,49.62941388864643,-38.168251020061945,86.18216490307316,0.18554916632299356,25.767287254333496
-2.606378946700758,-1.290902429113953,1.874276477050448,-2.374699761249861,-4.87999309260492,-0.7958599341223578,24.055617081869645,-30.628978567209,64.83402533320773,7.508346482635212,-38.62096471762006,49.60456226068231,-38.38508018397921,86.18811181697377,0.22807169790034099,25.779465436935425
-2.604261850457901,-1.291903302216473,1.875377753030973,-2.3725826650070045,-4.88099396570744,-0.7947586581418329,24.34291717871511,-30.691204521284472,64.88829938158202,7.679052544694366,-38.621244026197886,49.562972068941754,-38.74453980201244,86.2006721463741,0.1815926009959865,25.804807662963867
-2.6011014142330318,-1.294224103382372,1.877078420535383,-2.3694222287821356,-4.883314766873339,-0.7930579906374229,24.413559112835024,-30.818512598236577,64.82186943222125,7.69219988694331,-38.637412071384,49.493644332670904,-39.341276049827975,86.22105676712764,0.10756569903784152,25.842169046401978
-2.5991516652069717,-1.295643689334269,1.8780287252444139,-2.367472479756075,-4.8847343528252365,-0.792107685928392,24.677166875712444,-30.88963323598428,65.2198283663375,7.50314772641495,-38.64866534830609,49.45190055169318,-39.69965888696563,86.23402806354864,0.15518654859754344,25.867164373397827
-2.5979599649481244,-1.296313509883043,1.8785233889103887,-2.366280779497228,-4.885404173374011,-0.7916130222624171,24.72474950005477,-30.698872517409594,65.11619516784462,7.804636615350834,-38.65290506165538,49.42879723484664,-39.8975079086641,86.24190397138952,0.07581325953642137,25.879172801971436
-2.596083952579418,-1.2977829795215519,1.8793836193539994,-2.3644047671285215,-4.886873643012519,-0.7907527918188064,24.68216091314804,-30.860205649423786,65.16580527146523,7.577002191885256,-38.666634206609984,49.388292901235985,-40.24554205377754,86.25479454425829,0.0765794664205881,25.90403413772583
-2.5947475594641,-1.2985866947828428,1.8800344388314643,-2.3630683740132037,-4.887677358273811,-0.7901019723413416,24.57188011751049,-30.85308006296734,65.13358209792273,7.510007507985078,-38.670932177721056,49.36103281438083,-40.48492408180147,86.26299563260915,0.15673342057276818,25.91896891593933
-2.59234218153584,-1.3001882598992405,1.8809336465179327,-2.360662996084943,-4.889278923390208,-0.7892027646548732,24.57091579933349,-30.787435085330625,64.965358331343,7.71709769392544,-38.68600758409096,49.313287106938105,-40.89445771331902,86.27979522022386,0.1811678228292184,25.946085453033447
-2.591469393953003,-1.3009454796584945,1.8813954631676801,-2.3597902085021065,-4.890036143149462,-0.7887409480051257,24.960650459407585,-30.901390160112836,65.35643185523331,7.615910321222505,-38.69288797848293,49.29325055032711,-41.07128937183618,86.28540779157076,-0.024918699263714483,25.958518028259277
-2.587875325585899,-1.3033640754906928,1.8827338115063381,-2.356196140135003,-4.892454738981661,-0.7874025996664678,25.32259491552595,-31.253118443119572,65.46693585000286,7.544633042411072,-38.71594736036607,49.22170299622167,-41.69301480363622,86.31012467402708,-0.004679312927516666,26.00085759162903
-2.5858172398358903,-1.3045377500890263,1.8838125355100401,-2.3541380543849937,-4.893628413579994,-0.7863238756627657,25.27892299845878,-31.166981980496118,65.3578841490651,7.677302010666803,-38.7200414079773,49.17945638169631,-42.07770909072447,86.32143230115145,0.16005093307411622,26.024636030197144
-2.5847424078074734,-1.3054911810436982,1.8840528018653129,-2.353063222356577,-4.894581844534666,-0.786083609307493,25.174343993128588,-31.079991307843468,65.20586254692684,7.7881549755278785,-38.734009593921996,49.157702021371556,-42.26140154548313,86.33032392991932,0.16071900116940263,26.037477254867554
-2.5830097224195914,-1.3068569483289845,1.8847124804199478,-2.351330536968695,-4.895947611819952,-0.7854239307528581,25.64681307593379,-31.355765447559584,65.72403939526438,7.507825288680479,-38.74884955513977,49.121425131003065,-42.58176416978873,86.34228877491813,0.21312934293042263,26.06218433380127
-2.5806406244832485,-1.3082657044759793,1.8855224748876194,-2.348961439032352,-4.897356367966947,-0.7846139362851865,25.453273959193034,-30.995880659501758,65.43117729801742,7.90083595062932,-38.7613935199043,49.07637381780679,-42.982983582529386,86.3579583130348,0.0967573618955857,26.089197635650635
-2.57951679129533,-1.3091159705250484,1.885791339107068,-2.3478376058444335,-4.898206634016016,-0.7843450720657379,25.37341189811774,-30.852501273430086,65.4723652000324,7.908183717478366,-38.77276137309364,49.054618076984255,-43.172040530961844,86.36657245454727,0.05044978730021388,26.101839303970337
-2.5775253560038625,-1.3103222892480817,1.8864405586176334,-2.3458461705529663,-4.899412952739049,-0.7836958525551725,25.54273033748917,-31.038967332010987,65.4464083981646,7.926531656010862,-38.7842157988651,49.01684257126318,-43.51099009692014,86.37980631019667,0.051257213115086575,26.127622365951538
-2.5765479903487636,-1.3110752876119056,1.886766025984091,-2.3448688048978674,-4.900165951102873,-0.7833703851887148,25.435565413292938,-31.13618040227282,65.41738379088395,7.770120147882933,-38.792932044624195,48.99693494752688,-43.6893626021851,86.38659648510365,0.0517311639638498,26.13974094390869
-2.574479797350822,-1.312490101485981,1.8874102261709345,-2.3428006118999254,-4.9015807649769485,-0.7827261850018714,25.929550328400577,-31.411971087653722,65.36592873812779,8.019958045544648,-38.80849607557441,48.95665613681076,-44.052096968391695,86.4007328924013,0.21688441961332483,26.1662700176239
-2.5737680299037824,-1.313148952673317,1.8875349394214087,-2.342088844452886,-4.902239616164285,-0.7826014717513972,25.87122931044533,-31.34419850431106,65.49867217607238,7.903788029943128,-38.81877581199191,48.94231869795435,-44.17696984363172,86.40665590055428,0.21736331324523572,26.1789333820343
-2.571370764261422,-1.3144793191783495,1.8882441577488973,-2.3396915788105255,-4.903569982669317,-0.7818922534239086,25.676929206791744,-31.60584575522997,65.54911174121435,7.463931850476549,-38.831210834307,48.89845069075997,-44.57750563530047,86.42233691201479,0.19017027264658593,26.206217527389526
-2.5705750760724833,-1.3150260218580012,1.8883489017985222,-2.338895890621587,-4.904116685348969,-0.7817875093742837,25.541378488750063,-31.455232533881198,65.53473722267792,7.479989015442431,-38.83945388030461,48.88426844758488,-44.70233939578351,86.42867689670413,0.09679657102247852,26.21873664855957
-2.567718966452562,-1.3168686991591159,1.889184457850607,-2.3360397810016655,-4.9059593626500835,-0.7809519533221989,25.741314734605687,-31.31161458064173,65.45181510483816,7.851304559590069,-38.85950101273923,48.8299734807839,-45.20141177160445,86.44772377596989,0.11214996305353919,26.25696849822998
-2.5660202583607425,-1.3183433075410875,1.889533705114221,-2.3343410729098455,-4.907433971032055,-0.780602706058585,25.98371758158875,-31.26284503551383,65.86970817979085,7.726149279570708,-38.88121323181918,48.79600144813729,-45.50809007157019,86.46084959963736,0.11320529747679409,26.282458305358887
-2.564407389191893,-1.3193271790242018,1.8896304925812926,-2.332728203740996,-4.908417842515169,-0.7805059185915133,26.222821297453663,-31.729298415843818,65.98046543404092,7.445082371907174,-38.897204845028725,48.76929721819848,-45.745473603171256,86.47397518694318,0.034396094036113656,26.306790351867676
-2.5575535532281295,-1.3237416582788883,1.8903202985134224,-2.3258743677772324,-4.912832321769856,-0.7798161126593834,25.98942570289218,-31.36060071263677,65.64308387228617,7.837014587650647,-38.96534282083899,48.651162446266554,-46.823104848720725,86.52751245978561,0.08527831907860328,26.407572984695435
-2.5567393209084104,-1.3242256821138616,1.8902692782832662,-2.325060135457514,-4.913316345604829,-0.7798671328895397,25.899618982934687,-31.35226420526808,65.78472343504843,7.635543607580807,-38.974690840829986,48.638685165008475,-46.93465628670675,86.5346828652277,0.14212134137454457,26.420137643814087
-2.554284484192536,-1.325825015982743,1.8901498242707886,-2.322605298741639,-4.91491567947371,-0.7799865869020173,25.72260460367271,-31.474739883663837,65.51386819238034,7.6107880538971076,-39.005093371304135,48.59959004782968,-47.287500441649335,86.5562635354471,0.2001037859025403,26.459347009658813
-2.5527395438066396,-1.3269332617557958,1.890210931847661,-2.3210603583557434,-4.916023925246764,-0.7799254793251449,26.01368947993319,-31.35027725129456,65.78132714561544,7.732307566209705,-39.02410446992143,48.57286834540121,-47.53512067443166,86.56897548729305,0.06974977218928968,26.48414897918701
-2.5510613678766143,-1.3277453720371555,1.8901931890337011,-2.3193821824257173,-4.916836035528123,-0.7799432221391047,26.313894539974477,-31.36320859802642,65.77623973519097,7.994134502081154,-39.03831946962174,48.54777905779364,-47.76883776671543,86.58251827668512,0.1457793315455289,26.51101779937744
-2.5504818761851866,-1.328253543386058,1.8900561064996682,-2.31880269073429,-4.917344206877026,-0.7800803046731377,26.4062585018912,-31.30356114750509,66.11187850404735,7.824634779715206,-39.04975517687956,48.53849787039173,-47.85022284773276,86.58863854388413,0.24484486160884655,26.52404546737671
-2.5479875072189224,-1.329469358724771,1.8899271683388004,-2.316308321768026,-4.918560022215738,-0.7802092428340055,26.202140152283707,-31.24120675282915,65.82235072646971,7.954796775185514,-39.072632957463554,48.50205771578617,-48.19050235510021,86.60942213258794,0.08213702778935916,26.562148094177246
-2.5464010570167703,-1.3305043421307805,1.8896322119602598,-2.314721871565874,-4.919595005621748,-0.7805041992125461,25.99710612331267,-31.005792479149214,65.97242023715317,7.830392913479489,-39.09564553459514,48.478738626289186,-48.402172944907896,86.62472250559082,0.23351032464081234,26.59217929840088
-2.5453342784762523,-1.33039273818451,1.8897726551941636,-2.313655093025356,-4.919483401675477,-0.7803637559786423,26.268456975063344,-30.89398369627562,65.94432939048082,8.20731430324082,-39.089934501740196,48.46641172905718,-48.52872215731177,86.63077638518546,0.18208739428169096,26.60683846473694
-2.544728069179823,-1.3311392534161464,1.8894983240454128,-2.3130488837289263,-4.920229916907114,-0.780638087127393,26.331745054747415,-30.979904243846853,66.12609624707628,8.019782084179889,-39.108155570166616,48.456165818555256,-48.6161332895675,86.63853723758723,0.15000794400425743,26.61895990371704
-2.543295385875128,-1.332078185944735,1.8891559929304842,-2.3116162004242318,-4.921168849435702,-0.7809804182423217,26.3505922639242,-31.139498238421833,66.05625591454195,7.960091614331905,-39.13019124781708,48.43575330836064,-48.80180882125853,86.65285699090421,0.14648769514280735,26.64443850517273
-2.542621305679524,-1.3323388610300613,1.8889943857020532,-2.3109421202286273,-4.921429524521029,-0.7811420254707526,26.528229866009315,-31.258939672226155,66.16898234727812,7.917848922318038,-39.13699988906256,48.427615052939956,-48.87666597082068,86.65922325925965,0.14694716834114452,26.657062292099
-2.5401028738455422,-1.3337072701698904,1.8884371924081322,-2.3084236883946456,-4.922797933660858,-0.7816992187646736,26.53916172525561,-31.19423817991143,66.24118042670972,7.915652848298259,-39.169473234775865,48.393555073807626,-49.19299515740688,86.68338149429034,0.12068145658018148,26.699994564056396
-2.5360568859803347,-1.3353552332588474,1.8871644057460224,-2.3043777005294386,-4.924445896749814,-0.7829720054267835,26.48174999132693,-31.22787055518029,66.39413548847465,7.702269303313162,-39.21668054441851,48.3467377146022,-49.62509151857452,86.72381977156076,0.16591729131643485,26.7660014629364
-2.5352191206065675,-1.3356906766906609,1.8871092705094137,-2.303539935155671,-4.924781340181628,-0.7830271406633922,26.973943663642093,-31.363062064045902,66.4531694311891,7.976572920691337,-39.22309256325856,48.3351323490124,-49.740537559428134,86.7305499517494,0.16639333217281127,26.77885866165161
-2.5334699741727795,-1.3365894681730723,1.8865944715573333,-2.301790788721883,-4.9256801316640395,-0.7835419396154726,26.757415727533246,-31.028188498982814,66.21311921410086,8.28189464084423,-39.246608029488605,48.31300892822611,-49.949740372227176,86.74803348316863,0.12084700377357738,26.8056640625
-2.5327773913125755,-1.3368534931485268,1.8861092965399453,-2.3010982058616793,-4.925944156639494,-0.7840271146328606,26.652062305752036,-31.125333562737552,66.46480218522721,7.8798836403688775,-39.25850143659062,48.307613981704435,-49.992463405004166,86.75694941678016,0.06523720531529564,26.818312644958496
-2.5312100913706397,-1.3376767462866974,1.8855514970384446,-2.2995309059197426,-4.926767409777665,-0.7845849141343613,26.753196456862106,-31.060162196840814,66.6066129518135,7.89695235961775,-39.28142816465548,48.28852014951289,-50.1722334039926,86.7733527840195,0.13222663915368793,26.84319019317627
-2.526149855250635,-1.3396430106438253,1.8832761497595891,-2.294470669799738,-4.928733674134793,-0.7868602614132167,26.87276008035638,-31.133219070198763,66.49135523295496,8.051574381267397,-39.34927847916017,48.236805619436346,-50.65480301545765,86.82852693291318,0.0801170401088811,26.924211978912354
-2.525396058085185,-1.3399232124114306,1.8826723305362139,-2.2937168726342883,-4.929013875902398,-0.787464080636592,26.893360523790246,-31.21173201141084,66.65185532277059,7.859998337540905,-39.3632812339318,48.23165989344644,-50.69485950318275,86.83877708667879,0.2638975193418531,26.937053680419922
-2.521331762624415,-1.3416088191389937,1.8804322367948463,-2.2896525771735186,-4.9306994826299615,-0.7897041743779596,27.220607294268216,-31.301151215437603,66.89227945953309,7.863677115255557,-39.42635667086204,48.192957432470266,-51.05421798150235,86.88634827327454,-0.023284127393062626,27.001731395721436
-2.519616543874592,-1.3424545087055366,1.8795291810901689,-2.2879373584236955,-4.931545172196504,-0.790607230082637,27.37130238934828,-31.20457097022811,67.0540759653184,7.934299908878886,-39.454957593374786,48.17509894476004,-51.2249337356582,86.90629290660603,0.06746291185355169,27.026841163635254
-2.518692973722376,-1.3427975109887178,1.8789477247276887,-2.2870137882714796,-4.931888174479685,-0.7911886864451172,27.108219749295927,-31.18219686651522,66.82499540568314,7.923696561279759,-39.46964953136513,48.167277952523534,-51.2971549517086,86.91757181526053,0.044876996469844777,27.039542198181152
-2.517195248423277,-1.3432957380043091,1.8778177518380899,-2.2855160629723805,-4.932386401495276,-0.792318659334716,27.597441285739453,-31.436308615596232,67.06376108717419,7.932849268111427,-39.495279708417755,48.156798146134946,-51.38759256578078,86.93722818130846,0.013550692275504872,27.065839767456055
-2.5146446016884454,-1.3441735993215294,1.8760367365038966,-2.2829654162375483,-4.9332642628124965,-0.7940996746689093,27.44380359708293,-31.335638630444304,67.163072292867,7.796443828832823,-39.53727980601325,48.13734129386195,-51.56459363103216,86.96960125266668,0.12395904975643735,27.103251457214355
-2.512155575906573,-1.3451601293759616,1.8742347998160707,-2.280476390455676,-4.934250792866929,-0.7959016113567352,27.236070808311904,-31.454938771907912,67.02796797224991,7.631212435243546,-39.581845435664825,48.11784283349707,-51.74348499948094,87.00189754370922,0.0983564911083663,27.13978338241577
-2.5101783955721197,-1.3456445516801239,1.8729329382408593,-2.278499210121223,-4.9347352151710915,-0.7972034729319466,27.529261492361446,-31.287009508791666,67.02284313570297,8.04530064029299,-39.609364911130605,48.1035716822709,-51.8802440933386,87.02598397982587,0.07198963017996896,27.16836190223694
-2.509437357084719,-1.3459002800002855,1.8719179739794796,-2.277758171633822,-4.934990943491253,-0.7982184371933263,27.548977968443932,-31.467986636254846,67.33621191134321,7.62995164196038,-39.629442105251236,48.10251253780011,-51.871247505894836,87.039331515927,0.19504766067702706,27.181061267852783
-2.5077677654321304,-1.3462727317935697,1.8704922106681225,-2.2760885799812334,-4.935363395284537,-0.7996442005046833,27.259813437079814,-31.885468687311388,67.35271912616281,7.009478450970222,-39.657137342253826,48.09377374051691,-51.9441770694765,87.06219883467062,0.1873795058836616,27.20514154434204
-2.5051563748733745,-1.3475202492893146,1.8688924643779998,-2.2734771894224783,-4.9366109127802815,-0.801243946794806,27.399432975705647,-31.393926931126373,66.89663978273774,7.953394611614905,-39.703564932580804,48.06873698453424,-52.19763756942195,87.09404925605214,0.01167254448967503,27.241952657699585
-2.504309567707396,-1.3476810657252432,1.8680186761314932,-2.2726303822564997,-4.93677172921621,-0.8021177350413127,27.66375903958542,-31.30291876071116,67.19045305013007,8.007176260388933,-39.71946225626236,48.06591539011188,-52.21467257551483,87.10679485964708,0.1580781656129182,27.256906270980835
-2.502456351449042,-1.3483076250789277,1.866154921224552,-2.2707771659981453,-4.937398288569895,-0.8039814899482538,27.510905772028785,-31.32331411650908,67.25496743915569,7.7970717120625475,-39.758891317095475,48.05701166536618,-52.28217911875,87.13476066786406,0.04768375407843006,27.28647541999817
-2.5005797639688265,-1.348813002572848,1.8648051325529509,-2.26890057851793,-4.937903666063815,-0.805331278619855,27.557477048563292,-31.612526069116313,66.97921767933401,7.842063677506733,-39.787810883455656,48.044037486835535,-52.41129446031592,87.15855248202848,0.0917072999790558,27.312644720077515
-2.4997542806245416,-1.3489526224744288,1.8637367897935952,-2.268075095173645,-4.938043285965396,-0.8063996213792106,27.48076095168615,-31.77875175253013,67.07460646273998,7.551771990954436,-39.80644123156631,48.04341976947792,-52.399239973803205,87.17268290397018,0.13501259200886562,27.325105905532837
-2.4990971522951044,-1.3494930297457095,1.8631459466150178,-2.2674179668442083,-4.9385836932366765,-0.8069904645577881,27.544291267110978,-31.69092073054998,67.18565325770241,7.579243081813491,-39.825567755896415,48.036964706983746,-52.4610500091532,87.18256076489729,0.1922079489027002,27.33730983734131
-2.497456762052961,-1.3503848500023687,1.8615131654744501,-2.265777576602064,-4.939475513493337,-0.8086232456983558,28.06735665979309,-31.489024566744984,67.49604987795401,7.933779320898179,-39.86688115365083,48.026076210200394,-52.5562738193861,87.2077183677144,0.06295136141568847,27.364450216293335
-2.496820182534688,-1.3504353667275553,1.8604941348153305,-2.2651409970837912,-4.939526030218523,-0.8096422763574753,28.156261920597338,-31.738552748943693,67.6201474472366,7.693186024624232,-39.883258803004814,48.02787250197641,-52.516322095046135,87.22008855053419,0.19056886960743125,27.37705397605896
-2.4952474931329434,-1.3510138574334782,1.8590801826760903,-2.2635683076820468,-4.940104520924446,-0.8110562284967155,28.421037485145447,-31.851929268363072,67.58637681171237,7.857929609427911,-39.91508811012635,48.018284814287334,-52.60515266835917,87.24253161461091,0.2205015253047442,27.402241230010986
-2.4929467422034373,-1.351845911361048,1.856413050669612,-2.26126755675254,-4.9409365748520155,-0.8137233605031939,27.847105807388417,-31.60846276716633,67.1740656074643,7.923604637030944,-39.97094709668773,48.00990675120155,-52.65512902165967,87.28014393536552,0.1531421746088344,27.440036296844482
-2.4919009515323154,-1.3524361818531614,1.854555406236842,-2.260221766081419,-4.941526845344129,-0.815581004935964,28.123938976621314,-31.62719178446966,67.68616350139834,7.695415841960794,-40.010806303610686,48.010319623163056,-52.60899993683093,87.30276961894418,0.23482890568960624,27.464563846588135
-2.4909413284446753,-1.3531310275021908,1.8532383674947357,-2.2592621429937787,-4.942221690993158,-0.8168980436780702,28.570061397418012,-31.559927783789586,67.84625372920769,7.997844603739236,-40.04422067608638,48.005811214260746,-52.63359250416067,87.32066218700285,0.2129451052394149,27.482457399368286
-2.489026067597906,-1.353939656611099,1.8502780861891712,-2.257346882147009,-4.943030320102066,-0.8198583249836346,28.979102096796822,-31.749134802806104,68.1897142349466,7.889871361175054,-40.10496171359096,48.00467504967656,-52.583757526519356,87.35809624057721,0.23010604835963377,27.522253036499023
-2.48776741186178,-1.3544405852496513,1.8481142452534107,-2.2560882264108835,-4.9435312487406184,-0.8220221659193951,29.19979922277585,-31.736470495427696,68.07851484393669,8.185033970569888,-40.147835241072194,48.006193261565755,-52.51641659759652,87.38439586799994,0.10090155690890645,27.54759192466736
-2.4867691004366694,-1.3545405855623616,1.8468653482931376,-2.2550899149857733,-4.943631249053329,-0.8232710628796682,28.635778738098715,-31.384210736715954,67.54048884767064,8.468379125021901,-40.16856192687847,48.00553054745559,-52.500949299507354,87.40102492100283,0.16783012089964444,27.561083793640137
-2.485907431127317,-1.355092536057195,1.8447521893530778,-2.254228245676421,-4.944183199548163,-0.825384221819728,28.626021051426147,-31.655849340313797,67.92934108143223,7.882594658557479,-40.21219958694036,48.01067677504135,-52.382291158709016,87.42442235774598,0.15578140633597748,27.58547306060791
-2.4854741580933597,-1.355635497414329,1.843822708427334,-2.253794972642463,-4.944726160905296,-0.8263137027454721,28.980444092323573,-31.62533467444273,68.18257533689673,7.989523161869697,-40.23721211455352,48.00980162180352,-52.36639052345522,87.43554713701306,-0.0871317298738834,27.597575902938843
-2.4843991550385844,-1.356103578228194,1.8413215544382466,-2.2527199695876883,-4.945194241719161,-0.8288148567345595,28.90972934328089,-31.443557685791173,68.41898864828202,7.869656796683248,-40.28525907177405,48.0167885006375,-52.21321873975228,87.46327333559412,-0.014430693362375013,27.622401237487793
-2.4836039242135954,-1.3564883752021504,1.8400066286262793,-2.251924738762699,-4.9455790386931175,-0.8301297825465268,28.730067045683022,-31.246798687876638,68.25026219793155,8.024389481376467,-40.31296881549582,48.016655064468004,-52.18098911827473,87.4795646059349,-0.008372904334851938,27.63708257675171
-2.482367236760183,-1.3569271518540138,1.8370180010474613,-2.250688051309286,-4.946017815344981,-0.8331184101253446,29.11647987166511,-31.368842195157296,68.49800094800554,8.039384925875517,-40.3682169365557,48.0265393450791,-51.972496987394514,87.51214876659756,0.19607533817098632,27.66943097114563
-2.481281525465845,-1.3574688777742672,1.8339663532182633,-2.2496023400149485,-4.946559541265234,-0.8361700579545428,29.735268407878632,-31.297453710574295,68.75850024708302,8.40755389769439,-40.42678841427069,48.037860886005994,-51.73477316960165,87.5443728913042,0.05337905424010447,27.70014786720276
-2.480024226559243,-1.3581674245923059,1.8318045016454803,-2.2483450411083465,-4.947258088083274,-0.8383319095273258,29.30475526447941,-31.16697353082019,68.43371743070657,8.420742569241039,-40.47388280043926,48.03761236913586,-51.67303019769974,87.57090381833414,0.14009423288118983,27.72462797164917
-2.4795742218442074,-1.3582708960172756,1.8305569799127803,-2.247895036393311,-4.947361559508243,-0.8395794312600255,29.197742011236286,-31.1293137577018,68.46353509086896,8.331724286700128,-40.49557143175509,48.043154904124634,-51.561789947961806,87.5839019786766,0.24907191351916635,27.737032651901245
-2.4784076670399506,-1.3584976631587538,1.828146080055821,-2.246728481589054,-4.947588326649721,-0.8419903311169852,29.679330335461373,-31.15510548781583,68.61738533079364,8.596887490590724,-40.537682368900334,48.05022667437779,-51.394778490660606,87.61100225298519,0.1386427146084226,27.763853788375854
-2.477814159109605,-1.3586251799169216,1.826773625029583,-2.246134973658708,-4.947715843407889,-0.8433627861432229,29.486181734348047,-30.832297375833555,68.49394994795306,8.813598493620288,-40.56174197611489,48.05507367627032,-51.28621342351315,87.6259498651627,0.0460207508290269,27.776470184326172
-2.476956038432524,-1.3593286119733332,1.824036643977791,-2.245276852981628,-4.948419275464301,-0.846099767195015,29.757353509479184,-30.817159286087506,68.76628697183871,8.814535639978919,-40.618983289536665,48.06466514527126,-51.05790172438041,87.65431982250703,0.09547433256641469,27.803902864456177
-2.475675193640976,-1.3597134017272463,1.821133396077054,-2.243996008190079,-4.948804065218214,-0.8490030150957519,29.133331290656006,-31.075632232396128,68.49750432389006,8.276191741502537,-40.672254246913496,48.07363018955877,-50.83402550293166,87.68622920862485,0.08872357529299135,27.82995891571045
-2.4752733457742035,-1.3598426623077313,1.8200111170950506,-2.243594160323307,-4.9489333257986985,-0.8501252940777553,29.352247307683328,-30.920385545287388,68.66366856932473,8.454332788732929,-40.692609114229555,48.07833088140684,-50.72808853640691,87.6978962444457,0.16946103056321826,27.842153310775757
-2.4746413917518746,-1.3597871975152864,1.8183250851838144,-2.2429622063009784,-4.948877861006254,-0.8518113259889915,29.524331090992806,-30.850880808595665,68.9233000747065,8.438059387922804,-40.71829461064887,48.08719139526354,-50.5453064315243,87.71517205021532,0.09105542295077562,27.85715103149414
-2.473720022795666,-1.3601384207951008,1.8159751365043486,-2.2420408373447693,-4.949229084286069,-0.8541612746684573,29.758078848618055,-30.57537162122975,69.11323742567195,8.709614239991605,-40.762479767446315,48.09542279464541,-50.338497675447144,87.74022196211835,0.004025255299485941,27.881926774978638
-2.472038480688282,-1.3604715813494666,1.812530050534376,-2.2403592952373854,-4.949562244840434,-0.8576063606384301,29.505368425487262,-30.368362434105613,68.93969414367265,8.816430831994554,-40.82338961525491,48.10522049178938,-50.06418919849757,87.77881409740472,0.2041971474687445,27.918179035186768
-2.471035161927513,-1.3607906784718764,1.8099165861850306,-2.239355976476616,-4.949881341962843,-0.8602198249877753,29.567514158205924,-30.519954410407667,68.9003543815241,8.773324756392553,-40.87133001774423,48.11521165684871,-49.80963870269127,87.80631594545584,0.14551301183353837,27.942858934402466
-2.4703604971445907,-1.3607876991821672,1.8084718683790575,-2.238681311693694,-4.949878362673134,-0.8616645427937486,29.60343086067453,-30.677881537719816,68.98381934722372,8.596997130769298,-40.894199623630016,48.12088559206871,-49.66733144153762,87.82200384565263,0.0012958358510206658,27.956194639205933
-2.4696671963732264,-1.3606737958408797,1.805755394627647,-2.2379880109223294,-4.949764459331847,-0.8643810165451591,29.889328893417932,-30.874999526383935,69.42253537574149,8.292248525368631,-40.93587629823271,48.1391129470887,-49.28107101517668,87.84732291098135,0.17695581211279565,27.98090434074402
-2.4686919801074865,-1.3611767733381064,1.8043130076312681,-2.2370127946565903,-4.9502674368290736,-0.865823403541538,29.923219865340975,-30.65494762969967,69.28878860307252,8.62659984484715,-40.96829641102959,48.13695565547016,-49.24231204042457,87.86591266561436,0.01901122297610458,27.99624800682068
-2.467565945590115,-1.3613292557819692,1.8013117818619517,-2.235886760139219,-4.950419919272937,-0.8688246293108541,29.751274231222904,-30.68892742394126,69.2831381340433,8.44746570233955,-41.01947555171684,48.1505471432621,-48.89613921777145,87.89675032284414,0.026241160739006286,28.024004220962524
-2.4667763161540988,-1.361627547650023,1.8002491191072068,-2.2350971307032017,-4.95071821114099,-0.8698872920655991,29.494904095051286,-30.375692188949827,68.98008194726428,8.756984015487642,-41.04190496009289,48.148744781191986,-48.86894255965156,87.91079876549594,-0.12274647387677184,28.03642964363098
-2.465509275328245,-1.3616168483105688,1.797458926327649,-2.2338300898773484,-4.950707511801536,-0.8726774848451571,29.435980949486716,-30.38222890610307,68.77907723792383,8.882475598843326,-41.086340069122635,48.160145500335325,-48.55737675465493,87.94064521139916,-3.9207169315757704,28.061692714691162
-2.464555620802366,-1.3617006144987769,1.7947910874797652,-2.232876435351469,-4.950791277989744,-0.8753453236930406,30.293791702523095,-30.512543259223836,69.23531700244041,9.12600790276568,-41.13107845085461,48.17321015771867,-48.21503189999663,87.96749260934637,-0.6014231991449539,28.08781099319458
-2.464087807949019,-1.3614205879665284,1.79329617939328,-2.2324086224981223,-4.950511251457495,-0.8768402317795261,30.289090518394453,-30.350955239612826,69.36898616159968,9.14841996423956,-41.14985958580968,48.184128174642,-47.968573783908994,87.98143140943243,-0.07019487747141495,28.101016759872437
-2.462249829550321,-1.3619879619773445,1.7891379716110176,-2.2305706440994246,-4.951078625468312,-0.8809984395617885,30.00182977812146,-30.586121215490657,69.07475392627941,8.945666159110665,-41.22792741267632,48.19664469250053,-47.52473758303035,88.02635438042496,0.09780431917120769,28.13792395591736
-2.461024270179619,-1.3619959297386746,1.7863310535611552,-2.229345084728722,-4.9510865932296415,-0.8838053576116507,29.567166340454655,-30.353108372393557,68.94780735555416,8.87501856645391,-41.27340317210611,48.20851253066555,-47.16515444138941,88.05578733162392,0.14708987526209016,28.16246008872986
-2.460416289677764,-1.3619981579630058,1.7847759797075131,-2.2287371042268673,-4.951088821453974,-0.885360431465293,29.273090214368896,-30.17268313909125,68.75049165316682,8.944144215688459,-41.29868340383511,48.215927115794294,-46.94767691208239,88.07154825530382,-0.10497803462048783,28.175300359725952
-2.459444950082689,-1.3617644689988102,1.7815474731688203,-2.2277657646317923,-4.950855132489778,-0.8885889380039858,29.752241609646376,-30.680952920489638,68.95645437242274,8.754107906719673,-41.3469535344578,48.23676353859125,-46.400419878381655,88.10161969378049,0.03823408904828263,28.201295852661133
-2.4575802123123243,-1.3617425734717452,1.7769471879148973,-2.225901026861427,-4.950833236962713,-0.8931892232579088,30.15700754924768,-30.486645292668005,68.7291547920677,9.479898870435841,-41.42141444314517,48.25819059667107,-45.720316345742695,88.14828497714677,0.07020300842572436,28.241636991500854
-2.45607558644988,-1.3616610690109208,1.772436980681566,-2.2243964009989834,-4.950751732501888,-0.89769943049124,30.043044237663914,-30.221092684747433,68.7631309657609,9.58401231003659,-41.493885522795864,48.28347349780669,-44.94987084154926,88.1912639724268,0.09257705629099622,28.277597188949585
-2.454930444712693,-1.3616902086959655,1.7691544398115395,-2.2232512592617963,-4.950780872186932,-0.9009819713612663,29.869169434523943,-30.26626910129377,68.74964553819856,9.403569250699892,-41.548445716868,48.30052254035766,-44.38695464371718,88.22288479598232,0.12341396901689361,28.302727222442627
-2.4543141185871096,-1.3614904328082518,1.7667775920265574,-2.222634933136213,-4.950581096299219,-0.9033588191462487,29.5933772147648,-30.102735709300166,68.67522201894803,9.36923645032695,-41.58396424911443,48.317277977938005,-43.896713710570005,88.24361445620443,0.16271369770424826,28.32035207748413
-2.4526379016225244,-1.3612773485141463,1.761405290152334,-2.2209587161716273,-4.9503680120051134,-0.9087311210204718,29.5871969459816,-29.943876722877885,68.81301232105473,9.380752076114732,-41.66879511408017,48.349788694361706,-42.83153856119512,88.2926472983455,0.0027058385980618382,28.35954999923706
-2.4514148848237056,-1.3608708674962742,1.7575939945729324,-2.219735699372809,-4.949961530987242,-0.9125424165998735,29.73314220640278,-29.91045547806655,68.8323718293847,9.529375965518144,-41.72410637364496,48.37473151573408,-42.010060298655155,88.32675200163867,0.1134864409488725,28.387269973754883
-2.4507168620504247,-1.3606471041730772,1.755480225322025,-2.2190376765995286,-4.949737767664045,-0.9146561858507811,29.721839261803595,-29.826259558739473,68.80375313977655,9.621701043439497,-41.7548576502823,48.38832991467754,-41.543931164410786,88.34567135040747,0.1620037052357186,28.402568101882935
-2.4502136999342943,-1.360447679820885,1.7536674141437447,-2.2185345144833972,-4.949538343311852,-0.9164689970290614,29.887280263839155,-29.92195927432351,68.89550809538596,9.606344141322937,-41.781245879229786,48.401171530470286,-41.116132351361784,88.36104926808221,0.022586824396667815,28.414933681488037
-2.4491178453512887,-1.3601808094772845,1.7498664722337076,-2.2174386599003926,-4.949271472968252,-0.9202699389390985,29.955125317346784,-29.808904337059598,69.02382559733314,9.653557177135955,-41.83961704188305,48.4262934560449,-40.221629500649854,88.39366237184689,0.06301078461896692,28.44223952293396
-2.448627774995098,-1.3599387806591652,1.748023826248843,-2.2169485895442014,-4.949029444150133,-0.9221125849239629,29.76743900660061,-29.765366568753343,68.95039841357658,9.591894590271146,-41.86580732337394,48.43995858376155,-39.75114784824683,88.4087367353858,0.1581781571374541,28.454984188079834
-2.446872679657872,-1.3594427131842013,1.7421042509447657,-2.215193494206975,-4.948533376675169,-0.9280321602280404,29.811146347681483,-29.810296429793954,68.79134072490176,9.7396337737406,-41.9555080666481,48.47928499503155,-38.25234885574741,88.45855776205536,0.05943900403223967,28.496715307235718
-2.4454725428160518,-1.358694343478385,1.737337194623633,-2.213793357365155,-4.947785006969353,-0.9327992165491732,29.71141963861152,-29.900541650045266,68.55430866213057,9.792697571727173,-42.021162616202325,48.51426442780749,-36.920934364679134,88.49687780990095,0.3631463670403612,28.529537439346313
-2.4450491805076418,-1.3583599371897654,1.7356621945354425,-2.2133699950567447,-4.947450600680733,-0.9344742166373634,29.975692871133724,-29.81961523361306,68.84450364874746,9.844756279615055,-42.04296948227463,48.52800392246106,-36.41377854479175,88.50939812771843,0.3126859237367925,28.54209566116333
-2.443331964381419,-1.357736430559187,1.7306114159358308,-2.2116527789305227,-4.946827094050154,-0.9395249952369753,29.35318249625947,-29.860753833353574,68.60306384784326,9.478175874996019,-42.11592885360154,48.560890855230824,-34.96871944871843,88.55112230176785,0.18981131394054085,28.57956075668335
-2.4424278683936027,-1.357349140906871,1.7272758244776738,-2.210748682942706,-4.946439804397839,-0.9428605866951321,29.407888575597504,-29.694492567520495,68.65459335334408,9.629693516463442,-42.16505360529757,48.585084641710935,-33.930221085455216,88.57628158370201,0.23448305849372808,28.605891227722168
-2.4417577650776314,-1.3569300228699483,1.7258410945057174,-2.2100785796267353,-4.9460206863609155,-0.9442953166670884,29.465342665085107,-29.58729413943528,68.46506740448163,9.953316992460511,-42.18085733690394,48.59450370674072,-33.48535241517691,88.5886417986505,0.09006397394580556,28.6184298992157
-2.4407940259003005,-1.3563037279478778,1.7226180053323232,-2.209114840449404,-4.945394391438845,-0.9475184058404829,29.36345410815002,-29.508229793248226,68.370383230245,10.024938478600722,-42.2233859792984,48.61913880905321,-32.408330519844654,88.61235592757124,0.0031931545386694182,28.643224477767944
-2.4403981242545996,-1.3561668585061137,1.7208971682053242,-2.208718938803703,-4.945257521997081,-0.9492392429674819,29.42627257797493,-29.41061220202344,68.52248441462237,10.030712127381525,-42.25020410625498,48.63189485360383,-31.82683646930664,88.6243548234453,0.22966690136915657,28.655714988708496
-2.439394748288916,-1.355464099226685,1.717269562675618,-2.207715562838019,-4.944554762717653,-0.9528668484971878,29.632867601693412,-29.601432839331547,68.67627596211487,9.920066497687108,-42.29842300426465,48.660589430134586,-30.534431415885653,88.6494294081697,0.2087401832034539,28.683440685272217
-2.4388203740509304,-1.355069562320059,1.715143132621796,-2.2071411886000334,-4.944160225811027,-0.9549932785510098,29.67240797461847,-29.757707453221535,68.76615127445471,9.74331997057574,-42.32711691099268,48.67742657283444,-29.75475680054752,88.66373185091007,0.15392750553302736,28.699118852615356
-2.437813038706113,-1.3544994328849211,1.7116672696318114,-2.206133853255216,-4.943590096375889,-0.9584691415409945,29.56536377732113,-29.56282727062446,68.73301365139757,9.854436501765559,-42.3755175130917,48.703492874630484,-28.46608223547831,88.68739563381658,0.07666105479290275,28.724135160446167
-2.4370308465589554,-1.354088860037198,1.70951226668158,-2.205351661108059,-4.9431795235281655,-0.960624144491226,29.109330194466093,-29.439957528115375,68.42747767867708,9.832497987225544,-42.40425027036999,48.718349798788495,-27.659781489321247,88.70294776785859,0.10638439135810884,28.739216089248657
-2.4354514271718566,-1.3530351241696268,1.7034911843024472,-2.2037722417209604,-4.942125787660594,-0.9666452268703589,29.093904210264007,-29.295545993254727,68.64009340888352,9.762566640656424,-42.48745784836982,48.76612249350173,-25.229292402372728,88.7398223534025,-2.132046071804126,28.78175401687622
-2.4347892714931154,-1.3526884373032226,1.7007686140934801,-2.2031100860422184,-4.94177910079419,-0.969367797079326,29.165980683741747,-29.28904547898114,68.57001144868596,9.901046216329242,-42.527861517641796,48.787167063743645,-24.09569794202848,88.75567492072541,-0.12201184641121587,28.799859046936035
-2.433830213170462,-1.352321178391901,1.6970369600392594,-2.2021510277195655,-4.941411841882868,-0.9730994511335465,29.0417391780214,-29.59702482479642,68.53669708254988,9.551924130971793,-42.58545450281188,48.81444007760578,-22.517275134569736,88.77742257288917,0.08718224825043208,28.82487463951111
-2.4332899957472485,-1.3519160993485893,1.695120665903357,-2.2016108102963523,-4.941006762839557,-0.975015745269449,29.001733342659445,-29.486844939994462,68.51973004077642,9.631983902005864,-42.61072496621203,48.829886733771744,-21.65963846136576,88.78792343793168,0.08850958501129114,28.837517976760864
-2.431760538106472,-1.3510687692666006,1.6902753622988458,-2.200081352655575,-4.940159432757568,-0.9798610488739601,28.786896994230418,-29.168184026747486,68.08115906382486,10.125692695693434,-42.67810058510594,48.86544537450324,-19.46730693659779,88.81537073353205,0.012248961755561005,28.86872386932373
-2.431455460745836,-1.3509403228133754,1.6884691156633105,-2.1997762752949392,-4.940030986304343,-0.9816672955094956,28.99418909548659,-29.31800912004488,68.17479529557495,10.096158947751196,-42.707370556430455,48.88007603956105,-18.623656395712803,88.82334049521288,0.10269608465574054,28.881513595581055
-2.4308246596589407,-1.3505898590159915,1.685834713541119,-2.199145474208044,-4.939680522506959,-0.9843016976316872,29.123004600906352,-29.374935125848673,68.38818569624857,9.972392490454839,-42.74663308353855,48.90076101581318,-17.367608877442215,88.83565035869944,0.11396658170118279,28.896621465682983
-2.4299019761671588,-1.3500380408398602,1.6814952572746744,-2.1982227907162626,-4.939128704330828,-0.9886411538981315,29.035768472627318,-29.24471389926399,68.5495037740696,9.862525200345068,-42.812147156381165,48.935982091216445,-15.236141453354765,88.85367107894564,0.07482155095140408,28.922986268997192
-2.429274368918749,-1.3498796213764446,1.6791759221832208,-2.197595183467852,-4.938970284867412,-0.9909604889895851,28.889868087627896,-29.353880752735222,68.54380694375853,9.63872441319141,-42.849793030077336,48.951982352099115,-14.096978049912602,88.86442372151467,0.1657246760579847,28.937824249267578
-2.427435846203009,-1.3489706861639816,1.6720162481693026,-2.195756660752113,-4.938061349654949,-0.9981201630035033,29.141909569911885,-29.021038455134498,68.50678119027351,10.201393536314436,-42.958167940574526,49.00647660367669,-10.392667897309435,88.8920871397975,0.06770187102012226,28.981364727020264
-2.425926218546808,-1.3481362668937396,1.6648276314290822,-2.1942470330959107,-4.937226930384707,-1.0053087797437237,29.0748029770363,-28.85723510822232,68.62688491797488,10.175404551259057,-43.069605434246846,49.06447042288986,-6.507129067894578,88.91208297394101,0.1526009361108458,29.02336072921753
-2.425359140047954,-1.34784998168757,1.6623995304154282,-2.193679954597058,-4.936940645178537,-1.0077368807573777,29.108542635839846,-28.659239186493465,68.68302038333483,10.329690244717584,-43.107218853915,49.08345021116785,-5.1636026805313735,88.91820860056744,0.2622654594046785,29.03666090965271
-2.424427558254855,-1.34743538006403,1.6579126372666253,-2.1927483728039583,-4.936526043554998,-1.0122237739061808,28.945112287693807,-28.739792379380305,68.59897880063718,10.184572514020925,-43.17935612158869,49.118829111417114,-2.6584374368458596,88.92730819729388,0.16699433798892915,29.06136441230774
-2.4238784618874964,-1.347131846002244,1.6549609635484965,-2.1921992764366,-4.936222509493211,-1.0151754476243093,28.92417010554074,-28.847985094477423,68.58413500131009,10.083628644529353,-43.226415642504264,49.14315160082485,-0.9893805889527364,88.93142434396394,0.2254003627057406,29.07680106163025
-2.422859195290397,-1.346563604797865,1.6500619701374646,-2.191180009839501,-4.9356542682888325,-1.0200744410353413,28.787195705221237,-28.785280214087525,68.48588443812199,10.103539116419443,-43.30331943627477,49.18289407261056,1.817786988378633,88.93697891601099,0.32273665372600346,29.101797819137573
-2.422401897274275,-1.3465691687943666,1.647856743354505,-2.190722711823378,-4.935659832285334,-1.0222796678183008,28.93084560786287,-28.716102377526898,68.43397562479987,10.34125382854512,-43.34326473852105,49.19833819819769,3.069273378501042,88.93976587250376,0.17430131455639897,29.11452889442444
-2.4213682594209263,-1.345914228643721,1.6422501547395467,-2.1896890739700297,-4.935004892134688,-1.0278862564332594,29.143250270241865,-28.93290196520382,68.51770727445013,10.269024827148808,-43.431877752026246,49.245471365963404,6.303560534403686,88.94038463940491,0.17825961144772418,29.143500804901123
-2.4208494316268805,-1.3456512162682035,1.6399915443647353,-2.1891702461759843,-4.934741879759171,-1.0301448668080706,28.937657703401737,-28.88583732351142,68.24875905239492,10.369052137863061,-43.46756045611718,49.263266073873965,7.618451851059205,88.9406352641779,0.17989098800244863,29.156001091003418
-2.4200305364296586,-1.3450738239689284,1.6347571388842135,-2.1883513509787615,-4.9341644874598956,-1.0353792722885924,28.62920867221332,-28.722108184696197,68.2528587328044,10.222851142026986,-43.551667300450234,49.308713708327296,10.604082520745354,88.93570826151974,0.22577761739970725,29.181261777877808
-2.419445679622001,-1.3450205138646383,1.6320259497457417,-2.1877664941711044,-4.9341111773556054,-1.0381104614270642,28.639365104610004,-28.50756111279682,68.22526521182172,10.44202847031066,-43.60044305358332,49.32822767905632,12.164388650803229,88.93455083957974,0.04488391309007467,29.196151733398438
-2.41874695098023,-1.3445644915571837,1.627329620924158,-2.187067765529334,-4.933655155048151,-1.0428067902486482,28.826309737540708,-28.723802805045242,68.33545148184021,10.319502660477946,-43.67764946535155,49.36887303311449,14.789234642061297,88.92632292350379,0.16078776947490336,29.220458984375
-2.4174236665719855,-1.3435945442702033,1.6195366829212605,-2.1857444811210884,-4.932685207761171,-1.0505997282515456,29.049393703277236,-28.741386580114376,68.27709423082005,10.56140688909947,-43.80186717759806,49.436515463934924,19.077965904793267,88.9082487403419,0.0770793925692228,29.26152801513672
-2.4170078950080023,-1.3434463767158433,1.6172061350899054,-2.1853287095571057,-4.93253704020681,-1.0529302760829005,29.01738889665374,-28.533580661057833,68.27391928668675,10.715801924704536,-43.84198542173947,49.4551584243855,20.334315114604316,88.90250771062836,-0.010363586274695358,29.274357557296753
-2.41616085185258,-1.342834321524227,1.6119093649654013,-2.1844816664016835,-4.931924985015194,-1.0582270462074046,28.75557516726555,-28.492033013917403,68.2197728871885,10.558866882024738,-43.92802614018043,49.501356678322246,23.111994736477804,88.88544839317689,0.09655368113980733,29.30230402946472
-2.415887308355311,-1.3426835711678475,1.6096051930746778,-2.1842081229044146,-4.931774234658815,-1.0605312180981283,28.82539199988032,-28.5102743020288,68.21249080711901,10.61012203009414,-43.96801958515946,49.52145696690697,24.270134952495773,88.87697895913591,-0.16455492863099774,29.31488561630249
-2.4153440813622478,-1.3419578633768923,1.60482897769083,-2.1836648959113516,-4.93104852686786,-1.0653074334819759,28.96497089888626,-28.538468095958883,68.35491466060365,10.581665135731733,-44.04286024055745,49.567432406405615,26.599614561611478,88.85591070566784,-0.0018619488972557718,29.340189218521118
-2.4132328067035074,-1.340010643229281,1.5900934851313653,-2.181553621252611,-4.9291013067202485,-1.0800429260414406,28.716340158725714,-27.729911143168685,67.9144649462151,11.471140718801363,-44.28084623399455,49.701575045679625,33.36479531851079,88.78442252832558,-0.0058522924773769525,29.421672582626343
-2.4124552772730885,-1.3387897217497018,1.583705547995534,-2.180776091822192,-4.92788038524067,-1.0864308631772719,28.934889026874792,-27.564343764945125,67.82304236624375,11.907655668908598,-44.37747177564306,49.76515480471314,35.98135923857633,88.74595456114989,-0.10492809015721694,29.45900559425354
-2.4119204217334627,-1.3381066282128582,1.5790630786347766,-2.180241236282566,-4.927197291703825,-1.0910733325380293,29.06126508136155,-27.474892617953955,68.1603696097579,11.791965962034345,-44.452183812396676,49.80975446949803,37.78402474320615,88.71714645357311,-0.1628239329506207,29.48348593711853
-2.411633158470075,-1.337783771839427,1.5768603669934165,-2.1799539730191784,-4.926874435330395,-1.0932760441793896,28.920006796069423,-27.52161390393283,68.1984521671118,11.58287461598616,-44.487708218996815,49.83052392340186,38.621012053045106,88.7032801922021,0.03571239444329377,29.49579906463623
-2.4111941538323283,-1.336880085729797,1.5717691863708998,-2.179514968381432,-4.925970749220765,-1.0983672248019063,28.914898301154,-27.709372662036948,68.30531574806888,11.309930045447386,-44.56719266423668,49.88275531705716,40.41020093566765,88.66804867231457,-0.05954552886226461,29.524015426635742
-2.41050885447234,-1.336379636525091,1.5690323228167942,-2.1788296690214435,-4.925470300016059,-1.1011040883560117,28.31307812957324,-27.413807009486625,67.93415093414485,11.359907863343636,-44.609128512280016,49.90574196244826,41.467685371167356,88.6514079026196,0.13003897870426195,29.538663148880005
-2.4102703734280997,-1.335472796469189,1.5644758094937656,-2.1785911879772026,-4.924563459960156,-1.1056606016790405,28.690117499133017,-27.21559834157913,68.07656313579605,11.758100964650001,-44.678944135908445,49.95534290903398,42.89249613522934,88.61680172196002,-0.031349705818472184,29.563544273376465
-2.4101555068465554,-1.3352064567260435,1.5624041978347996,-2.1784763213956584,-4.924297120217011,-1.1077322133380063,28.947145702293447,-27.234717423186197,67.99502525149703,12.053867757723431,-44.71371941181081,49.97637682766161,43.52847764524997,88.60146839067718,0.16705913951262463,29.575870037078857
-2.409593863669275,-1.3340679006382108,1.5577090414342591,-2.1779146782183787,-4.923158564129178,-1.1124273697385467,28.643780352661967,-27.176302237818614,67.57415791375276,12.220713738626248,-44.781485365078595,50.02589984058922,44.972228691521686,88.56559418465164,-0.10682785976526166,29.60051727294922
-2.4091841230658684,-1.3335336260290729,1.554289381044489,-2.1775049376149713,-4.922624289520041,-1.115847030128317,28.274545688577202,-27.264747198653815,67.7365363603224,11.644395329255241,-44.83699506635136,50.05904082938667,45.99983610843792,88.54017931178647,0.18164169362163207,29.617732286453247
-2.40826264462803,-1.3318718465505788,1.5457932735481794,-2.1765834591771336,-4.920962510041546,-1.1243431376246265,28.06016419377985,-27.181905634852164,67.87771834357287,11.382173248855535,-44.96893160948883,50.145966454162384,48.34890685193649,88.47319159943459,0.03695571706186884,29.664121627807617
-2.407929781992823,-1.3310898613729165,1.5434122858912667,-2.1762505965419265,-4.920180524863884,-1.1267241252815394,28.022933386545258,-27.206677432591338,67.67358594103389,11.526229981339313,-44.99954755578427,50.172676145383235,48.968659428979244,88.45306092326173,0.1650383986837718,29.6767156124115
-2.4075275202399222,-1.3302615164152702,1.538895015638106,-2.1758483347890256,-4.919352179906237,-1.1312413955347,27.917587964601573,-26.947697666358753,67.37354783882725,11.941978355416813,-45.07146679716964,50.21945579465606,50.084162062581754,88.41590508571085,0.06471130289601801,29.700567722320557
-2.406887708415449,-1.3288524440514695,1.5316528541866958,-2.175208522964553,-4.9179431075424365,-1.13848355698611,27.694203310465294,-26.876785094767325,67.63705608518787,11.539051177515475,-45.185695647683595,50.295422004668644,51.75865746617377,88.35480132904227,0.14437479409819565,29.73869276046753
-2.406314678062753,-1.3277839526669788,1.5266648024716711,-2.1746354926118565,-4.916874616157946,-1.143471608701135,27.635717638109345,-26.8548346256452,67.70779701814284,11.435530969741635,-45.26259348183278,50.3472601715846,52.87040430045425,88.3121909569436,0.13815861106247906,29.763957500457764
-2.4058725291246152,-1.327043759099064,1.524229316930259,-2.1741933436737186,-4.916134422590032,-1.1459070942425469,27.550077839753556,-26.899062145266726,67.51193163423137,11.509572901261617,-45.29557555506737,50.37292626513188,53.421329230546334,88.29105061958356,0.036443184735551526,29.77661371231079
-2.4054729731524565,-1.3261394843505268,1.5190897426921754,-2.17379378770156,-4.915230147841494,-1.1510466684806306,27.55474614296713,-26.866327894371242,67.52093010150459,11.53154882782026,-45.37960324216114,50.42665227962576,54.44504532842333,88.24611792529639,0.14763930743580334,29.803045511245728
-2.405101345481932,-1.325480988191561,1.515585643411078,-2.1734221600310355,-4.914571651682529,-1.1545507677617282,27.590037640412202,-26.518573189077795,67.33179925746339,12.05977294034973,-45.436099781893155,50.46258098351257,55.13696781655707,88.21545647822013,0.023218308899142226,29.821179628372192
-2.4048668740611525,-1.3249857857530796,1.5132214802619113,-2.173187688610256,-4.914076449244047,-1.1569149309108948,27.81517824172488,-26.51446850443628,67.45503213847893,12.161853058741475,-45.47329643000825,50.48754920073003,55.58211724784657,88.19435222382748,0.0247107784555487,29.833537578582764
-2.4041991620336107,-1.3239898812555635,1.508936568847525,-2.1725199765827137,-4.913080544746531,-1.1611998423252812,27.767331282002928,-26.304581248473962,67.29654734094713,12.46202315373639,-45.53854514488097,50.53101210050172,56.41977243873354,88.15649091752532,0.15882901230089175,29.856188774108887
-2.4036476481733144,-1.3230199297832808,1.5039404318597702,-2.171968462722418,-4.912110593274248,-1.1661959793130359,27.73254603375765,-26.43520408026619,67.564899756431,12.05163637452036,-45.61917290627067,50.5824226089201,57.30935779310196,88.11166753349391,0.1901902760475247,29.88008141517639
-2.4030339757743873,-1.3219308813128428,1.4986553811792902,-2.171354790323491,-4.91102154480381,-1.1714810299935159,27.6247438706633,-26.339227681465385,67.67159825494616,11.929795769065741,-45.70350456284276,50.63716131208667,58.20826252704979,88.06365785244222,0.09504106955815406,29.906479120254517
-2.4026719480349965,-1.321297533878797,1.4959424322336758,-2.1709927625841,-4.910388197369764,-1.17419397893913,27.477633944729522,-26.234325365219636,67.6333057461096,11.919255369742476,-45.7453543731552,50.665506815259526,58.658797361123966,88.03873360621135,0.0967574969495546,29.91917061805725
-2.401770230596473,-1.319965792007498,1.4886908100846634,-2.1700910451455764,-4.909056455498465,-1.1814456010881424,27.56180666614309,-26.37397754250353,67.31014680453289,12.189100905560977,-45.86520402557367,50.73836280856344,59.81985576669359,87.97266887376762,0.214092677462006,29.95490336418152
-2.401097857150288,-1.3189587774403042,1.483173138333083,-2.1694186716993915,-4.908049440931272,-1.1869632728397228,27.46176849936843,-26.17671449056967,67.49459219548696,12.088059286675785,-45.95703933029805,50.79395758052426,60.65074027747177,87.9218491058486,-1.030317833118473,29.979902505874634
-2.3996712048674946,-1.3173717637900701,1.4740346316717217,-2.167992019416598,-4.9064624272810375,-1.1961017795010844,27.286772140205546,-26.22514099651311,67.26536492063357,12.094940653129218,-46.11128377162845,50.88164785911066,62.02077414429076,87.83815794191193,-1.2118727793057453,30.022857666015625
-2.3993744306487876,-1.317010368583902,1.471341201993738,-2.167695245197891,-4.9061010320748695,-1.198795209179068,27.300258497692376,-26.29081556434426,67.2520578973271,12.058062722836809,-46.159336938890775,50.907842196308195,62.383415972011505,87.81324649973313,-1.2100672440831879,30.035847902297974
-2.398648436916883,-1.315975742479381,1.4663219481289458,-2.1669692514659857,-4.905066405970349,-1.20381446304386,27.219257290402926,-26.048814144672328,67.23658615756942,12.212923348644964,-46.24149448810093,50.95848226405935,63.05055883069107,87.76583075677281,-1.2068067972716743,30.0600905418396
-2.3973625547109925,-1.3143341019212202,1.4581836447230452,-2.165683369260096,-4.903424765412188,-1.2119527664497607,26.544909766887933,-26.042988531035142,66.49448667547888,12.28592081383349,-46.37604566134969,51.0390494128332,64.10103666276265,87.68880522151309,0.1075397869927448,30.09812331199646
-2.396855164899782,-1.3135915475339477,1.4534633182638461,-2.165175979448885,-4.902682211024915,-1.21667309290896,26.73870855644956,-25.70593892160582,66.68751654670166,12.58645792174783,-46.45918962758513,51.08638665172181,64.64129235903573,87.64383607166475,0.18571518569265955,30.122658729553223
-2.3964630303053216,-1.3131017275684396,1.4509455516945353,-2.164783844854425,-4.9021923910594065,-1.2191908594782708,26.441522595994115,-25.671589502247194,66.60875233623686,12.401368838930999,-46.50156152006942,51.11123187438353,64.9409611987521,87.61978766595179,0.11230648661407017,30.134884119033813
-2.3954673112253353,-1.3117719783914703,1.4425959034061937,-2.1637881257744387,-4.900862641882438,-1.2275405077666122,25.73809591342383,-25.96943519501807,66.655368874478,11.367544467381872,-46.649263523030555,51.19410118418145,65.84870076445885,87.53979168311974,0.2351251121588258,30.177340269088745
-2.3943437681157524,-1.3102542295018995,1.4343447761052164,-2.1626645826648563,-4.8993448929928665,-1.2357916350675897,25.70586672626562,-25.080967106454064,66.3738045449828,12.416825578860703,-46.79183248598126,51.27665627089868,66.70398689075144,87.4598274908628,0.06694635208285815,30.22019863128662
-2.394158378534883,-1.3095645401656324,1.4318555554013748,-2.1624791930839864,-4.8986552036566,-1.2382808557714313,25.627677485949036,-25.20064237437369,66.3290724925636,12.27607074339296,-46.83049180089697,51.30588355015825,66.90369911745412,87.43437324219838,0.19039915279493735,30.2330584526062
-2.3933393944410826,-1.3085505365691712,1.4263834233406811,-2.1616602089901864,-4.897641200060138,-1.2437529878321247,24.471455242741797,-24.66283882383765,65.80920132168717,12.093701272105857,-46.92553683558413,51.3599457886827,67.4469050358973,87.38112472228546,0.10018015768498056,30.26099705696106
-2.393516214208259,-1.3086889762272111,1.4238620142782303,-2.161837028757362,-4.897779639718179,-1.2462743968945758,25.50385433381539,-24.786475362474523,66.3211164225619,12.511199574886092,-46.98281637897452,51.3847532070899,67.62020516054602,87.35725833537772,0.1957507231020501,30.2759211063385
-2.3927809548167733,-1.307352257427351,1.4159730714470613,-2.1611017693658763,-4.896442920918318,-1.2541633397257448,26.606688716332457,-25.136397861738793,67.0805209526214,12.536168233649226,-47.12419919540317,51.46660545326069,68.27522905892934,87.27938334611669,-2.675202434617733,30.31758737564087
-2.3921269604174826,-1.3056995950903636,1.4075673513561324,-2.1604477749665856,-4.894790258581331,-1.2625690598166734,26.026192790126874,-24.628069613023328,66.7272629993071,12.75720960555798,-47.27136624720376,51.55792772151107,68.89328206555558,87.19496041839223,0.3093417779949563,30.362305641174316
-2.391938967086709,-1.3053249316630313,1.4050912711982018,-2.160259781635812,-4.8944155951539985,-1.2650451399746043,25.335503881032203,-24.290646330271084,66.43206758995974,12.645424298479924,-47.317248979619514,51.583671643444156,69.07478640617543,87.17041181213855,0.20303458490549975,30.374842643737793
-2.391865048022483,-1.304824582587243,1.400756868838612,-2.160185862571586,-4.89391524607821,-1.269379542334194,26.094580675899145,-24.439956548244492,66.56144362991522,13.15216419406786,-47.40140079787006,51.63000920911945,69.34762631803076,87.12735125800047,0.2058140751999935,30.399468421936035
-2.391534003919789,-1.3039009909300638,1.3957811146524333,-2.1598548184688924,-4.8929916544210315,-1.2743552965203726,26.548714286038823,-24.49296589862689,66.66056082097737,13.458036596363838,-47.490770902995486,51.684208959459426,69.67355496244538,87.07717720785716,0.20893709017622308,30.42607045173645
-2.3915358743078876,-1.30363884570335,1.3932928487784522,-2.1598566888569914,-4.892729509194318,-1.2768435623943537,26.783996676223538,-24.62048116922452,66.83726509012945,13.391000223056432,-47.539995566990626,51.7110628753675,69.81468719551711,87.05238528320291,0.1776836016507617,30.439043521881104
-2.3909084920407677,-1.3022386431285964,1.3859959193570681,-2.1592293065898716,-4.891329306619564,-1.284140491815738,25.786914022620408,-24.71440743243044,67.01101694443824,12.088359046441639,-47.67087727622068,51.7894830727432,70.28797309550981,86.97873104000652,0.163527829167335,30.47603154182434
-2.390500149119246,-1.3004139725425485,1.380182620917899,-2.1588209636683495,-4.889504636033516,-1.289953790254907,24.94025387469963,-23.70368907302851,66.12781844472792,13.052763453559983,-47.76119118888773,51.8609994581755,70.58905987462022,86.91730886109681,0.1011516749640764,30.503145456314087
-2.3906901285265083,-1.3005691725014252,1.377469126769134,-2.1590109430756117,-4.889659835992393,-1.2926672844036722,26.054083588754708,-23.651769401383117,66.59682538276573,13.761890289884205,-47.8249799745908,51.88757962713591,70.72145121278594,86.89130073440829,0.05140333441577205,30.51877522468567
-2.3905128371633304,-1.300064115377424,1.3744653019908042,-2.158833651712434,-4.889154778868392,-1.295671109182002,26.23484493024323,-23.83279292615186,66.698529140188,13.670692998024657,-47.88110896565043,51.920064030183994,70.8906444963536,86.86094131408787,0.25035547134933855,30.533703565597534
-2.3898018726921304,-1.2985260358781252,1.3682928948227135,-2.1581226872412342,-4.887616699369093,-1.3018435163500923,24.790808395697837,-23.727357615875857,66.05753603080086,12.920060295147083,-47.985987971044054,51.98844416597609,71.25652523960254,86.79742824050857,0.014879091360823438,30.56252145767212
-2.3895121723797925,-1.2979679708189653,1.365617323346791,-2.157832986928896,-4.887058634309932,-1.3045190878260151,24.372556995086033,-23.643148375647375,65.72797534232177,12.899092242074088,-48.03391846219196,52.017102230789526,71.4140569636336,86.77019136060554,0.016570558493812726,30.57520842552185
-2.389649713266693,-1.2970487603812144,1.3603077018221597,-2.1579705278157966,-4.886139423872182,-1.3098287093506464,24.35242715084761,-23.083037873453428,65.51114572839117,13.613034266583588,-48.134387759142875,52.08015475245288,71.6129598299029,86.71542754213814,0.019733155348130804,30.601863384246826
-2.3893489839186897,-1.2966361105913422,1.357292977159351,-2.157669798467793,-4.885726774082309,-1.3128434340134552,24.904409191879434,-22.975034789294405,65.72527039205298,14.068788309425878,-48.193317488934824,52.11033095881092,71.79100355179679,86.68536595739346,0.05926189390813841,30.616604566574097
-2.38917020189355,-1.2956122431574735,1.3523868844999543,-2.1574910164426537,-4.884702906648441,-1.3177495266728516,25.427996525910604,-23.451468122811807,66.27754775396455,13.58902808215786,-48.28270178932674,52.167057942550166,72.00370001889276,86.63465420560475,0.06222177374101001,30.63977813720703
-2.3892698177323752,-1.2953999470806505,1.3499455087193613,-2.1575906322814786,-4.884490610571618,-1.3201909024534446,25.526575797417433,-23.51681950543045,66.34592896243672,13.549397501456431,-48.33379480271186,52.19410647992749,72.09415861961496,86.61008428161831,0.12005789065724537,30.652284145355225
-2.3886793074921626,-1.2931875973302773,1.3401238164857916,-2.157000122041266,-4.882278260821245,-1.3300125946870143,25.90827094412615,-22.878837208518263,66.15479011561422,14.73423309405871,-48.510569904128104,52.30695383245124,72.52262739502649,86.5082474462748,0.13537886576746105,30.700958013534546
-2.3884305079501997,-1.2924240725712217,1.3373178347332981,-2.1567513224993036,-4.881514736062189,-1.332818576439508,25.77936395588848,-22.548771719568222,66.18828502168498,14.875674350015787,-48.558502499522156,52.339802658902684,72.64548188611649,86.47880688704403,0.12766222646476377,30.71354842185974
-2.3882286162211077,-1.2910859347951238,1.3320282732550632,-2.156549430770211,-4.880176598286091,-1.3381081379177429,25.151020080575208,-22.643904822640497,66.27003446982306,14.024321100622428,-48.651733009945936,52.4037075722959,72.83668069516968,86.4231808689724,0.14951111180669407,30.73799467086792
-2.3875446334073858,-1.2891761248342664,1.3266802246147038,-2.155865447956489,-4.8782667883252335,-1.3434561865581023,25.056759238565043,-23.225956561073545,66.32446773708453,13.335112488127297,-48.73410378483901,52.469245998935705,73.06545041508696,86.36576934776187,0.09625925414974201,30.76233720779419
-2.387867722610112,-1.2894078065483041,1.3248469821917612,-2.1561885371592155,-4.878498470039272,-1.3452894289810449,25.309464214874087,-22.719836081981512,66.14663743899666,14.2500404509068,-48.78179224326226,52.48795059048937,73.10733188591519,86.34820011242074,0.23355105379647245,30.77481245994568
-2.387445040835808,-1.2880093830120074,1.319828215774569,-2.155765855384912,-4.877100046502974,-1.3503081953982368,26.352510834797066,-22.50568191638546,66.6312536467476,15.042107408742341,-48.8682231456631,52.547520063977096,73.30289204992563,86.29525131947015,0.14266985946094213,30.79944634437561
-2.3872474181856727,-1.287240503387816,1.3169114683509675,-2.155568232734776,-4.876331166878783,-1.3532249428218386,26.32078517980899,-22.571920368172396,66.78151705602839,14.787895749303562,-48.91963487576803,52.58221434296297,73.40935247451077,86.26453454019996,0.14438727308382227,30.812889099121094
-2.386455923976737,-1.284999552307461,1.3117103698236,-2.1547767385258405,-4.874090215798429,-1.358426041349206,24.19185995635581,-22.374100717638267,65.62203530995059,13.946459145240317,-48.99280720522516,52.6491791889984,73.6122417901987,86.20744227628859,0.1472251731021026,30.837249040603638
-2.386519510232117,-1.2833946822202713,1.3044370604637137,-2.15484032478122,-4.8724853457112385,-1.3656993507090922,26.587018502698403,-22.724668042882705,67.01253497159168,14.686677767701529,-49.129658922987375,52.73867506663646,73.80039820845796,86.13098515580711,0.13735009464675363,30.87654423713684
-2.386470485403146,-1.2811843200423916,1.299201001989632,-2.1547912999522496,-4.870274983533359,-1.3709354091831738,26.50939184468539,-22.811863245174187,67.18551061139526,14.35289446741722,-49.20652649620182,52.814430629023505,73.89081617309316,86.07251174104019,0.19153498991051965,30.901131868362427
-2.38606391421548,-1.2808431681790184,1.2972657989054657,-2.154384728764583,-4.869933831669986,-1.3728706122673404,26.565771030291614,-22.65607126107489,67.17978373281844,14.562385342695627,-49.24438148593082,52.83238454487214,74.0011371386017,86.05302730870474,0.23977904752190504,30.913548946380615
-2.385088162019686,-1.2780529794722748,1.2895184311953565,-2.15340897656879,-4.867143642963242,-1.3806179799774496,26.555350309940565,-21.968425174086207,66.87350624818916,15.539518239647064,-49.36778818278315,52.92863592661403,74.2729888304211,85.96925968304824,0.09872731870817386,30.951943397521973
-2.385151288639282,-1.276204764431873,1.2842829628870565,-2.1534721031883857,-4.86529542792284,-1.3858534482857496,25.946867658792712,-21.82994911564217,66.91590935217403,14.977988917506302,-49.453689936903324,53.001688984838154,74.35596904778912,85.91177957403487,0.2421726468389327,30.979551076889038
-2.384948343265355,-1.2752913655413416,1.2815956352557847,-2.1532691578144583,-4.864382029032309,-1.3885407759170214,25.606348038249447,-22.03086737868899,66.89520255185845,14.441169110682928,-49.49832300761675,53.03608836468342,74.43053727728694,85.88269117941466,0.14513863181045217,30.992033004760742
-2.384318024758702,-1.2732197635263574,1.2770861634295225,-2.152638839307805,-4.8623104270173245,-1.3930502477432836,25.325401522863515,-22.127914021809346,66.48329639393299,14.512398826727082,-49.561704486330285,53.09693409325868,74.56520321452527,85.83241296547915,0.1381300734729587,31.016295909881592
-2.384581573952432,-1.272011787899718,1.2725654095934127,-2.1529023885015355,-4.8611024513906855,-1.3975710015793932,26.39171561243848,-21.97719149960149,67.12611578482749,15.106074786203628,-49.64529140430164,53.15798094335248,74.6227819071942,85.78378139264815,-2.646362576188833,31.040529012680054
-2.384480123946334,-1.2711025632782647,1.2700377084411398,-2.152800938495437,-4.860193226769232,-1.4000987027316663,26.49811133808443,-22.104327109511186,67.42170808580177,14.78493025046002,-49.686864533950725,53.19205811900816,74.67526163587762,85.75610998353883,-2.6450189158450144,31.053083658218384
-2.3839347455873483,-1.2687773845804042,1.2638889286355384,-2.152255560136452,-4.857868048071372,-1.4062474825372677,26.453460382181202,-22.01435580776999,67.19631444764124,15.076134861288397,-49.78557484466207,53.27296559490265,74.83260785316546,85.6887530670049,-2.6416818879265587,31.08458137512207
-2.383619266620096,-1.2677275608094811,1.2608261038585273,-2.1519400811692,-4.856818224300449,-1.4093103073142788,26.400386176333637,-21.867478733419087,67.22919059540912,15.126447065255032,-49.837196746376854,53.311512489379496,74.91973730580831,85.65560029674099,-2.639952571356672,31.09967613220215
-2.3836661238327013,-1.2666949210793474,1.25786587220102,-2.1519869383818047,-4.855785584570315,-1.412270538971786,26.361882646801984,-21.980744923985892,67.3663804566886,14.830041697574186,-49.887439697702945,53.35305523060511,74.95798499891143,85.62307159895038,-2.6384335305950035,31.114734649658203
-2.3831945695722,-1.2643160157601216,1.2521055250318338,-2.1515153841213035,-4.853406679251089,-1.418030886140972,25.668287451436353,-21.754771379686513,67.10359044895225,14.583280174951474,-49.97692825538006,53.431965466097,75.0831565691747,85.5591681687956,0.2828592366422269,31.142048835754395
-2.382289742925714,-1.2637277498045518,1.2498821294565423,-2.1506105574748173,-4.85281841329552,-1.4202542817162636,25.975031385491373,-21.022745221183982,67.04077659038077,15.692409302698682,-50.01740251332348,53.450168864870456,75.23402007149684,85.53642521572779,0.2703948846280819,31.15409231185913
-2.3826749067462325,-1.261939904619006,1.2450411958202756,-2.150995721295336,-4.851030568109973,-1.4250952153525305,25.943506496938667,-21.39527761296449,67.28095988480776,15.037395054138708,-50.09898524102596,53.523030601844496,75.24915652642335,85.48250794945214,0.24924525973246547,31.178309440612793
-2.3826679612257777,-1.2595099171573942,1.2372805160880511,-2.1509887757748807,-4.848600580648362,-1.4328558950847547,26.570887421291616,-21.679623816146545,67.4888607981027,15.225683494061391,-50.238846439468446,53.627504735132085,75.36616071759504,85.39822870909721,0.19709852003546624,31.216574907302856
-2.381933064030168,-1.2572583091223282,1.2317545528345293,-2.1502538785792713,-4.846348972613296,-1.4383818583382766,25.46091276768529,-21.189522269817978,66.85275972133547,15.184054102662236,-50.32685343218226,53.69999364633984,75.50972402904185,85.33722240786173,0.20011688446441012,31.241435289382935
-2.3817601636150556,-1.2569151039594915,1.229382193799887,-2.1500809781641586,-4.846005767450459,-1.440754217372919,25.51983849068782,-20.98944124485209,66.90805779031322,15.370408519307091,-50.37824611822183,53.72515017445485,75.58075802406148,85.31297641010029,0.19225513917563575,31.25343155860901
-2.3817143088835495,-1.254050106548817,1.2205809735929973,-2.1500351234326534,-4.843140770039785,-1.4495554375798088,25.441357354567018,-21.096721536860535,67.21197330024187,14.834029824678515,-50.537087250547984,53.844885170623726,75.70152585836318,85.21698970659845,0.09370495513953703,31.29576277732849
-2.380953351609108,-1.2525520024776455,1.2154293216255163,-2.1492741661582118,-4.841642665968613,-1.4547070895472898,26.588172798304708,-20.795614807154234,67.50766758569303,16.075125630094142,-50.63330021518137,53.90445609408831,75.86065130668653,85.16213637717937,0.09682180670692864,31.320049047470093
-2.381297278275352,-1.250536232407314,1.2090891360145068,-2.149618092824455,-4.839626895898281,-1.461047275158299,26.488648016221266,-20.914276103004475,67.60544237152813,15.737845984826507,-50.750882697198875,53.99460995335792,75.90147177505585,85.09274220355182,0.07189459227095751,31.349035263061523
-2.38102212186865,-1.2487787310890623,1.20344879336281,-2.149342936417753,-4.8378693945800295,-1.466687617809996,25.992994860887823,-20.902817471240528,67.24864807058736,15.593231816206558,-50.855912498241096,54.067804692595296,76.00237653174342,85.03169175826193,0.24861326488749658,31.376143217086792
-2.3800875594230533,-1.247312919320497,1.1981408531916142,-2.148408373972157,-4.836403582811465,-1.4719955579811916,26.593415445321696,-20.286160736182488,67.38780868334547,16.69754816693675,-50.958167397428724,54.12669803989021,76.17650121126741,84.97549619259286,0.13931644947587518,31.400464296340942
-2.3803625063459313,-1.246149844558135,1.1953820258234717,-2.148683320895034,-4.835240508049102,-1.4747543853493343,25.844287359870584,-20.5065470241265,67.28990700588454,15.762303009208347,-51.00427610964275,54.17101895023963,76.16662443015794,84.9442015070452,0.23436835967460246,31.41279411315918
-2.3800721401139615,-1.2437182002302918,1.186661915875007,-2.1483929546630645,-4.832808863721259,-1.483474495297799,25.805936913776456,-20.395967815630435,67.35460748098237,15.74116768277204,-51.175505871167786,54.28243119735469,76.30936532555972,84.85058601911993,0.31433124240323096,31.45537042617798
-2.3797406218580623,-1.2416179707498642,1.1812178333717531,-2.1480614364071657,-4.830708634240832,-1.4889185778010527,25.553765243129572,-20.489891257753456,67.17854970382683,15.571380205603715,-51.27050407193868,54.35768098079694,76.38862111575756,84.79026974332308,0.16235376771806953,31.481446743011475
-2.379743465914748,-1.2411474408067136,1.1788215135185434,-2.148064280463851,-4.830238104297681,-1.4913148976542625,25.55739101119971,-20.51455508611875,67.18382837305982,15.537753763642428,-51.32242831205986,54.386792469565215,76.42526138228108,84.76513607134653,0.22943731643586718,31.493885040283203
-2.3791560039795137,-1.2395603741615768,1.1736559036054435,-2.1474768185286175,-4.828651037652544,-1.4964805075673626,26.069954269852698,-19.98135872381367,67.1641353697402,16.65338704696262,-51.421526168616374,54.450061690880986,76.542227006058,84.70950406031342,-0.7903645360794136,31.51843500137329
-2.3795430520761136,-1.238444214923675,1.1703558804220755,-2.147863866625217,-4.827534878414642,-1.4997805307507306,26.2978117121803,-20.336088952298986,67.46610191462825,16.222425946121803,-51.48423131250193,54.50046794386034,76.53315836071994,84.67295713580552,0.11200334074770213,31.53402829170227
-2.3791409716920295,-1.2366762515904939,1.1646893408767105,-2.1474617862411325,-4.825766915081461,-1.5054470702960954,25.494110015925852,-20.26533309417114,67.30637311517874,15.557012545341712,-51.59375648691848,54.5730715779247,76.63220432586331,84.6116088228617,0.10579611848927861,31.561184644699097
-2.378845872825292,-1.2357335756260301,1.1616086388280245,-2.147166687374395,-4.824824239116998,-1.5085277723447814,25.537116996657666,-20.195748212867638,67.22565805940113,15.765658296002474,-51.653834447497715,54.6114678156518,76.69357177252763,84.57837384737996,0.281158138661433,31.576138496398926
-2.378256571755184,-1.2339709040984097,1.156459438947811,-2.146577386304288,-4.823061567589377,-1.5136769722249952,25.803458079963953,-19.64368347103808,67.21715695828101,16.618317017102868,-51.75051502683281,54.676993474496605,76.79703723879086,84.52224070567287,0.31690815390769833,31.601892232894897
-2.3783349554901596,-1.232985084947317,1.153760612911265,-2.1466557700392626,-4.822075748438285,-1.5163757982615411,24.993443581455363,-19.708924440894293,67.14611855563261,15.696377042637463,-51.80074269423344,54.716547248760065,76.80946892991612,84.49229246766407,0.3182390384489202,31.61424994468689
-2.378573047554143,-1.2314756615406708,1.1486714600289107,-2.1468938621032465,-4.820566325031638,-1.5214649511438953,25.979752170693935,-19.883348000268597,67.76907210886424,15.944519975207061,-51.9034882282074,54.787706224340994,76.83669674326872,84.43694928429794,0.17073119020826422,31.641374349594116
-2.3781707362294093,-1.2307316488808933,1.1466410373890636,-2.1464915507785127,-4.81982231237186,-1.5234953737837422,25.604674152618273,-19.960204221428025,67.47220089187788,15.783237812168283,-51.94073692801449,54.81230614405031,76.89104089036988,84.41476664413516,0.1297004881134094,31.653388261795044
-2.3775908831907415,-1.2290702801126192,1.1419156702195061,-2.1459116977398454,-4.818160943603587,-1.5282207409532997,25.427504100071385,-19.57170026817831,67.14456812370173,16.338077299891406,-52.02986414940216,54.872731673411295,76.98372502553903,84.36308893998334,0.3341073288419385,31.67816710472107
-2.377599913390366,-1.2274549858055257,1.1378924602335543,-2.145920727939469,-4.8165456492964935,-1.5322439509392516,25.48023184796168,-19.234596294707668,67.18082185244471,16.689406248187026,-52.10268029633567,54.93250750700921,77.00533149228136,84.31800662968382,0.293840421997396,31.70101046562195
-2.377436174863405,-1.2265228591790107,1.135083249211882,-2.1457569894125084,-4.815613522669978,-1.535053161960924,25.215456854630936,-19.466118973994746,67.33689546565411,15.969367628880457,-52.15761712518348,54.96981523271252,77.04371294527402,84.28732756656441,0.19684224023162722,31.715615034103394
-2.376224323284193,-1.2239828043538044,1.128649753803626,-2.1445451378332967,-4.813073467844772,-1.54148665736918,25.56715659320861,-19.15911178109379,67.17796539199863,16.881356148647786,-52.27389526391646,55.05115423135157,77.19501710619949,84.21624778255436,0.20051549083280085,31.754501342773438
-2.376722839125933,-1.2221667450466203,1.1245032775137571,-2.145043653675036,-4.811257408537587,-1.5456331336590488,25.28228789437345,-19.33863622810373,67.27555560650016,16.261744743454386,-52.34768530736211,55.120423840140006,77.16350963834385,84.16888824156456,0.23509427158527352,31.77834701538086
-2.3765866278751897,-1.2197154692439396,1.118495574740968,-2.1449074424242935,-4.808806132734907,-1.551640836431838,25.720697504179107,-19.37183030180457,67.4602080916224,16.532712880341762,-52.45758803082021,55.20884987165164,77.20514056808942,84.10149177026983,0.21459896394733224,31.815444707870483
-2.3757550287955143,-1.2156601563446865,1.1090572464724038,-2.144075843344617,-4.804750819835654,-1.5610791647004023,25.630812710705808,-18.899575056969177,67.24570477436941,17.15993657680555,-52.6262883192573,55.34374614446497,77.31815994603551,83.99528313563196,0.15373769814309002,31.87137222290039
-2.375687004210058,-1.2140009571973103,1.1049356490605997,-2.1440078187591616,-4.803091620688278,-1.5652007621122064,25.718942241478167,-19.139825841292627,67.4796406123061,16.75779750388368,-52.70346840485576,55.40459599822323,77.34330851949001,83.94907632717846,0.2918269581141164,31.895734071731567
-2.3757132677804194,-1.2120113289019834,1.1008061263243127,-2.1440340823295228,-4.801101992392951,-1.5693302848484934,26.021969578104564,-19.374343871628014,67.78867820808021,16.53127302007249,-52.774277336892936,55.4710077539412,77.34837335707358,83.90156607325439,0.22798329749282908,31.92052388191223
-2.3753497985416736,-1.2112108455489388,1.0987280997972118,-2.1436706130907774,-4.800301509039906,-1.5714083113755943,25.812044466869118,-19.17962255721831,67.53709237181397,16.7736405346153,-52.81370171503097,55.49756393825014,77.39162825464776,83.8786052033364,0.23385508965792123,31.932820796966553
-2.374951364911471,-1.2088795635790264,1.0940157782951743,-2.1432721794605745,-4.797970227069994,-1.5761206328776316,25.11037886691512,-18.85767954776626,67.10181532732149,16.793213793873434,-52.89307121535778,55.56947608734278,77.43305174036739,83.82443498736234,0.31587154046729493,31.959436893463135
-2.3751901457119713,-1.2084853524725727,1.092071824467308,-2.1435109602610747,-4.79757601596354,-1.578064586705498,25.42748473656758,-18.98593990384201,67.21648039155366,16.8953886470512,-52.938918112632756,55.596130655005204,77.43330063548377,83.80381922828744,-0.8795148122490763,31.972015857696533
-2.3748030526277426,-1.2047409748274724,1.0844025226408607,-2.143123867176846,-4.79383163831844,-1.5857338885319454,25.16757842752972,-18.86397047220111,67.30261219956549,16.629316827872785,-53.07096692097674,55.71567260661202,77.4777471851082,83.71562720388079,0.19847600202631055,32.01522660255432
-2.3749122159804283,-1.2013157442333378,1.0773195335816963,-2.1432330305295313,-4.790406407724305,-1.5928168775911098,25.686830255740226,-18.95323967309915,67.82191494259646,16.55742297942981,-53.19558697406335,55.83107302162117,77.47841495270029,83.63396811055513,0.07490927631338806,32.05459427833557
-2.3747913975441475,-1.1996645866606235,1.0729673969790476,-2.143112212093251,-4.788755250151591,-1.5971690141937582,25.56803287343956,-18.466446315921633,67.61659058546707,17.139963192344606,-53.282186883572315,55.89387028216892,77.50978717134444,83.58550307981744,0.2835443668350548,32.08112382888794
-2.3746336298544084,-1.1984827311156723,1.0705152883170732,-2.142954444403512,-4.78757339460664,-1.5996211228557329,25.517703674581185,-18.359172082421722,67.71659735395762,17.07321926934827,-53.325553808609186,55.93166608003483,77.52673394324623,83.55735584733823,0.28939841500526464,32.09316658973694
-2.374411997351605,-1.1953832944065719,1.063527066691135,-2.1427328119007085,-4.784473957897539,-1.606609344481671,25.59266028214192,-18.38677948783865,67.62162782401553,17.26026915152515,-53.45611380961801,56.0384155792727,77.5636290443151,83.47793624350143,0.19420330352129067,32.133790493011475
-2.374536114054012,-1.1932046864317292,1.0593173985755402,-2.1428569286031154,-4.782295349922697,-1.6108190125972657,25.786671315014264,-19.083852753783194,68.0143157968739,16.35001554643664,-53.52899517681495,56.10989981446885,77.55385168318001,83.4288190598809,0.20533731838822877,32.1578528881073
-2.3740804052212203,-1.1894911462589852,1.0521203849833571,-2.142401219770324,-4.778581809749952,-1.6180160261894487,25.15075858475586,-18.355612097190477,67.78204962348222,16.600054610197763,-53.65352663806653,56.2247176561007,77.59316280066086,83.34525147727095,0.1241726373292753,32.19684290885925
-2.3736175432790807,-1.1882610714653723,1.0492349326188104,-2.1419383578281836,-4.77735173495634,-1.6209014785539955,25.363380196638985,-17.823435167349288,67.8051235093545,17.365807386244335,-53.70889755825413,56.2641708903782,77.63989999665557,83.31282345375298,0.2477166914568616,32.21420335769653
-2.3744142683345615,-1.1839911911449907,1.0404265283880658,-2.1427350828836653,-4.773081854635958,-1.6297098827847403,25.25774165927544,-18.124083026105723,68.01405935065667,16.69264930065545,-53.87195394906931,56.41635051184533,77.58425884679752,83.21069198183719,0.14334872362559148,32.2677206993103
-2.374765570175991,-1.1827105948484515,1.0381813407987055,-2.143086384725094,-4.771801258339419,-1.6319550703741006,25.850390130245312,-18.553929813627597,68.40338430096581,16.5259079179976,-53.90988323284353,56.45946510230572,77.55241312377248,83.1838748870123,0.17224753700737372,32.280372858047485
-2.3741298177954953,-1.1813621256871603,1.0357177419553603,-2.142450632344598,-4.770452789178128,-1.6344186692174458,25.22210524357924,-18.27156713877476,67.9578698605734,16.59356013563575,-53.950985463584246,56.49472475082524,77.60180895608245,83.15523350674115,0.2298471727746607,32.29513645172119
-2.374267545895888,-1.1796369974050012,1.031746948720556,-2.1425883604449916,-4.768727660895968,-1.6383894624522501,25.86719497815196,-17.902063231310482,68.21345611870636,17.438945878487285,-54.02946542083407,56.55828145276312,77.60117058509921,83.11001840349985,0.19409401887477928,32.31983733177185
-2.3741308757377633,-1.1781026785471294,1.029290645694393,-2.142451690286867,-4.767193342038096,-1.640845765478413,25.146291792144766,-17.939476674706974,68.00584310009933,16.784576883485855,-54.06757768983311,56.6016333288075,77.6042732139609,83.08047828443794,0.21384757734709492,32.332356691360474
-2.3741279458251956,-1.1748383214808726,1.0222110734623158,-2.142448760374299,-4.76392898497184,-1.6479253377104903,25.665440790002563,-17.763762405204055,68.50813968703805,16.99056526127056,-54.204254174190005,56.715012328949655,77.61704952891981,82.99929288390574,0.22173353443120947,32.37590003013611
-2.3740465300556153,-1.173522170439613,1.01936167181794,-2.1423673446047187,-4.76261283393058,-1.650774739354866,25.400724273186672,-17.57248787497838,68.22474912040664,17.209252701204065,-54.25940312587086,56.75983934009415,77.62834046003957,82.96664673872388,0.06822407188295854,32.3939254283905
-2.373958255946356,-1.1709373815071327,1.0142386737877773,-2.1422790704954595,-4.7600280449981,-1.6558977373850288,25.5703446847418,-17.40875492962056,68.40310458639432,17.375380095780795,-54.35436962838809,56.8441935083815,77.63737140087213,82.90711278117165,0.30974778350393084,32.42366027832031
-2.374968809261347,-1.168682887965457,1.0112633463540495,-2.14328962381045,-4.757773551456424,-1.6588730648187566,26.2163698983264,-18.699550904403235,69.32868478371374,15.768252871268235,-54.39527265058646,56.91543615235286,77.53805662891897,82.8691908272498,0.08971872396286651,32.4365930557251
-2.3739222900459422,-1.1666195867980222,1.0052544138262034,-2.142243104595046,-4.75571025028899,-1.6648819973466025,25.998261188460578,-17.361117072419297,68.46793422564814,17.890133750589726,-54.527386212389764,56.99066035110906,77.65003268389844,82.80339420560149,0.21988602154361914,32.47637414932251
-2.3737585392735525,-1.1634500308530498,0.9985526860207573,-2.1420793538226555,-4.752540694344017,-1.6715837251520487,25.71473711992396,-17.078060050380998,68.36138128086947,17.969210547180822,-54.65860624621168,57.09787420674446,77.67113246213786,82.7262610073582,0.2604637520847142,32.51478886604309
-2.373659588744501,-1.1611476413968869,0.9942635939886898,-2.141980403293605,-4.750238304887854,-1.6758728171841162,25.821003592815643,-17.099477502466012,68.47794451392483,17.949204764580386,-54.73715804245028,57.17050619406038,77.67608226902425,82.6758715619316,0.19659682771077192,32.53956151008606
-2.3735945165863486,-1.1598250495652327,0.9917714285760829,-2.1419153311354524,-4.7489157130562,-1.678364982596723,25.919449403273596,-17.104570353048974,68.53159574408298,18.00753302186768,-54.78332807461607,57.21244819511872,77.67993336863627,82.64664679805483,0.39471673570696053,32.55203461647034
-2.3734119766282427,-1.1574529589355862,0.9869430309614192,-2.141732791177346,-4.746543622426554,-1.6831933802113868,25.653790872120197,-16.977467229205743,68.4617224054845,17.90330157216162,-54.87730346342985,57.290464574324936,77.69694059389685,82.59074636371214,0.3452826500746462,32.57978653907776
-2.373584546221622,-1.1564321660447472,0.9847950431829066,-2.1419053607707257,-4.745522829535714,-1.6853413679898994,25.73198398907661,-17.13669768025954,68.70470848271395,17.53761404685544,-54.920542424711655,57.32747795224394,77.68653289312357,82.56587216200384,0.03180279874384029,32.591952085494995
-2.3730882011939842,-1.153476291432477,0.9796703731776607,-2.141409015743087,-4.742566954923444,-1.6904660379951453,25.409317732802897,-16.961427138655772,68.5896040065285,17.47507245161684,-55.010960259689604,57.413363467862936,77.71432228197054,82.50504746450288,0.20294803465560252,32.619301080703735
-2.372980092945613,-1.1525057737138038,0.9775431114409513,-2.141300907494716,-4.741596437204771,-1.6925932997318547,25.37644468825068,-16.741314810452902,68.48834155553735,17.78765373905708,-55.054533465178096,57.44646010321395,77.7257265403393,82.48069502269442,0.2086426891537756,32.6324667930603
-2.3728067255636938,-1.1504202307225038,0.9733801206588751,-2.141127540112797,-4.739510894213471,-1.6967562905139308,25.58633730855716,-16.60783693482979,68.56667162602432,18.100926254577153,-55.13610194798233,57.51435207673822,77.73984732808917,82.43231920377733,0.2902613585499907,32.65840482711792
-2.372633248902165,-1.1491189352015314,0.9713402168458077,-2.1409540634512685,-4.738209598692499,-1.6987961943269982,25.677534415702574,-16.783105909237836,68.53146521499843,18.095713808249776,-55.16988823301879,57.550686540617484,77.74538195966802,82.40761295217453,0.09403006619085064,32.67057275772095
-2.3725900954332246,-1.1467059518441085,0.9674691553875628,-2.140910909982328,-4.735796615335076,-1.7026672557852431,25.63873916527871,-16.81104323995355,68.53149448826564,18.038694932602603,-55.23608178202947,57.62200603769393,77.73663479883199,82.36078635656435,0.10956134075770319,32.69476866722107
-2.372495253543243,-1.1441286996816618,0.9636015091190752,-2.140816068092346,-4.733219363172629,-1.7065349020537308,25.679843931329607,-17.437613116110548,68.87273233002023,17.05418768988047,-55.29880081355193,57.69518378876545,77.72714929626473,82.31338757962467,0.18133801905450264,32.71913385391235
-2.372338695379775,-1.1434322302916944,0.9620654299876531,-2.140659509928879,-4.7325228937826616,-1.7080709811851529,25.906141266988165,-16.99100419571813,68.82354427150969,17.853275401273823,-55.330834937349564,57.7182682012799,77.74092070176782,82.29584067815607,-0.8266317727183368,32.73118877410889
-2.372058994683053,-1.1400580641178217,0.9574019543811604,-2.140379809232156,-4.72914872760879,-1.7127344567916456,25.084908721993806,-17.096006226598217,68.65472908110814,16.94995724135649,-55.400888533449006,57.80873305271827,77.73409547211297,82.23773630863069,0.16496885821022245,32.76106309890747
-2.3717654694063324,-1.1388258786685668,0.9556424199925938,-2.1400862839554358,-4.727916542159534,-1.7144939911802122,24.99136972519828,-16.915708999792166,68.50207593889849,17.22248502559148,-55.42799631057284,57.84028299052703,77.74602776932085,82.21604831350966,0.04839675258662135,32.77483892440796
-2.371704626553258,-1.1368507549162472,0.9526369937285083,-2.1400254411023614,-4.725941418407214,-1.7174994174442977,25.425735280535253,-16.77268560795519,68.81456796342661,17.542789510387337,-55.478211400537575,57.89711379290691,77.73857051933582,82.17927079981195,0.18085711633984625,32.79885387420654
-2.371356677763516,-1.1353193757557611,0.9507225577071804,-2.13967749231262,-4.724410039246728,-1.7194138534656256,24.992938643079135,-16.912561033347636,68.54157533186695,17.21601494222134,-55.503627593556764,57.93397144207751,77.74832215506196,82.15495405592577,-0.9163053465894575,32.81145787239075
-2.3713653417509164,-1.1332919752609552,0.9478370988871677,-2.1396861563000202,-4.722382638751922,-1.7222993122856383,25.340684465759605,-16.69897465628836,68.7476198289584,17.635148631681876,-55.5493914684624,57.99126310988735,77.73297134823768,82.11909887633443,-0.08959973870669025,32.83681678771973
-2.37128067132745,-1.131486026750086,0.9454522668577371,-2.139601485876553,-4.720576690241053,-1.724684144315069,25.48878454161661,-16.864790928765224,68.86152085534708,17.53289156411724,-55.58428238590429,58.03956595625111,77.72333345768409,82.08900608132195,0.1879849041745385,32.854706048965454
-2.3710683859606214,-1.125617135280105,0.9373383934814238,-2.139389200509725,-4.714707798771072,-1.7327980176913822,25.15256301212982,-16.786011379815402,68.5170161293847,17.68548847153818,-55.71032456000552,58.20103267355405,77.69308771507988,81.9875631494611,-0.9071797474742089,32.91938591003418
-2.371345669230404,-1.1244557222168428,0.935505510904468,-2.139666483779507,-4.71354638570781,-1.734630900268338,25.835026656382585,-17.18074035492745,69.06312815003264,17.46987111311388,-55.74334768323207,58.23866081248813,77.66824155064002,81.96510704074981,0.1020862136951517,32.933922290802
-2.370857523187829,-1.1215670738576757,0.9316519046156823,-2.139178337736933,-4.710657737348643,-1.7384845065571237,25.269866110908065,-16.854845368946414,68.84588860110352,17.385160821367908,-55.80092512235811,58.312891606252265,77.67823271407288,81.91667969116926,0.16918449879066655,32.961164474487305
-2.370814778556822,-1.1210329996063213,0.9306310870045368,-2.1391355931059253,-4.7101236630972885,-1.7395053241682692,25.471899920252593,-16.677910370041907,68.83054293092327,17.847758571326953,-55.821598719141306,58.33010677901152,77.68097021392663,81.90468931191359,0.16024153091628568,32.97299075126648
-2.3708404304172346,-1.1187896251414344,0.927351239058137,-2.139161244966338,-4.707880288632402,-1.742785172114669,25.185956634372612,-16.961867801250072,68.72931821208205,17.343967759084983,-55.8766923540201,58.394963534397405,77.66488214776827,81.86406673986643,0.08157906617172728,32.9970645904541
-2.370815315329952,-1.1176291193846952,0.9256529901199148,-2.139136129879055,-4.706719782875663,-1.7444834210528912,24.895839135032148,-16.652074985002304,68.5580496508118,17.512026359243716,-55.90527715463794,58.42814501567443,77.65925167347655,81.8430496637499,0.18069181345498286,33.00990009307861
-2.370975637792622,-1.1138585232498046,0.9201609226488218,-2.1392964523417253,-4.7029491867407724,-1.7499754885239842,25.018738999650814,-16.966644629526705,68.75763949010926,17.129735324216835,-55.99832570318603,58.53842264568319,77.62448542670745,81.7748763754897,0.04171091494280299,33.05078387260437
-2.370748310125144,-1.1116122573859124,0.9169466903283555,-2.1390691246742475,-4.70070292087688,-1.7531897208444505,24.722781122930094,-16.764323064700715,68.49451596244792,17.313758270822554,-56.051619280344575,58.60020690906098,77.62494664356338,81.73495703986362,-0.041575480841155255,33.07816004753113
-2.3714836501138126,-1.1106655532907237,0.9152128389524811,-2.139804464662916,-4.699756216781691,-1.754923572220325,24.812016261817323,-17.216939520207397,68.71761261600876,16.68302689869234,-56.08818291486831,58.6387845198616,77.57449523655305,81.71403990307807,0.18398266240278938,33.090590715408325
-2.3716920520889833,-1.1081041383849994,0.9118543665309925,-2.140012866638086,-4.697194801875967,-1.7582820446418135,24.97953212356414,-17.02534054480087,68.7578720880078,17.067525200813243,-56.140378105976545,58.71138055196804,77.54004928148944,81.67127185424154,0.10982408012106548,33.11735796928406
-2.371252751596683,-1.1078514666737833,0.9106509600472096,-2.139573566145786,-4.696942130164751,-1.7594854511255964,24.600198657357538,-16.825211069915795,68.62422362437545,16.940802858472043,-56.17315139502892,58.72204174596198,77.57884751702144,81.65875725123855,0.29367362297300126,33.13015818595886
-2.3714531518826094,-1.105921176845818,0.907877197058535,-2.1397739664317132,-4.695011840336785,-1.762259214114271,25.493537479190277,-16.044387722046004,68.43497515090183,19.152280628493003,-56.22082804529089,58.77961393997256,77.55334096023698,81.62412560608819,0.17720156652811925,33.15571594238281
-2.3727446825045275,-1.1023631315498321,0.902887047224877,-2.141065497053631,-4.6914537950407995,-1.767249363947929,26.05024701842187,-17.309796634539932,69.26834936727971,17.540592001260816,-56.30708313252414,58.89445636451073,77.44457211298233,81.56102059323652,0.08436983171097978,33.19668006896973
-2.372290357041514,-1.1017970604774099,0.9015905122075422,-2.1406111715906175,-4.690887723968377,-1.7685458989652638,25.376647581028088,-16.13485650186684,68.46874512317518,18.896256441068992,-56.3361296862466,58.91057504460666,77.47739341023333,81.54639077979203,0.09923772216270788,33.21188259124756
-2.373615990236952,-1.0999890692777106,0.8989462920298393,-2.141936804786056,-4.689079732768678,-1.7711901191429666,24.747821319170985,-16.799104439621278,68.63884368358602,17.19215610342256,-56.38527525898161,58.97711866677943,77.3803439354216,81.51292449078915,0.06666192136267401,33.236247301101685
-2.374156565668033,-1.0970601587038553,0.8944503848741264,-2.1424773802171364,-4.686150822194823,-1.7756860262986796,24.894419941497674,-15.855937395683766,68.33044958688912,18.765746584422747,-56.4691158838523,59.0699973387137,77.33195925831932,81.45739173085082,0.19934505250838797,33.276894092559814
-2.3742834343902715,-1.0960540658163116,0.8930802392752083,-2.1426042489393753,-4.685144729307279,-1.7770561718975977,24.577799042092103,-15.405847720353627,68.08586727353035,19.14615526384495,-56.4921270078727,59.099627309416135,77.31699318303717,81.4400370572377,0.134025248244257,33.289795875549316
-2.3744458709450713,-1.0941355965700235,0.8901786380174664,-2.1427666854941747,-4.683226260060991,-1.7799577731553395,24.430168717949805,-15.552675332973127,68.04983958535314,18.863163396574294,-56.54563908054681,59.15809811566681,77.29756067204808,81.40416093418098,0.19124552280923446,33.316149950027466
-2.376618045494167,-1.0914599745640619,0.8863725158425185,-2.14493886004327,-4.6805506380550295,-1.7837638953302875,24.22952152609886,-16.6866998849782,68.00100779365692,17.51133797148024,-56.61659588617835,59.257872761710395,77.142578469957,81.3554689136059,0.20553561908233098,33.353683948516846
-2.377714511120426,-1.0883816315675037,0.8821862606099226,-2.1460353256695295,-4.677472295058471,-1.7879501505628834,24.61027175736412,-16.125206279389605,68.33366957941513,18.165110194450794,-56.68939623658735,59.35610005184412,77.05331022638038,81.30199210297978,0.21569150917193802,33.39341425895691
-2.378849371575641,-1.086926446744927,0.8800940418215563,-2.147170186124744,-4.676017110235895,-1.7900423693512497,24.536076737994126,-14.907778566801293,67.88568562738669,19.915812294284265,-56.72908166638744,59.410104153532906,76.97376058658118,81.27526757181158,0.1454636562477747,33.41870450973511
-2.3790974948904453,-1.085405353244158,0.878592884654407,-2.1474183094395487,-4.674496016735126,-1.791543526518399,23.607817351753717,-14.999337107461843,67.61977854155302,18.963944710133458,-56.745575069376834,59.45015836145632,76.94145209813757,81.2544938173684,0.23006446792547086,33.43438124656677
-2.3808712707486315,-1.0825816892702758,0.8748436120936186,-2.1491920852977344,-4.671672352761243,-1.7952927990791874,23.88326631954812,-15.192148076594854,68.05847439354679,18.555678733860006,-56.8117069433928,59.54752562068994,76.8118308337288,81.2058243255525,0.2068881880934481,33.47369837760925
-2.3817841379136895,-1.080676679604421,0.8726308774972035,-2.150104952462793,-4.669767343095389,-1.7975055336756025,24.234719505102927,-14.50967182131772,68.21720396586315,19.54453295898537,-56.84519183533246,59.6072306936654,76.73874352888635,81.17619799768761,0.047484733364558274,33.4983594417572
-2.3822405828892586,-1.0789508865729776,0.8709248804937814,-2.150561397438362,-4.668041550063945,-1.7992115306790246,23.939859254067898,-14.832605010397653,67.99426882980165,19.129424579323963,-56.86469238603427,59.65461480161816,76.69214445216204,81.15245519461457,-0.9564678077284623,33.51346445083618
-2.383712473065727,-1.0763011036005172,0.8680971514239565,-2.152033287614831,-4.665391767091485,-1.8020392597488495,23.884068822505572,-14.964773363964884,68.00044789015541,18.929359130901315,-56.903495106574475,59.737424626096356,76.57570872328448,81.11349963940657,-0.027597254669884386,33.54111456871033
-2.3844668289736344,-1.074198516682031,0.8656284639142909,-2.1527876435227378,-4.663289180172998,-1.804507947258515,23.396853416754567,-14.326736038602196,67.47802901887526,19.665234588732858,-56.94128425351015,59.801028490573586,76.51281787451636,81.08062317360736,0.12279827937859888,33.56995177268982
-2.3852892865340984,-1.0715016994045692,0.8628550292638738,-2.153610101083202,-4.660592362895537,-1.8072813819089322,23.581826003608608,-14.765874817458721,67.60987023035348,19.305344124821005,-56.976178157665785,59.87737977493023,76.43642772571924,81.04232797049974,0.10417556344663881,33.5979688167572
-2.3859035505566037,-1.069802564873043,0.8612650302367783,-2.154224365105707,-4.65889322836401,-1.8088713809360277,23.55347534028082,-14.766749704080429,67.73467040590202,19.116675857621434,-56.99303685491951,59.92499404200499,76.38052427092202,81.01965140256404,0.13226902798421536,33.610838890075684
-2.386412137430545,-1.0673802388597857,0.8587633228045254,-2.1547329519796485,-4.656470902350753,-1.8113730883682806,23.261094183134013,-14.075413459196628,67.41051397352494,19.91771203688946,-57.02451790767589,59.991381450592876,76.32711660020435,80.98525140671961,-0.810534181283431,33.64125967025757
-2.387063359202723,-1.065674425257602,0.8571872242390478,-2.155384173751827,-4.65476508874857,-1.8129491869337582,23.8275050469545,-14.427221361626538,67.8705662793589,19.70943708843503,-57.04096901975709,60.039397667619355,76.26918793291516,80.96262833711967,-0.05994077100231632,33.654386043548584
-2.3875852607790664,-1.0620960860779198,0.8538655370586755,-2.1559060753281694,-4.651186749568887,-1.8162708741141305,22.85664795376687,-13.795225843505472,67.21406422364738,20.000168194266372,-57.0744122935702,60.13165755301231,76.20036345838791,80.91551952891432,0.14671544427975958,33.69369721412659
-2.3886827521633576,-1.0579339267609185,0.850162849917346,-2.1570035667124605,-4.647024590251886,-1.81997356125546,22.61145264483217,-14.125970406365632,67.36096687591973,19.15682030469862,-57.109028756389236,60.242600772486945,76.08912098527554,80.86190881465465,-0.055115946109249414,33.73336863517761
-2.38917813138681,-1.0551206445844665,0.8478649288512757,-2.157498945935914,-4.644211308075434,-1.8222714823215302,22.64267867151342,-14.144321801235082,67.28629063250088,19.329017986505303,-57.124889225403095,60.31316997725244,76.02671074222947,80.82777969887091,0.1653207543794455,33.75791549682617
-2.389383227870524,-1.0537662850434142,0.8469797533258839,-2.1577040424196268,-4.642856948534382,-1.823156657846922,22.537169083588466,-14.357700920527387,67.28611655387076,18.97964994069823,-57.124731708057226,60.344692247153056,75.99578300912499,80.81350236152021,0.10416380716991291,33.77013921737671
-2.3893637226737274,-1.051271704177055,0.844864538490628,-2.1576845372228304,-4.640362367668022,-1.825271872682178,22.689131553863565,-14.298983963121437,67.17939667939136,19.443728355695047,-57.14063176044905,60.40341788881164,75.96969387037102,80.78276098998742,0.015217398780106972,33.795403480529785
-2.389890057037326,-1.0471531290848979,0.8418190875198776,-2.158210871586429,-4.636243792575865,-1.8283173236529284,22.72515115875738,-14.951329025174207,67.47781945781504,18.463546286982872,-57.15247716592667,60.501890305525954,75.8872999931662,80.73591389644702,0.07598030342981854,33.83463215827942
-2.3899312869945355,-1.0439946130153728,0.8396123511791,-2.1582521015436384,-4.63308527650634,-1.830524059993706,22.719486584436353,-14.596354131716728,67.29952630363776,19.130954669551407,-57.15628485927972,60.572573915384886,75.84450432181482,80.7014442970165,0.061814901171300285,33.8598952293396
-2.3902381927773715,-1.043281106874683,0.8389565783998019,-2.158559007326475,-4.63237177036565,-1.831179832773004,22.163186665456465,-14.123421432222543,67.06298058030096,19.189155408654365,-57.16335792322869,60.593104036907974,75.81927754092315,80.69192585091628,0.15089766529317483,33.87183237075806
-2.390379390734352,-1.0406074804367667,0.8371329175120962,-2.1587002052834547,-4.629698143927734,-1.8330034936607098,22.06434192312707,-14.237468422975331,66.88737979061669,19.225393981543927,-57.165273676190296,60.65367599447485,75.77643519504718,80.6630728876696,0.127281198187446,33.89711928367615
-2.390967338304001,-1.0386327655363232,0.8356906893057287,-2.1592881528531045,-4.627723429027291,-1.8344457218670773,22.28847442981879,-15.08804154782183,67.27472073357677,18.136457229121206,-57.171128197708896,60.704284194445535,75.71752924804375,80.64048633160597,0.17860468104828975,33.91094255447388
-2.390386464573406,-1.0363810344898103,0.8340944556072001,-2.1587072791225097,-4.625471697980778,-1.836041955565606,21.88259132145574,-14.358501131583289,66.62232249651393,19.290756187578797,-57.17340122264249,60.7488819707567,75.72415962072601,80.61606260670688,0.12254029797082167,33.9347448348999
-2.390903919712692,-1.0340003059564549,0.8326007092113819,-2.1592247342617954,-4.623090969447422,-1.837535701961424,21.92710865237188,-14.717257358530158,66.97075844070807,18.52763932829126,-57.17133946387304,60.80566359232991,75.66154372290606,80.59130365457048,0.24411192473234555,33.96111488342285
-2.390789139042231,-1.0323777425488463,0.8316469731948765,-2.1591099535913347,-4.6214684060398135,-1.8384894379779295,21.861897215075242,-14.350144681314244,66.64119028279839,19.31748645348148,-57.16661408507076,60.839033420852886,75.6457370985287,80.575372386003,3.8580408365351815e-05,33.97609758377075
-2.3908021315709105,-1.030894118661367,0.8306596034164606,-2.1591229461200143,-4.6199847821523345,-1.8394768077563453,22.28536042992267,-14.898395078891527,66.98870436740592,18.875496701083236,-57.16666776706736,60.871882151818326,75.62597211169512,80.55959893614965,0.07972289692525525,33.9907546043396
-2.3902236528489462,-1.0286610773347047,0.8291201830634783,-2.158544467398049,-4.617751740825672,-1.8410162281093276,21.940308332517127,-13.550403336582537,66.01910433642637,21.20267312275313,-57.167359374061405,60.91584681827552,75.63224320077958,80.53575712513701,0.11746206366510936,34.015602350234985
-2.3912804614533534,-1.024655311343748,0.8265769265093784,-2.1596012760024568,-4.613745974834716,-1.8435594846634276,21.757785190386237,-14.881844942369337,66.77467349296465,18.567696994781848,-57.16532380959898,61.013826611226776,75.5177194967443,80.49356230367053,0.10261227214414248,34.053502559661865
-2.391330053577189,-1.0226630986901555,0.8255229361414715,-2.1596508681262923,-4.611753762181123,-1.8446134750313345,21.6035565748522,-14.730345343463643,66.56363811398768,18.845444081664358,-57.15565581622044,61.05574243356426,75.48598761767727,80.4749406261454,0.19146067957450796,34.077261447906494
-2.391323632569886,-1.018882651970052,0.8230859460590332,-2.159644447118989,-4.607973315461019,-1.8470504651137727,21.277073881708436,-14.287683621434843,66.08083670262023,19.6007468096126,-57.15281154952232,61.1386403334799,75.43800853840897,80.43541775083602,0.32728854505169025,34.11835551261902
-2.391892716627657,-1.0171597114013091,0.821871351662991,-2.160213531176761,-4.6062503748922765,-1.848265059509815,21.457698650121323,-15.321552725812282,66.74194430444757,17.87262973420635,-57.156535828944214,61.18322032944305,75.38445581881899,80.41596126822768,0.1627626522099912,34.13081979751587
-2.39221852349168,-1.0150200358160342,0.8210298647130939,-2.1605393380407834,-4.604110699307002,-1.849106546459712,21.54630676158863,-15.452811785479756,66.65993656191009,18.02169492190454,-57.13611501821741,61.228245533430574,75.33099355881242,80.39851651542702,0.04483077405000513,34.15579915046692
-2.3916911233819604,-1.0140102114644098,0.8204395762175148,-2.160011937931064,-4.603100874955377,-1.8496968349552911,21.235954176396696,-14.807547459300805,66.34610460035118,18.720499777929298,-57.13196912822298,61.244581064425915,75.34801176122318,80.38892175885164,0.20449953105321894,34.16876459121704
-2.3911096071077127,-1.0119286484873635,0.8192606926279297,-2.1594304216568156,-4.601019311978331,-1.8508757185448763,21.301963509338847,-13.740233935586962,65.7956902095,20.75202912294979,-57.123138155753395,61.2829799062379,75.35320899332496,80.36912179858997,0.08255367129764268,34.19584083557129
-2.391840079697969,-1.0107967979358248,0.8185245753629309,-2.1601608942470722,-4.599887461426793,-1.8516118358098752,21.13020384279399,-14.042141853208014,65.8406782738334,20.145557729836966,-57.12410428896392,61.315281999384865,75.29684330628525,80.35664448936541,0.1384359551200025,34.20834708213806
-2.3913061583767585,-1.0089715016333365,0.8174603933460345,-2.159626972925862,-4.598062165124304,-1.8526760178267714,20.982690723845487,-13.24348466853607,65.0260506655557,21.94882341826133,-57.117385078490784,61.34906820421477,75.30327561214388,80.3389921887215,-0.030402243447162025,34.2348153591156
-2.3926756087600864,-1.0022434294054077,0.8139308075997285,-2.1609964233091894,-4.591334092896375,-1.8562056035730774,21.272346002245797,-13.577920935001472,65.28582681588804,21.744297921956484,-57.0854457166296,61.50327566650671,75.12986674031099,80.27510586042048,0.16972426825196374,34.3109917640686
-2.3940607845186834,-1.0000547486947433,0.8128278283656695,-2.162381599067787,-4.589145412185711,-1.8573085828071365,22.015251349274223,-14.628771902601617,66.5570697381663,19.945466368427137,-57.07541200420126,61.56238373953795,75.01947421868846,80.2539784696979,0.060803949409015345,34.33839726448059
-2.39561364303437,-0.9938647834568017,0.8102252060345008,-2.1639344575834736,-4.58295544694777,-1.8599112051383053,20.65708965492537,-13.359510805167853,65.1596619435685,21.473874718970677,-57.0224321712777,61.701021871876485,74.83674378115695,80.20095754543956,0.14319641244876724,34.4193069934845
-2.3968609932000717,-0.9928855378376564,0.8097463268856725,-2.165181807749175,-4.581976201328624,-1.8603900842871335,20.706481411905113,-13.525102626629268,65.316957270289,21.154851951160392,-57.01873345639841,61.73353628459917,74.75198858026566,80.19107278987057,0.07674634294606886,34.43241548538208
-2.3977935512115156,-0.9884901219384461,0.8078645196163831,-2.166114365760619,-4.577580785429413,-1.862271891556423,20.859960160523233,-14.213230199973715,65.85183727811257,19.977372414736763,-56.98160430318968,61.830723377393674,74.63379471904,80.15310147335025,0.08945499987071326,34.486494064331055
-2.398774467329071,-0.9862219569209991,0.8065931865560043,-2.1670952818781744,-4.5753126204119665,-1.8635432246168016,21.476107879999446,-13.627432377584714,65.857341357856,21.47107479650259,-56.97461990314068,61.888818789742416,74.54920109406832,80.13014574283832,0.24822005650920476,34.51015257835388
-2.4003028615587185,-0.9841887878091564,0.8062243533419268,-2.1686236761078215,-4.573279451300124,-1.8639120578308792,21.023466213717825,-14.613289273383991,65.8780726623786,19.80992285879456,-56.94113132983807,61.93958989183594,74.4258485591224,80.116409025437,0.14820742839447743,34.53485679626465
-2.4015544351329536,-0.9811214860686799,0.8054101918179997,-2.1698752496820575,-4.570212149559647,-1.8647262193548064,19.64183655081595,-13.954543620175835,64.9130968556796,19.98992883704139,-56.89763108886283,62.00838428689452,74.3034529550421,80.09406438119628,-1.2327416494904773,34.574055194854736
-2.4029274417440005,-0.9767881169894179,0.8039143841999163,-2.171248256293104,-4.565878780480386,-1.8662220269728897,20.715996322983866,-13.902074385560807,65.38818750858519,20.955535475166933,-56.847837202045156,62.10517697873106,74.15861394975715,80.05943075660315,0.036915306195762554,34.61230134963989
-2.40371164626006,-0.9747314104891596,0.8034125957023068,-2.172032460809164,-4.563822073980127,-1.866723815470499,20.605312056014984,-13.647869267040127,65.25939988375433,21.293991792336655,-56.816597521253335,62.15033321424653,74.07965894463007,80.04484187769816,0.08746587308408316,34.637402057647705
-2.4041824973357975,-0.9736003212851116,0.8034913054926786,-2.172503311884901,-4.562690984776079,-1.8666451056801274,20.343447590894364,-13.254128470978719,64.88926521945972,21.893418249421586,-56.786191325405305,62.171987681990075,74.02882719398076,80.04018907533802,0.18516303409813695,34.65211844444275
-2.4059718984608827,-0.9709596059705528,0.8027208164199625,-2.1742927130099856,-4.56005026946152,-1.8674155947528435,20.080193373778982,-14.285220004184456,65.35170297021499,19.82968557726137,-56.75236846113254,62.238843069596896,73.88600392295687,80.01942929855097,0.20227159709684406,34.67664813995361
-2.4069152802818614,-0.9693397719139045,0.8022031295632346,-2.1752360948309644,-4.558430435404872,-1.8679332816095715,20.276388299087582,-14.866868722168874,65.63860824415235,19.116235045492537,-56.73288970146158,62.278794148527076,73.80793928919525,80.00637788871173,0.11221295972898071,34.689255714416504
-2.4082819078975977,-0.9653953851980541,0.8021444498969442,-2.1766027224467006,-4.5544860486890215,-1.8679919612758618,19.540947132509665,-13.176713370181446,64.55101540196752,21.502888606029984,-56.637917769380486,62.35489169686597,73.6521039762651,79.98701220185183,0.21756882471719452,34.731857776641846
-2.4104803639671193,-0.9601416263569915,0.8009592493654023,-2.1788011785162227,-4.549232289847959,-1.8691771618074036,20.23438166316267,-14.141797645615291,65.39441291716977,20.355635833399493,-56.553222839335255,62.47106012545543,73.44124115746757,79.95002988807676,0.11146890613324967,34.77084159851074
-2.411211216510975,-0.9579353265925692,0.8012652832474951,-2.1795320310600785,-4.547025990083537,-1.8688711279253107,19.615188062770457,-14.113038107759074,64.73593960524802,20.494795734782322,-56.486688414541646,62.50980895624779,73.35132649179904,79.942380302152,0.07699064001165423,34.794679164886475
-2.4128999930951025,-0.9535700940293381,0.8008404517898042,-2.1812208076442055,-4.542660757520306,-1.8692959593830016,19.16786757060155,-13.561898198927086,64.25589226951458,21.225696811592393,-56.3940061611802,62.59923960719033,73.17630266691759,79.91699085852343,-0.005465402171461964,34.832172870635986
-2.4147595790488006,-0.9496038360489423,0.8002574867441085,-2.183080393597904,-4.538694499539909,-1.8698789244286975,20.13083412618252,-14.290486012509461,65.0378000174294,20.765274433140792,-56.3175121725318,62.685587291496155,73.00303260208452,79.89156584658653,-0.8055499775254802,34.85914850234985
-2.4141847480974787,-0.9489042106028185,0.8006407310177449,-2.182505562646582,-4.537994874093786,-1.869495680155061,19.908339131996406,-13.670811247115877,64.55339091382108,21.81327502320699,-56.28347002528373,62.687176225246695,73.01468667289323,79.89274308178004,0.01519355191836036,34.872833251953125
-2.415656026511453,-0.9459073652332086,0.8007791269992915,-2.1839768410605567,-4.534998028724176,-1.8693572841735144,19.841713686532895,-13.860634152078386,64.91219936371947,21.09905918071013,-56.203502590063195,62.747076661542685,72.87135806132845,79.87894553734746,0.10205177179494962,34.89732575416565
-2.416650557877867,-0.9441734746599706,0.8005369082489742,-2.18497137242697,-4.533264138150938,-1.869599502923832,19.130063321343105,-13.536865908923195,64.51043061069909,21.05428661320556,-56.16964987888444,62.78639206541375,72.78581009339717,79.867670223016,0.11494165923257071,34.90962219238281
-2.4178424612535743,-0.9417368862634272,0.8010968002409706,-2.186163275802678,-4.530827549754394,-1.8690396109318352,18.700003610004565,-13.715624409159703,64.11868746807309,20.86621209031565,-56.087285992709134,62.83037364823694,72.66272113028208,79.86066343042516,0.10341098213515121,34.93353319168091
-2.419636994414499,-0.937576259074125,0.8010972613388635,-2.1879578089636023,-4.526666922565092,-1.8690391498339425,18.82257818264219,-12.55742266840084,63.796421850895555,22.83806283190967,-55.98185307454742,62.9129353591079,72.48146353631218,79.8397012817828,0.08639630249660346,34.969460248947144
-2.422088280723293,-0.9326853363474661,0.8014528816973555,-2.190409095272397,-4.521775999838433,-1.8686835294754505,17.933552530779956,-13.314945919405671,64.29837907218231,20.14515385177782,-55.844460525169474,63.00942780639324,72.2445670251376,79.81788928643533,0.18106791384727527,35.00957155227661
-2.422750056809904,-0.9294630490732851,0.8016976526884374,-2.191070871359008,-4.518553712564253,-1.8684387584843685,18.648222894498115,-13.154908149170506,64.12047820220539,21.68269462415192,-55.75083493541395,63.06376572318469,72.14082106298517,79.80470660426985,0.14144325154094295,35.03368854522705
-2.4250722267465346,-0.9241548108099513,0.8016872067337784,-2.1933930412956384,-4.513245474300919,-1.8684492044390275,19.46747899201861,-14.357640430787237,64.99494045402878,20.42087615835365,-55.61446032321727,63.16915316780898,71.90998054495604,79.77734915557454,0.010986486672412532,35.070003509521484
-2.427190957836988,-0.9210758906875012,0.802492940604755,-2.1955117723860913,-4.510166554178468,-1.867643470568051,19.45188068154154,-15.625758276969188,65.41569557673661,18.54884602612173,-55.50575317031971,63.22895574223227,71.72080959981763,79.7681494614643,0.1251887750183993,35.09689712524414
-2.4268563013709175,-0.9198909984719172,0.8028774890906595,-2.195177115920021,-4.508981661962885,-1.8672589220821465,19.494100272817274,-14.817193823456268,65.06814264675432,19.975447150904877,-55.458254135806115,63.240324609422366,71.70941395946241,79.76681417236277,0.08227984344038708,35.10873889923096
-2.4287590399145396,-0.9169844239163862,0.8035658865059191,-2.197079854463643,-4.506075087407353,-1.8665705246668869,18.912713192208592,-14.536046783716625,64.88569059366263,19.780815527343538,-55.35768775651705,63.29647974482009,71.53752884768168,79.75745442990168,0.16859429449854701,35.134732723236084
-2.4284949130551676,-0.9155506370225348,0.8039746822862129,-2.196815727604271,-4.504641300513502,-1.866161728886593,18.763884321302836,-13.462080223703344,64.23191178826238,21.686548231548475,-55.30245982476522,63.31211228201143,71.5170268075006,79.75509548463319,0.1677340439791628,35.14713430404663
-2.430330622795509,-0.912056018618693,0.8048153295113826,-2.198651437344613,-4.501146682109661,-1.8653210816614234,18.781174054960676,-13.392013974235425,64.47042527306255,21.53910882657315,-55.17934761409547,63.37507079719106,71.33494923521324,79.74444629827367,0.16453729862083577,35.176040172576904
-2.430907373054463,-0.9104854241975149,0.80524408549757,-2.199228187603566,-4.4995760876884825,-1.8648923256752359,18.987663265623613,-13.035330078572198,64.35214691055543,22.418806461766714,-55.12132465392873,63.400454238292845,71.26578360219531,79.74045713701442,0.12565209208686667,35.188422203063965
-2.4319596575434215,-0.9067944021303047,0.8062901051785919,-2.2002804720925244,-4.495885065621272,-1.863846305994214,18.20989375633949,-13.20794637046682,64.23588493393945,21.407861300331202,-54.98239025508517,63.456761953332894,71.1190969546696,79.73181470873931,0.25865673748326357,35.21867394447327
-2.433410772075705,-0.9048513226159849,0.8064380692302073,-2.201731586624809,-4.493941986106952,-1.8636983419425985,18.107185554770723,-13.555974776464998,64.27295734145056,20.866646608708333,-54.92656682774613,63.499032097737064,71.00033697228675,79.72210033466892,0.04574326816962593,35.23160409927368
-2.433864785469611,-0.9021674659172845,0.8081341394836576,-2.202185600018714,-4.491258129408251,-1.8620022716891484,18.030712540296875,-13.09586692590424,63.84361784632901,21.955791448743888,-54.78850402591029,63.52690960256503,70.89415680149826,79.72511352013024,0.10874691783421753,35.2592236995697
-2.4349846331724456,-0.9010341982189096,0.8089428237929326,-2.203305447721549,-4.490124861709877,-1.8611935873798733,17.65066456910303,-13.14989655707199,63.88674774028081,21.32469671113751,-54.728816496223125,63.546300603956084,70.79731509999941,79.7258979591432,0.10710615113428323,35.27223587036133
-2.4364737910594725,-0.8962284596684387,0.8106250090148232,-2.204794605608576,-4.485319123159406,-1.8595114021579828,16.730723056022043,-13.501365725383046,63.22931548626484,20.697166411410073,-54.53405181722492,63.616693099973745,70.59431078727516,79.71720737332191,0.22013940734088733,35.31202220916748
-2.4384254836219386,-0.8926968318440478,0.8110020669737503,-2.2067462981710415,-4.481787495335015,-1.8591343441990555,17.190072657883874,-14.114202115476735,63.55058298570557,20.311804761373573,-54.42520532101252,63.68551168784509,70.41435509413188,79.70122158153902,0.06700897986710785,35.33677840232849
-2.4381296413398426,-0.8916425411153095,0.8118423138114383,-2.2064504558889455,-4.480733204606277,-1.8582940973613677,17.08975187557688,-13.282480198590516,63.254274090377535,21.534740293240283,-54.36270653238966,63.68999498671583,70.39497015878777,79.7047221130925,0.17866955966585651,35.35147142410278
-2.440961392646955,-0.8833536228312029,0.8139574093971031,-2.2092822071960585,-4.472444286322171,-1.8561790017757027,16.816459435614917,-12.74548664276974,62.74693714439818,22.671617203191307,-54.053724182337575,63.82136173634625,70.04547661914276,79.68124909204136,-0.02069095380030772,35.4168643951416
-2.4425654173904503,-0.8815408821743453,0.8147550021465039,-2.210886231939554,-4.470631545665313,-1.855381409026302,16.807104229810957,-13.216728298526423,63.011492239888,21.805518902423525,-53.97536651704996,63.85540878320707,69.90982806582711,79.67765953021309,-0.022916255504750183,35.43387269973755
-2.444355430728767,-0.8766832278381314,0.8157142002196441,-2.21267624527787,-4.465773891329099,-1.8544222109531618,17.796010469559565,-13.77672980621961,64.12039717969958,21.145473250841835,-53.803675909975446,63.936220940087175,69.70370724458766,79.6607272863718,0.17014214835392005,35.47113013267517
-2.4465621804719726,-0.8727993535778489,0.8165731431535006,-2.2148829950210756,-4.461890017068816,-1.8535632680193053,17.49439567102868,-13.789624227020044,63.796717374156806,21.2503762396655,-53.66408862935464,64.00677197873912,69.4957772259067,79.64664725542269,0.2087344834178717,35.498682737350464
-2.447474830217019,-0.8705739741718408,0.8168826993569783,-2.2157956447661222,-4.459664637662808,-1.8532537118158277,18.028274086574505,-14.341148133374254,64.3036398325904,20.7449422014981,-53.58996134880727,64.04591292131926,69.39915605551982,79.63737779754081,0.1271785529689513,35.51479768753052
-2.4483325180970485,-0.8690074936629291,0.8175621869966687,-2.2166533326461524,-4.458098157153897,-1.8525742241761374,18.032748008280354,-14.678205589219477,64.45137286238774,20.22342260814212,-53.52053679845402,64.07028679343459,69.31083163361971,79.63484918501199,0.12551013431858404,35.5280499458313
-2.450352579848572,-0.8649774322456134,0.8188675507953987,-2.2186733943976753,-4.454068095736581,-1.8512688603774072,17.70973028949213,-14.97404726304294,64.27238754481489,19.805462946409783,-53.35794820716568,64.13603341792167,69.10217972467706,79.62435141545461,0.12159121591392674,35.55898070335388
-2.450451072700872,-0.8635411854642518,0.8195054940228674,-2.2187718872499755,-4.452631848955219,-1.8506309171499384,17.72457410685375,-14.70430157040173,64.31913096200897,20.091183587018246,-53.2917235588116,64.15181025607734,69.0577861896458,79.62331032513535,0.06407894246301149,35.57191801071167
-2.4506924968248667,-0.860628113105836,0.8206974880005451,-2.21901331137397,-4.449718776596804,-1.849438923172261,17.43959026268716,-13.074643231266764,63.557140454909366,22.61799037217041,-53.161141177176816,64.18524546309827,68.96745597165456,79.62013677182746,0.09450903771752817,35.59622025489807
-2.453113340486972,-0.8561937528577002,0.8228668967574834,-2.221434155036076,-4.4452844163486676,-1.8472695144153226,15.991426015851301,-12.1436377281519,62.83114210475318,22.751414210616215,-52.95318693147328,64.25062805156294,68.71301701852428,79.61490244149587,-0.02768210163850071,35.63492512702942
-2.455283127919061,-0.8520761996159337,0.8235458092279211,-2.223603942468164,-4.4411668631069015,-1.846590601944885,17.162484727311746,-13.571263049210087,64.15094945028073,21.045583695850773,-52.810170570170655,64.32540283701965,68.50749516284746,79.59734654346018,0.05312273415838131,35.66153812408447
-2.456306182718104,-0.8510642184802745,0.8246879334332156,-2.2246269972672073,-4.4401548819712415,-1.8454484777395903,17.357425484828298,-13.993847798819074,64.27907971314835,20.711212707454372,-52.73889936103641,64.33715812325889,68.41142220997463,79.60133391502032,0.14519093375877512,35.6736261844635
-2.4567184110327,-0.8463515540095542,0.8267338121550645,-2.2250392255818032,-4.435442217500522,-1.8434025990177414,17.17723649246044,-12.930685836647454,63.09007023837975,23.43370192507469,-52.520665445364045,64.38922826562083,68.26156446288766,79.59693620109371,0.033267710424281116,35.71071910858154
-2.460377168190294,-0.841578787849598,0.8296549319060772,-2.2286979827393973,-4.430669451340566,-1.8404814792667288,16.821144729008925,-13.262847009633841,64.43220432694889,20.761401575272146,-52.27441542943484,64.46121387794007,67.91949446878347,79.59415753160589,0.13030366283726158,35.752352476119995
-2.4612888968459252,-0.8378576248419854,0.830588398050631,-2.229609711395029,-4.4269482883329525,-1.839548013122175,17.029306636022838,-13.840276499749347,64.60451537070216,20.29026451622786,-52.12816055540674,64.51491040229513,67.78376188539038,79.58289706150374,0.10382717889279824,35.777164697647095
-2.4614871887175394,-0.8364858912615774,0.8317835203883466,-2.229808003266643,-4.425576554752545,-1.8383528907844595,17.286262777976553,-14.080300776977303,64.57920094599345,20.496505910930008,-52.04140098996635,64.52363592426637,67.72349094897324,79.58704365779201,0.08814920508779034,35.79055595397949
-2.46286696755424,-0.8343477562042039,0.8341759630220379,-2.2311877821033432,-4.423438419695171,-1.835960448150768,16.240516053812307,-13.504914186244598,63.722152928465185,20.913122554797532,-51.88863130298597,64.54065967399369,67.56129423696552,79.59633971522892,0.1223236984375804,35.81454944610596
-2.4616233305070985,-0.8331636712481769,0.8351428395065204,-2.2299441450562023,-4.4222543347391445,-1.8349935716662857,16.11076032879857,-12.34460083957864,62.90520185741541,23.2600637048739,-51.81260775511985,64.53607759764589,67.58582654341741,79.60213260942976,0.1967270487897097,35.82713460922241
-2.4647643609478225,-0.8287759148194395,0.8364138826859672,-2.2330851754969263,-4.417866578310407,-1.8337225284868388,17.063119116380697,-13.459243254099405,64.17410239696069,21.658782474729666,-51.63722925113945,64.6154139065795,67.31205221356143,79.5860431086353,0.2248952206066428,35.85395836830139
-2.465203193077437,-0.8266276831143462,0.8376562329855374,-2.2335240076265404,-4.415718346605313,-1.8324801781872686,17.09093787321008,-14.429395905013983,64.7532057070606,19.872114251255024,-51.52486955260905,64.63706591359869,67.2234885482323,79.58620317317025,0.049130728470803575,35.87190651893616
-2.4662655307854005,-0.8236317025360407,0.8402377226023325,-2.2345863453345043,-4.412722366027008,-1.8298986885704736,17.2325065594775,-14.501001590820055,64.47682503522782,20.501466733666746,-51.33692555639594,64.66123064691327,67.05775061779346,79.59344474074487,0.17670033524671114,35.902552127838135
-2.466693938819557,-0.8223176131767294,0.8416888681630899,-2.2350147533686604,-4.4114082766676965,-1.828447543009716,17.130301817843726,-14.104086242948053,64.14262072609003,21.306614821688164,-51.242296184941786,64.66767806265403,66.98007216493454,79.59968131847671,0.1889168149462499,35.91620326042175
-2.4668430438098725,-0.8206342375621432,0.8424547782380853,-2.235163858358976,-4.40972490105311,-1.8276816329347207,16.800404435227136,-13.850740315351644,63.83987194437623,21.59649205599249,-51.16125340343604,64.68509812846187,66.92524639684656,79.59819912047558,0.18744145478562224,35.92839956283569
-2.4675528656118737,-0.818133596368967,0.8456085961490295,-2.235873680160977,-4.407224259859935,-1.8245278150237765,15.922702911346454,-13.108550889151593,63.27507432393132,22.06035864928837,-50.96598600291677,64.69152386509212,66.77403346763673,79.61392513782785,0.11800804814295418,35.95795798301697
-2.46850303845207,-0.815779010403081,0.8463700294208801,-2.2368238530011735,-4.404869673894049,-1.8237663817519258,16.531070415756183,-13.121838281490964,63.64813898486173,22.44444555084573,-50.86575327178142,64.72595952738328,66.66437866202905,79.60727816612108,0.19085631708379847,35.97295689582825
-2.469240679166192,-0.8115853797489366,0.8505556297602527,-2.2375614937152957,-4.400676043239904,-1.8195807814125533,15.929511454069166,-12.891938726454788,63.29755882843512,22.49422829546326,-50.57817626795472,64.74497499953856,66.45767036939995,79.62406485817941,0.07289458556909167,36.01467227935791
-2.470792655393633,-0.8099260603251726,0.8516105238469488,-2.239113469942736,-4.39901672381614,-1.8185258873258572,14.976561268303715,-12.896212638185943,63.41990616533241,20.917540444560295,-50.48994627106,64.77076337020168,66.32175332654222,79.62221669235471,0.10340703305891408,36.02741050720215
-2.4702974240321387,-0.8060934231088271,0.8538546542549083,-2.2386182385812425,-4.395184086599794,-1.8162817569178977,17.049918878433605,-14.047526897582946,64.20846456604579,21.69115592134053,-50.28283038032842,64.79595344999564,66.22941797550452,79.62516263417253,0.2549234519678265,36.05553674697876
-2.4707026503748546,-0.8050103472636166,0.855235626521046,-2.239023464923958,-4.394101010754584,-1.81490078465176,16.30750931234841,-13.327538775911,63.60508984434238,22.325379043742704,-50.19770116755535,64.79894347525152,66.15748272697087,79.63178352766167,0.1687832432279195,36.06739568710327
-2.4716468232782587,-0.8017777771694083,0.8574835267231561,-2.239967637827362,-4.390868440660376,-1.81265288444965,15.665234959074523,-13.185746986729843,63.17273583653993,22.28314288607499,-50.01270977286501,64.82775505419973,65.99863609322682,79.63446919433837,0.22609264175691113,36.092551708221436
-2.4725531510350653,-0.7966993388484083,0.8617020962063192,-2.2408739655841687,-4.385790002339376,-1.8084343149664868,15.62504970413341,-12.912907600705815,63.08019880219534,22.838628944259437,-49.694526239825365,64.85906875560784,65.76362388296698,79.64633379651706,-0.037928816004568766,36.13473558425903
-2.474169842023353,-0.7950324960394413,0.8629844221596229,-2.242490656572457,-4.384123159530409,-1.807151989013183,15.747894135494104,-14.420394888091,64.00776236677517,20.045484142758106,-49.5970491247984,64.88218625730782,65.61820216220438,79.64613563635174,0.28797038694698784,36.14718151092529
-2.4736708251845996,-0.7921053141883353,0.8659445360760837,-2.241991639733703,-4.381195977679303,-1.8041918750967223,15.953078444974174,-13.403288331515522,63.83247932386952,21.838266421592287,-49.391193590925326,64.88425548790403,65.52438641881676,79.66023354777361,0.050067654632468095,36.17533469200134
-2.4738327068343415,-0.7903555900470942,0.8670957855395073,-2.242153521383445,-4.379446253538061,-1.8030406256332987,15.54559783195865,-13.482753881746415,63.6006084501646,21.552257494410117,-49.292048430501666,64.89700435189236,65.45788496671702,79.66175953871713,0.11864973447694593,36.18773674964905
-2.472696371914955,-0.7874265354836674,0.8703534942500674,-2.2410171864640587,-4.376517198974635,-1.7997829169227386,15.55758673730881,-12.93569799956895,63.0426912547002,23.12168322960966,-49.07339483030688,64.88935275532677,65.39063711653209,79.68015031507639,0.19050009152355152,36.21518158912659
-2.4732038123716142,-0.7863928281895531,0.8719559388285466,-2.241524626920717,-4.37548349168052,-1.7981804723442594,15.394212810384602,-12.827888023790742,62.64037592063102,23.61926495900026,-48.98187555102938,64.88911099685384,65.30752857020511,79.6887039311553,0.10417977399501455,36.22722339630127
-2.4751788658277505,-0.7834854117423109,0.8747169309623827,-2.2434996803768534,-4.372576075233278,-1.7954194802104233,15.09226565400255,-13.894587897802431,63.240337246562724,21.222503591171723,-48.78993393197763,64.9145455565388,65.08489636399086,79.6949592426723,0.057590910382356864,36.25245523452759
-2.476175736637007,-0.7784957010245601,0.8781003206312367,-2.2444965511861104,-4.367586364515527,-1.7920360905415693,15.914294788649743,-15.76095685300924,64.25276735227288,19.113424668304024,-48.50369992927137,64.95307761511434,64.86241462625836,79.69866782524855,0.12250442752278268,36.28850960731506
-2.4759787613009876,-0.7753885162401019,0.8815610989165,-2.244299575850091,-4.364479179731069,-1.788575312256306,15.999693465273943,-15.741209586572001,64.30081698769072,19.314733961749262,-48.27380488053134,64.95266099144351,64.73477925824317,79.71563529015857,0.12796915216801086,36.31749248504639
-2.4758814026285716,-0.7740150691392027,0.8830759842035737,-2.2442022171776745,-4.36310573263017,-1.7870604269692323,16.157869676435567,-15.483451253133786,64.27066970728568,19.912562201585125,-48.172705646210865,64.9524580650567,64.67908123367636,79.72301429016166,0.09809907017170927,36.33036780357361
-2.474879178066784,-0.7719861081996892,0.8861510884978382,-2.243199992615887,-4.361076771690657,-1.7839853226749678,14.792451485428415,-13.81809601426845,62.720855727003915,22.076494283921424,-47.9909219603054,64.93390820518805,64.62239340285299,79.74392653428582,0.03441311357799659,36.354424476623535
-2.4760149973464287,-0.7697558123990071,0.8867777137396208,-2.2443358118955317,-4.358846475889974,-1.7833586974331852,15.631993320562751,-14.867307716480815,63.86150648826077,20.55457113095026,-47.89627650029383,64.9677725200767,64.50653424258553,79.73542951081315,0.17766717494985462,36.366724729537964
-2.4756760035868077,-0.7675101458439281,0.8903995447255705,-2.243996818135911,-4.356600809334895,-1.7797368664472355,15.804582924700963,-15.445902098128165,63.822121869462045,20.347531782916747,-47.68920942037634,64.95097080801288,64.39627221578468,79.75863080610442,0.08971755336153864,36.394633054733276
-2.4749315079796936,-0.7663849069842809,0.8921033604588163,-2.243252322528797,-4.355475570475249,-1.7780330507139896,14.971544115315497,-14.726525299357922,62.70432572527396,21.578782034251468,-47.58811765405576,64.93872541326263,64.37451756491838,79.77070210247821,0.17745217420526282,36.40737247467041
-2.474840811352343,-0.7633682549082006,0.8947196265278653,-2.2431616259014464,-4.352458918399168,-1.7754167846449407,15.616280792199646,-15.585899725576933,62.558694903543284,21.838057620419935,-47.39198686700838,64.94727743249481,64.26127394899811,79.77986683907397,0.11307802609254125,36.43427801132202
-2.475743669870898,-0.7615896537656983,0.8957222731691584,-2.2440644844200017,-4.350680317256666,-1.7744141380036476,15.721155794638856,-16.80345263218046,63.17934933683799,19.91160941546584,-47.297990726397515,64.96757260164954,64.15615524015905,79.77769942689469,0.017155777229132863,36.44705152511597
-2.476326718109492,-0.7579263506853317,0.8987987092867448,-2.244647532658595,-4.347017014176299,-1.7713377018860612,16.646599319897962,-18.267043059170796,64.05172251152092,18.60838179760431,-47.06479913453894,64.98491543781545,63.983053674509044,79.78596918444025,0.12538251313577575,36.4769926071167
-2.475742597630222,-0.7572673089081516,0.900541644074378,-2.2440634121793255,-4.346357972399119,-1.769594767098428,16.34740494028612,-17.826382277737718,63.59447977140826,19.3040965876178,-46.97873708295061,64.96668256023173,63.959143966337386,79.80040108507917,0.11943262268440646,36.48907208442688
-2.475390652245517,-0.7546644603463233,0.9030976761102,-2.2437114667946205,-4.3437551238372905,-1.767038735062606,15.619198116914674,-16.15784367507261,62.39722629244475,21.746852965845477,-46.797947415813894,64.9671200333141,63.8676785606455,79.81174345264164,0.16804100439963365,36.51349854469299
-2.4767406891714034,-0.7498292060599937,0.9072791040073379,-2.245061503720507,-4.338919869550961,-1.762857307165468,16.337474642458922,-17.155528732739437,63.424920720051254,20.446066385414273,-46.48703606045762,64.99251586582213,63.602845929467755,79.82203800902052,0.25103434462459084,36.55492186546326
-2.4774805946239447,-0.7480580168966238,0.9093699519397612,-2.2458014091730485,-4.337148680387591,-1.7607664592330448,15.745526674819835,-17.901047345822434,63.56395246471864,18.772422717665602,-46.35397946753094,64.99661922912058,63.47789225254115,79.83030480353898,0.14976122016125482,36.57079339027405
-2.477691783095889,-0.7458402685018243,0.912664695131643,-2.2460125976449925,-4.334930931992791,-1.757471716041163,14.307169637204913,-16.95265956317776,61.68115340466146,20.424364561768947,-46.161894874870725,64.98645700452906,63.34222751999029,79.84889315255803,0.15558567654508648,36.59538269042969
-2.4788462582841713,-0.7430764126215686,0.9141130035425783,-2.2471670728332747,-4.332167076112536,-1.7560234076302277,15.414792447902716,-18.199719475293815,62.56458754817149,19.50534104287024,-46.01803549832267,65.01591583871893,63.19341822073117,79.84474012123401,0.053984587313090415,36.61260795593262
-2.4790805456568012,-0.7413447918181355,0.9153776577131517,-2.247401360205904,-4.330435455309103,-1.7547587534596543,16.072308328094007,-18.32273203268218,63.223431833065675,19.43194495477983,-45.91406327300061,65.02529799173035,63.117312509923764,79.84680606776962,0.1599572825583513,36.625468254089355
-2.479224198474701,-0.7380375948211417,0.9194634934867069,-2.247545013023804,-4.32712825831211,-1.7506729176860991,15.299928281447219,-16.935604198928242,61.954602901465194,21.615679267835727,-45.6563583159276,65.01849738796551,62.94409666542815,79.86712511741126,0.15057989388109494,36.65550947189331
-2.4804086408821586,-0.7364563464614524,0.9209846661789177,-2.2487294554312616,-4.32554700995242,-1.7491517449938883,15.393999596535139,-17.118610254680277,62.05244669183706,21.45723497650789,-45.55102925906061,65.03067758409615,62.81185227260465,79.8695995517548,-0.8043235856506326,36.6687068939209
-2.4822650154711328,-0.7326131403272402,0.9238034725700927,-2.2505858300202357,-4.321703803818208,-1.7463329386027133,16.021656573465815,-18.147581154057775,62.80318922485305,20.33555748543692,-45.32285091975052,65.06238390770092,62.568926291778865,79.87022267046702,-0.8092732658680677,36.69469952583313
-2.482513382726945,-0.7310375187264381,0.9255966582261957,-2.250834197276048,-4.320128182217405,-1.7445397529466102,15.878536725623857,-18.072602035131492,62.47764508707804,20.69270274434896,-45.20591076287931,65.06233170187016,62.47984624210153,79.87784681322341,0.23476952476413704,36.707419633865356
-2.4844883233361377,-0.7277412670724647,0.9291184212358182,-2.252809137885241,-4.316831930563432,-1.7410179899369878,15.25262728722296,-18.357613113019823,62.29802145646513,19.93071725881831,-44.97290647520704,65.0778847643772,62.22014805819347,79.88729050820842,0.09353262005267826,36.73261332511902
-2.4868195767854835,-0.722127730167869,0.9343506670608274,-2.255140391334587,-4.311218393658836,-1.7357857441119786,14.71085529049573,-17.84565534374819,61.60598537059172,20.801687855197905,-44.59987621070826,65.10449930079287,61.85321694437544,79.89898953836632,0.09978063102500467,36.77225708961487
-2.487870018022909,-0.719348896347058,0.9363300940205003,-2.2561908325720124,-4.308439559838026,-1.7338063171523057,14.902843624789687,-17.774520210124237,61.65124336534137,21.131758732085704,-44.43573350963976,65.12452756698318,61.69360487585029,79.89931313005505,0.06351920021665958,36.78734064102173
-2.489800956203138,-0.7155752786636556,0.9401565886342457,-2.2581217707522416,-4.304665942154623,-1.7299798225385603,14.599794579048087,-17.469268893490934,61.70578281609421,21.102156453212697,-44.17522340742599,65.14066762235265,61.41728351212765,79.90856933191475,0.12824257604041245,36.81314730644226
-2.4908684919224413,-0.712828853791745,0.942715156232511,-2.2591893064715443,-4.3019195172827125,-1.727421254940295,13.95268824080211,-16.53346681676838,61.17117319170949,22.01933395377966,-43.992484577683534,65.15216048618923,61.24032832750757,79.91414523541161,0.22296162427483912,36.83066177368164
-2.4927365716062275,-0.7086391597860572,0.9463643911424487,-2.261057386155331,-4.297729823277025,-1.7237720200303572,13.476843993441575,-16.54639555364045,60.92764931459409,21.820167424141225,-43.72283644269232,65.17478087186572,60.9639736803245,79.91938051273362,0.1092961910656367,36.85516285896301
-2.494216542952036,-0.7061241524079432,0.9475901957441387,-2.2625373575011394,-4.295214815898911,-1.7225462154286673,13.433972333316028,-16.930189655376306,60.661686843272484,21.755916283201202,-43.59419384903102,65.2042910052724,60.80616840941711,79.91239692047364,0.24707813780060706,36.86724805831909
-2.4963132615390187,-0.7013896530658194,0.9510763712641864,-2.2646340760881225,-4.290480316556787,-1.7190600399086196,13.858225278524664,-17.495243799592366,60.69664012685452,21.77338118934764,-43.31039932585897,65.23745015230341,60.512259850876355,79.91209193006507,0.14716568763779625,36.891987323760986
-2.497874227495082,-0.698789815043803,0.9533340289847622,-2.2661950420441848,-4.28788047853477,-1.7168023821880438,13.651348565035363,-17.53298247937096,60.71777405964292,21.51271840988554,-43.14400309049338,65.25435982954824,60.31854327821053,79.9136079244069,0.1387101103727333,36.90680408477783
-2.499668055998598,-0.6940577355359898,0.9569703668807056,-2.2679888705477014,-4.283148399026957,-1.7131660442921004,13.538638274357258,-16.86008863472214,60.397671379276495,22.604298654691924,-42.85413605368151,65.2818523965232,60.03576448742802,79.91527027639918,0.11858373677919465,36.93145799636841
-2.5014944345136145,-0.6909128505802842,0.9587745152561006,-2.269815249062718,-4.280003514071252,-1.7113618959167054,13.608666939420116,-16.818380167221132,60.800827359001154,22.29984211844805,-42.68317648199997,65.3137438730763,59.83167564298313,79.90850843764407,0.14283082393597235,36.94499945640564
-2.5042614359888624,-0.685464429819496,0.9626852228199715,-2.272582250537966,-4.274555093310464,-1.7074511883528345,13.38920895179957,-17.158334119905582,61.2445514779425,21.223973084318043,-42.35964838878112,65.35419562433243,59.47591494997151,79.90499388770834,-0.9340119191646186,36.97212600708008
-2.507490695112054,-0.6778698035544573,0.9691943223443712,-2.2758115096611577,-4.266960467045425,-1.7009420888284348,11.73868852408499,-16.16453708381511,59.81354912718681,22.193198402401393,-41.87199293379702,65.3891897614754,58.980503749940816,79.91125437335486,0.10656834406970095,37.01150345802307
-2.511051253677721,-0.6696318420154616,0.9744709697606188,-2.2793720682268246,-4.258722505506429,-1.6956654414121872,12.831622889355472,-17.44546445479651,60.71289150361531,21.29710208220929,-41.40059264490263,65.4506131456522,58.49354361008443,79.90089930379895,0.23253967191575775,37.04795837402344
-2.5152647716832455,-0.6610289111346053,0.9813194259480716,-2.2835855862323484,-4.250119574625573,-1.6888169852247343,11.35503468724361,-17.216820545458095,59.943588173565814,20.824102448235834,-40.86554308655766,65.49860860664764,57.91594948640986,79.89949654024113,0.2114523772278054,37.089390993118286
-2.517452023743658,-0.6552709800987536,0.9848916870905083,-2.2857728382927616,-4.244361643589721,-1.6852447240822976,11.395531498353627,-17.204183727459014,59.90970287726683,21.082291042921543,-40.537780678730115,65.53833270394873,57.59453904932509,79.89130493406729,0.12951670232675871,37.114153146743774
-2.5187615448769565,-0.6528282864043653,0.9869623666360673,-2.2870823594260603,-4.241918949895332,-1.6831740445367387,11.08185896215182,-17.349237019552277,60.00360727183969,20.446453399835868,-40.381935191955094,65.55044096911692,57.420065176382195,79.89126020998033,0.3418663365283474,37.12620735168457
-2.5208208043715072,-0.6475564450629561,0.9911391686805994,-2.2891416189206106,-4.236647108553924,-1.6789972424922066,10.774385262750455,-17.0004721621943,59.87526007543489,20.708046063456916,-40.05290039171045,65.57346779417401,57.09306858523146,79.89119393624826,0.0393358412139837,37.15133309364319
-2.521471246738415,-0.6443873050745863,0.9938891101922903,-2.2897920612875184,-4.233477968565554,-1.6762473009805157,10.635423049447239,-17.159174742303236,59.979562614846586,20.306013052423808,-39.84613302489693,65.57845368688221,56.91937899822726,79.89541034192443,0.24169439762439993,37.16642236709595
-2.5243251221036633,-0.6382077205719725,0.9979025634402426,-2.2926459366527667,-4.22729838406294,-1.6722338477325633,10.620061589384726,-17.251883804566766,59.64926989872457,20.78997057022523,-39.48886882937484,65.62037195079995,56.540815854591365,79.88513790496383,0.22454805782895004,37.19410943984985
-2.5270015137552875,-0.6329372819307173,1.0024542557132614,-2.2953223283043913,-4.222027945421685,-1.6676821554595447,9.913825918804175,-17.186589896801607,59.59573529950317,20.096390146930204,-39.14956218460159,65.64132644696627,56.16745079249672,79.8850576718434,0.17480576645280133,37.22037100791931
-2.5282380285525075,-0.630946204628106,1.004937916166989,-2.296558843101611,-4.220036868119074,-1.6651984950058172,9.719190681149186,-17.327507292046405,59.50230253376528,19.863431396182513,-38.998495768105535,65.64002155943153,55.98866477999461,79.89077353517476,0.110343114915886,37.23260688781738
-2.5317346463745762,-0.6228883350171371,1.0106422502247696,-2.300055460923679,-4.211978998508105,-1.6594941609480365,10.129623875924633,-18.39132393810613,60.48737509686447,18.178263083352448,-38.517072590371434,65.68295963197937,55.489858100190396,79.8809362733068,0.14687551038287383,37.26900768280029
-2.534583397614416,-0.6147738148288089,1.0180654240819003,-2.3029042121635195,-4.203864478319776,-1.6520709870909056,9.544658831559698,-17.70201929338431,59.73356271383239,19.34495350711642,-37.97980727064075,65.69437941203257,54.96391009821031,79.88779275443314,0.12146493391328272,37.311635971069336
-2.5372896125214357,-0.6078907856365257,1.024788891040449,-2.3056104270705395,-4.1969814491274935,-1.6453475201323569,9.551376939938748,-17.84784894566131,60.0663002482259,18.928350705730008,-37.51283726293948,65.69883558246374,54.4858745843229,79.89545367645209,0.06917641684666975,37.35029363632202
-2.5391645178902076,-0.6035160038850483,1.028952985898933,-2.3074853324393114,-4.192606667376015,-1.6411834252738728,8.96744212308634,-18.005451696355113,59.64977438113735,18.64941349162098,-37.22014544719027,65.70385840274157,54.17688134798192,79.8983502415182,0.0627761593382461,37.374847173690796
-2.5397010636011035,-0.6012236020444112,1.0310635179478598,-2.308021878150207,-4.1903142655353784,-1.6390728932249463,9.023208060624055,-17.872098784319093,59.60251986359169,19.001654370201223,-37.06792778516464,65.70346530382962,54.0403589210732,79.90108009833719,0.15350407735594684,37.38719201087952
-2.5426383024907215,-0.5940661050991536,1.0374495365357488,-2.310959117039825,-4.183156768590121,-1.6326868746370573,9.668650221429429,-18.442896910881355,59.746949746214675,19.315991587919225,-36.602208566266874,65.71515160436314,53.55497601300323,79.90188843978689,0.24658124241478063,37.42854905128479
-2.5441226064361686,-0.5900032752364156,1.041164807486655,-2.3124434209852724,-4.179093938727383,-1.6289716036861508,9.688968349184123,-18.594384292955503,59.81590582481185,19.206623855172595,-36.3351453320764,65.71822991909269,53.284996674964304,79.90363325029311,0.07193099549495496,37.45266604423523
-2.545240085689725,-0.5858852829455138,1.0451735361618342,-2.313560900238828,-4.174975946436481,-1.6249628750109717,9.475093540239442,-18.6767923565845,59.75347041923867,19.03569213796876,-36.056885232000525,65.71393376657942,53.02181299984447,79.9090279127496,0.20685629958702556,37.47864747047424
-2.5467951320895175,-0.5840663124111174,1.0472145115889822,-2.3151159466386213,-4.173156975902085,-1.6229218995838237,9.279862294624282,-18.52790254103163,59.9027704993243,18.743240938272706,-35.92898811019605,65.71701015616823,52.84076571924877,79.90882917776622,0.10978376826754976,37.49145865440369
-2.5485632837438503,-0.5783635524849342,1.0529501854144745,-2.3168840982929533,-4.167454215975901,-1.6171862257583316,9.063820558820513,-18.604433459874357,59.670192892554084,18.85456393951916,-35.54003163922337,65.70907113727228,52.45649511108124,79.91632661039858,0.07801147383538076,37.52866983413696
-2.549890614513238,-0.5748323159551704,1.0565916344033113,-2.318211429062341,-4.163922979446138,-1.6135447767694946,9.285722432184068,-18.590544110601872,59.60351715708461,19.36582898090942,-35.29771435827036,65.70432850918259,52.20254398955307,79.92043504435381,0.22751866195781956,37.552863359451294
-2.550867401432459,-0.5729808725426309,1.058557790571252,-2.3191882159815624,-4.162071536033598,-1.611578620601554,9.50690419205093,-19.05440833265821,59.67337756579808,19.1518040121706,-35.16992002784743,65.70325908518114,52.05265672090287,79.92167965703158,0.060350901392621115,37.5657753944397
-2.552624073467962,-0.5694093240203885,1.062915907086567,-2.3209448880170656,-4.158499987511356,-1.6072205040862388,8.693991559019274,-18.99744816014871,59.23806783348778,18.78891960165578,-34.907833816296076,65.69133064612787,51.74808942656798,79.92930023078746,0.021465128932264488,37.594099283218384
-2.5532354171570155,-0.5675413003098791,1.065422988949961,-2.3215562317061194,-4.156631963800846,-1.604713422222845,8.74177826131482,-19.09389498243452,59.18532588688652,18.887813879549803,-34.76404683147351,65.67885845308564,51.5953996923521,79.93657801801568,0.20125805162742827,37.6095757484436
-2.554309581285229,-0.5652959315363638,1.067537305514243,-2.322630395834332,-4.154386595027331,-1.602599105658563,8.58184796755091,-19.366715218856633,59.368637957562115,18.20063851237086,-34.616943233495206,65.68013068007096,51.428749465053784,79.93599813968147,0.22605356963610923,37.62479043006897
-2.5555199573957093,-0.5619458926626199,1.0719615594471823,-2.3238407719448126,-4.151036556153588,-1.5981748517256236,8.977576184307662,-19.484382617204112,59.466224837009364,18.592542625460805,-34.362280822970554,65.65927681362017,51.150621000699545,79.94759663603203,0.14995527783889395,37.6526825428009
-2.5568967677776206,-0.5601022733048036,1.0735919821929438,-2.325217582326724,-4.149192936795771,-1.596544428979862,8.788298818025616,-19.872685180291075,59.79043044241345,17.54281786364147,-34.2458989786651,65.66587435232388,50.99234612372603,79.94364512601852,0.06729239026435119,37.66531825065613
-2.557887841825104,-0.5575062621871135,1.078943000546476,-2.3262086563742073,-4.146596925678081,-1.5911934106263301,8.168234855311274,-18.21485734476009,58.92086835703683,19.629595587573412,-33.9978364278994,65.62074921967725,50.6977301522867,79.96827118152541,0.056794893403830926,37.693405628204346
-2.558908451680431,-0.5555358530599263,1.0821774968280349,-2.3272292662295344,-4.144626516550893,-1.587958914344771,8.0081074674122,-17.830653059971045,58.57487616391734,20.340205657910673,-33.83306454018542,65.60109064185455,50.492019090884504,79.97855142717933,0.10445395351837039,37.71067237854004
-2.5602262046038264,-0.5523541824520426,1.0869441895512262,-2.3285470191529294,-4.14144484594301,-1.5831922216215797,7.598470570309331,-17.992545569141917,58.32822400013565,20.042992947931094,-33.57922832754308,65.57307622310938,50.19354232376404,79.99275013921839,0.23459573409154366,37.73963403701782
-2.5606165815120687,-0.5507892512157101,1.0892750681509629,-2.328937396061172,-4.139879914706677,-1.580861343021843,7.742151824105305,-17.93572380181877,58.11920860813794,20.639386501271485,-33.45448772712839,65.55714043847084,50.059872594160474,80.0008270124861,0.06759250709765663,37.75191020965576
-2.562046840504438,-0.5491782285631044,1.0915906730146028,-2.330367655053541,-4.138268892054072,-1.5785457381582033,7.76203711660406,-18.223686419880252,58.15715189453324,20.35147873322526,-33.33093231151634,65.5507949959354,49.87329658686438,80.00319075909276,0.17223724210454616,37.76697397232056
-2.563308722003585,-0.5459913638928617,1.0957495519228515,-2.3316295365526885,-4.135082027383829,-1.5743868592499544,7.31015503993881,-19.125587817131763,58.104511713024145,18.9823399235271,-33.09445790679679,65.53084182293028,49.59982776372243,80.01208776732697,0.11514439031443713,37.7912917137146
-2.565893188606214,-0.5417794381315395,1.1026498804400902,-2.3342140031553176,-4.130870101622507,-1.5674865307327157,8.874125624529286,-20.31119345946473,59.19299856664243,18.561105662396507,-32.74912808481922,65.49051663093482,49.133352006598486,80.03035248145883,0.11588954721360922,37.83079504966736
-2.568290172708153,-0.537408228667056,1.1096279164921352,-2.3366109872572567,-4.126498892158024,-1.5605084946806709,8.754779829396467,-20.687901105005675,59.198108527119814,18.146526485245545,-32.3969242433739,65.44829500385124,48.66853246311504,80.04865317359378,0.16816068449551436,37.86941576004028
-2.570581477767085,-0.53264479811518,1.117267185832675,-2.338902292316188,-4.121735461606147,-1.552869225340131,8.818126450510706,-20.446136895401573,59.07219851912986,18.76068270699553,-32.01394103558874,65.39818345646495,48.17367576726387,80.06989856623316,0.23851908529589538,37.90891218185425
-2.5726233257000546,-0.5294060398670792,1.1219894585927732,-2.3409441402491584,-4.118496703358047,-1.5481469525800327,9.312320223371142,-21.061716149312183,59.38772195804463,18.46731177101648,-31.767793254342006,65.37505821038539,47.83136201144344,80.07751664402846,0.16186654216764795,37.93341779708862
-2.5732788981841352,-0.5277580826576723,1.1249624007801322,-2.341599712733239,-4.11684874614864,-1.5451740103926737,8.811055641682117,-21.136133168650435,59.15452985329711,18.09936213313079,-31.62801274535459,65.35110534587685,47.65155111708593,80.0879521895865,0.20066128589339938,37.94826149940491
-2.5768857330595143,-0.5195343846709938,1.1372783686908132,-2.3452065476086177,-4.1086250481619615,-1.5328580424819929,9.27193377973707,-20.33371913391138,59.02989836079604,19.852481403520315,-30.997555507829492,65.27166900760838,46.840189532678465,80.11670055903411,0.20860443135853934,38.0065701007843
-2.578729756148481,-0.5154082443565134,1.1422377533425787,-2.3470505706975846,-4.104498907847481,-1.5278986578302274,9.624895924656263,-20.980714423428484,59.127093157774176,19.63050724819577,-30.71280640986866,65.25004774292485,46.48234814563391,80.12052759523431,0.18757777347691018,38.03337812423706
-2.5800002222276763,-0.5135736166306655,1.1449671466326117,-2.3483210367767797,-4.102664280121633,-1.5251692645401944,9.391972347967254,-21.044433412347836,59.65040606284945,18.656082853305534,-30.57515444264382,65.23611131114906,46.27758298407555,80.12372822434727,-0.06474138338246194,38.045462131500244
-2.5815173418905655,-0.5100186233451943,1.1500935719353058,-2.349838156439669,-4.099109286836161,-1.5200428392375,9.075391843270506,-20.500101023554993,59.409887388206165,19.183139238249094,-30.311031709980973,65.2031004709443,45.9336601875181,80.13369218358862,0.013140492558389116,38.07011580467224
-2.586077288171053,-0.4982493568083235,1.1633231639462487,-2.3543981027201566,-4.08734002029929,-1.5068132472265572,9.795019994929326,-21.125496544070813,59.4040924145557,19.764821393792744,-29.528744944511896,65.14496814999839,44.9800337370017,80.13789151899327,0.07395202838381199,38.13759207725525
-2.5872833238602384,-0.4963555922584567,1.166371093781224,-2.3556041384093414,-4.085446255749424,-1.5037653173915821,9.238958788765164,-21.061724891517166,59.14707221232616,19.499442777272808,-29.383850335327544,65.12511701815465,44.76115739657124,80.14267808362791,0.196724632612721,38.150415658950806
-2.589945413875115,-0.48883257614211084,1.1742681867526539,-2.3582662284242177,-4.077923239633078,-1.4958682244201522,9.101725170754701,-21.081250719394955,59.11934669597985,19.52158248232567,-28.90074163941202,65.09208360360708,44.18614577882782,80.14078076898329,0.1287789870903029,38.19002389907837
-2.5911909718021437,-0.48618534704329264,1.1774954580029524,-2.3595117863512476,-4.07527601053426,-1.4926409531698535,8.598042823984375,-21.044678528849154,59.097072534236126,19.009115786336967,-28.722183907727274,65.07582330452671,43.947768587217816,80.14146198639298,0.2321387646041333,38.2048077583313
-2.593104871169553,-0.48128971621540173,1.1826609654603195,-2.3614256857186557,-4.07038037970637,-1.4874754457124866,8.302278639353439,-21.534208493854173,58.913963133764724,18.503690469552772,-28.40978538743418,65.05437721934594,43.5624833725141,80.13853475746575,0.13999732621657657,38.22971177101135
-2.595420778686584,-0.47545298700982797,1.1878322171573714,-2.3637415932356873,-4.064543650500795,-1.4823041940154347,8.66112769573024,-21.51058949799628,59.67282370673387,18.14026406549051,-28.060087736936712,65.04373959449835,43.14753125615024,80.12678414711078,0.15496437647473105,38.255629539489746
-2.5961740955527075,-0.47302473074935925,1.191538247328694,-2.3644949101018113,-4.062115394240327,-1.4785981638441121,8.259880688259013,-21.054170653331155,59.40663278463346,18.47073683062949,-27.881332011638968,65.01294458258025,42.91117830196133,80.13476650332241,0.08941668694523441,38.27097225189209
-2.5991462048672256,-0.46417291107424086,1.1993809396937416,-2.3674670194163294,-4.053263574565208,-1.4707554714790643,7.92834228903589,-21.66809005506471,59.42291519262067,17.62923653656151,-27.35323880061333,64.99003661933493,42.306686097508084,80.11887758479268,0.13772460678179677,38.311339139938354
-2.599786591988164,-0.46165450547150755,1.2019019068906016,-2.3681074065372676,-4.050745168962475,-1.4682345042822043,7.538536325312341,-21.475729242887585,58.92583955215236,18.01636834699044,-27.19701393269585,64.97685780063524,42.1303684421987,80.11759937252928,0.09645496670663656,38.323981046676636
-2.601929236370447,-0.4558100355177237,1.2073297979640234,-2.3702500509195503,-4.044900699008691,-1.4628066132087827,6.665959004313834,-21.828809339820722,58.98673546662161,16.56966931340771,-26.845601556848347,64.95805901205782,41.71058789886632,80.10697349969234,0.16287427466497695,38.351839780807495
-2.6026828300166467,-0.45220465615401906,1.2105666624122504,-2.37100364456575,-4.041295319644987,-1.4595697487605557,6.744477386608613,-21.518014607793766,58.717942662992535,17.422188812149304,-26.63050293743455,64.94287330762846,41.48340325919595,80.10296025711838,0.20007278000743245,38.36963939666748
-2.604096330923499,-0.4450041059212788,1.2176761569785124,-2.3724171454726024,-4.034094769412246,-1.4524602541942937,7.309857904500499,-20.67597309364652,58.567681591353,19.369076957308327,-26.189288730478097,64.90069227451716,41.001816847572776,80.09977697721067,0.06760744736075974,38.403165340423584
-2.6063821060032684,-0.4419043436970106,1.2204505527195342,-2.3747029205523718,-4.030995007187978,-1.449685858453272,6.4898939371481905,-21.164775889294337,58.90399870373888,17.396211935950564,-26.00927398538221,64.90132426829811,40.731265626175976,80.08519774815258,0.034455118318104994,38.41811966896057
-2.6075172875009685,-0.43935346656781815,1.222698548395614,-2.3758381020500723,-4.028444130058785,-1.447437862777192,6.12077018020729,-21.820246911255094,59.20890816635387,15.903337079504736,-25.860491470868283,64.89572944179,40.544825369160435,80.07764935502888,0.0541272555779555,38.430439472198486
-2.608076823437758,-0.43636736456102654,1.2253037173170864,-2.3763976379868614,-4.025458028051994,-1.4448326938557197,5.267621310502752,-22.303142428779676,58.86764742363813,14.821336560754895,-25.685494850123032,64.88270401055664,40.36305958293643,80.07353504559005,0.14855288114299858,38.445417165756226
-2.609682802662829,-0.43157402527907285,1.229709102695812,-2.3780036172119328,-4.02066468877004,-1.440427308476994,5.814909043420778,-22.237069590971966,58.80639971221008,15.842952182470523,-25.40242995610445,64.86402921955053,40.02792632221312,80.0636411739099,0.10867041431827396,38.46946454048157
-2.611628245139597,-0.4241769403421325,1.2364504823671782,-2.3799490596887005,-4.0132676038331,-1.4336859288056278,5.200946069361229,-22.488845198593786,58.268671677414126,15.68700024996043,-24.9673307406652,64.83047537337657,39.537677958981725,80.05084233869012,0.11212318041799385,38.506664752960205
-2.613465835393057,-0.41887853753076665,1.2415472656758713,-2.3817866499421605,-4.007969201021734,-1.4285891454969348,4.956024862330481,-22.665070326018682,58.42461320440687,15.094575971445755,-24.6529385634317,64.80533658376747,39.15306389421461,80.04011287912104,0.10412942949493553,38.532466650009155
-2.614147325881299,-0.41598913829781625,1.244220413831301,-2.382468140430402,-4.005079801788783,-1.4259159973415048,5.427788950092779,-22.731264190354455,58.24555633055193,15.995166066921914,-24.483308183463638,64.79025743621571,38.9629914779272,80.03549064726539,0.09997219292531145,38.5473153591156
-2.6159735293518303,-0.41125742263968657,1.2485161756469596,-2.384294343900934,-4.0003480861306535,-1.4216202355258465,5.085475835708775,-23.172925909684754,58.830037207339096,14.432617861197821,-24.209223182840926,64.77268988806227,38.624373188556525,80.02226023312953,0.13515511594761254,38.571083784103394
-2.617290077114503,-0.40829561585801055,1.251024113395232,-2.3856108916636063,-3.997386279348978,-1.419112297777574,5.185382255629792,-23.352712282980683,59.24444286028153,13.895206404175998,-24.04173685545916,64.76585179316162,38.41416601794438,80.01134331690798,0.09326904603766595,38.58370780944824
-2.618462539075195,-0.4042581652742837,1.2567252919447136,-2.3867833536242986,-3.993348828765251,-1.4134111192280923,4.484588733728107,-22.86960630426454,58.57961609153915,14.371973067614032,-23.77189409889947,64.71443651405788,38.038237124218504,80.01632651069647,0.2501533800392206,38.611178398132324
-2.6191147085436874,-0.4012828051536552,1.2597249854268404,-2.387435523092791,-3.9903734686446226,-1.4104114257459655,5.181787904019916,-23.077439233823256,58.370232480876,15.51510821930171,-23.59481035485857,64.69359698887303,37.83175311105738,80.01293201124285,0.24100663475521422,38.62633419036865
-2.6211084291433613,-0.395548038280099,1.264842061358621,-2.389429243692465,-3.9846387017710665,-1.405294349814185,6.179267542704443,-23.64153491191795,59.145097481329024,15.428617801400915,-23.267812522481357,64.66995696963502,37.43597141827157,79.99632025944268,0.11529952258392617,38.65518546104431
-2.6213457476393405,-0.3945400985638403,1.2681432858640886,-2.389666562188444,-3.9836307620548075,-1.4019931253087172,5.540149332134081,-22.90936591139948,58.14195876769965,16.607590585537256,-23.16867329308706,64.62641382720906,37.24662624189089,80.01051572059085,0.11213478497938079,38.668333292007446
-2.623326777945981,-0.39013816030685045,1.2728947520549028,-2.3916475924950844,-3.979228823797818,-1.397241659117903,4.6384307057137235,-22.92407633831563,58.088106937383685,15.546200943097917,-22.90608985643572,64.5984977128083,36.88032210794027,79.99964005763859,0.02982587259854519,38.69361209869385
-2.624402954175996,-0.3874779816426508,1.2748075524344555,-2.3927237687250997,-3.976568645133618,-1.3953288587383506,5.308225910532655,-23.457940431910504,58.51763516571278,15.442315778991086,-22.763924121926248,64.5956797118606,36.71444519640885,79.98727372187916,0.23262441833871517,38.70622491836548
-2.62584881971131,-0.3832795549588519,1.2800695199388339,-2.3941696342604137,-3.9723702184498193,-1.390066891233972,5.691205893176597,-24.05923628308546,58.3762891228902,15.686900561952879,-22.50187288509758,64.55289655869763,36.34600016872424,79.98437461415911,0.09398961607474465,38.732909202575684
-2.626583832345574,-0.38140455860972233,1.2827873189428516,-2.3949046468946773,-3.9704952221006895,-1.3873490922299545,5.332574350051219,-23.90796307796812,58.106725212981885,15.74859557295438,-22.37935903390403,64.52857439906397,36.15811422716509,79.98475424684813,0.11859252237216111,38.74555778503418
-2.628136964535577,-0.37815256939683894,1.287448532807133,-2.39645777908468,-3.9672432328878062,-1.3826878783656729,4.6111091965449935,-23.44134742288363,57.74862860043128,15.757383863371972,-22.169118158774417,64.48949813228411,35.82292500434006,79.98280416613709,0.2812672793436968,38.76980113983154
-2.630942382913269,-0.3721324927746812,1.2952381459316697,-2.3992631974623726,-3.961223156265649,-1.3748982652411363,4.750454403388915,-23.75030576852863,58.01124517173658,15.437883901808716,-21.795956082178527,64.42938663260604,35.249451175776045,79.97333864856996,0.21875159596339389,38.808114528656006
-2.6322701150358556,-0.3705015831469315,1.2986572137667194,-2.4005909295849595,-3.9595922466378988,-1.3714791974060865,4.25944768313861,-24.008163027424594,57.56719157295825,15.174015058621332,-21.675616821179275,64.39705099516343,35.00027379931658,79.9749323721779,0.17239983429216954,38.82311391830444
-2.634142560134884,-0.36668857159982204,1.3035390061187404,-2.402463374683988,-3.955779235090789,-1.3665974050540657,4.045214195951814,-24.156503729155695,57.86298894285517,14.437478998151006,-21.44256067571639,64.36014903291301,34.63558674635541,79.96710277113658,0.034114977150772496,38.8484628200531
-2.6362372955185016,-0.363220301561747,1.3083110905382664,-2.4045581100676046,-3.9523109650527144,-1.3618253206345396,4.483789841241225,-24.007000868800915,57.90424939942194,15.15824184332104,-21.227188116953904,64.3244842492846,34.26993362041947,79.95882778812643,0.14472213261755718,38.8726806640625
-2.6369784204704745,-0.3617414121550141,1.3106862858929422,-2.405299235019578,-3.9508320756459816,-1.3594501252798639,4.595831761599121,-24.0323523950222,57.85466462071679,15.378493690701456,-21.130127239460887,64.30242803816974,34.10176532214558,79.95846966282463,0.04315592839767257,38.8847234249115
-2.6399314527025775,-0.3563408515037451,1.319287073153279,-2.4082522672516813,-3.9454315149947123,-1.350849338019527,3.5770266251091987,-24.23964796146208,57.30318491486234,14.680467433065617,-20.779423269915362,64.22487531127571,33.480960455127274,79.95412223767467,0.0930006954068987,38.92775249481201
-2.641988726164498,-0.35260977182154113,1.324377114904399,-2.410309540713601,-3.9417004353125087,-1.345759296268407,4.274600441803578,-24.4893680681841,57.751559377268116,14.857112559911414,-20.551796342252707,64.18474378354215,33.097826924590805,79.94503252531638,0.19381492971001668,38.95218253135681
-2.64291428326057,-0.3509790039414023,1.3269810348814906,-2.4112350978096737,-3.9400696674323696,-1.3431553762913153,4.832387429007513,-23.61419867728959,58.042303369913185,16.014109654790868,-20.44712361682274,64.16130037289152,32.908457467924066,79.94305436085959,0.13881770801207471,38.964247703552246
-2.6454099234425783,-0.34797353149988075,1.332194781181634,-2.4137307379916817,-3.9370641949908483,-1.3379416299911722,4.320808050301925,-23.82206217798631,58.08280023307316,15.135977656265474,-20.250446735242292,64.11832867441902,32.50520947561758,79.9355984583989,0.21172706746768144,38.98926496505737
-2.646362971132727,-0.3457505798441776,1.3358892975115908,-2.4146837856818304,-3.934841243335145,-1.3342471136612153,4.173230360354034,-24.10362805995293,57.571581694153835,15.415722747357552,-20.106369831410838,64.08114601503274,32.251004289584316,79.93566600760622,0.10859271498971346,39.006242990493774
-2.6472250621663678,-0.34222343378939013,1.3410291260676894,-2.4155458767154707,-3.9313140972803575,-1.3291072851051164,4.983437825662047,-24.610456320322633,57.25336658387275,16.481942875633468,-19.888079389668498,64.02774336442036,31.9128067838413,79.93607944042137,0.18650330398021753,39.0322208404541
-2.651968149020525,-0.3376884948766597,1.3492191219196448,-2.420288963569628,-3.9267791583676273,-1.320917289253161,4.266236692755613,-24.613122065701113,57.421806614957084,15.402202649096608,-19.59386141429468,63.96571093472497,31.248498627640668,79.9170431886847,0.1239404174486709,39.07142233848572
-2.6531192612702417,-0.336253374166766,1.3519212559965244,-2.421440075819345,-3.9253440376577333,-1.3182151551762817,3.5806346272077842,-24.634627979195706,57.631731040809186,14.231826164841335,-19.499135823422435,63.941166458043575,31.045709591791155,79.9141337159267,0.1533698850476073,39.08381986618042
-2.6549037982396695,-0.33286748542869976,1.357229795671231,-2.423224612788773,-3.9219581489196673,-1.312906615501575,3.2712000561489645,-24.772081496181926,57.20581604104633,14.328384266403267,-19.289722597021722,63.89188328252349,30.662864453922538,79.90795493339071,-0.017767266664419967,39.11084771156311
-2.656272679623499,-0.331133581209871,1.3600976629039994,-2.424593494172602,-3.9202242447008384,-1.3100387482688067,3.220923623480272,-24.46741398101119,57.06972399450785,14.728226059398594,-19.181770704617133,63.868228171250706,30.44120350369213,79.90186935986884,0.08162292174334462,39.12359833717346
-2.657737127464572,-0.3278839634959354,1.3655542962625082,-2.426057942013675,-3.916974626986903,-1.3045821149102976,4.694812938791829,-24.03084627090521,57.02547045263181,17.132662240135172,-18.97725555872221,63.81271592449886,30.062457511191518,79.89931148518365,0.13110397087652714,39.14880084991455
-2.6606813670026233,-0.32301632304140876,1.3744362543458721,-2.4290021815517266,-3.9121069865323763,-1.2957001568269337,4.7224047966728735,-24.250324537756285,56.85832351873883,17.252309258975625,-18.665337112701827,63.724668246962494,29.426274783391538,79.89259055222075,0.09193334919134388,39.189284324645996
-2.6641903598566485,-0.3183068672453379,1.381904576263456,-2.432511174405752,-3.907397530736305,-1.2882318349093498,3.926021413754799,-24.329324103648105,56.37271733476555,16.85382376406826,-18.382289848343657,63.66292015341114,28.851478130735103,79.87334590572216,0.13813822236857298,39.22510886192322
-2.667046272204608,-0.31362744328562603,1.3904010470635693,-2.435367086753711,-3.9027181067765935,-1.2797353641092366,4.1771425808293525,-24.13574972851563,56.68066304529552,17.031992627475784,-18.088655012406388,63.57859336328254,28.241618007327393,79.86419591617589,0.03372041900324163,39.26481652259827
-2.6701697678461835,-0.30975428394555515,1.395751629281191,-2.438490582395287,-3.8988449474365225,-1.274384781891615,3.852799983494879,-23.828770264863998,57.13995850513051,16.351766247375984,-17.870033909173003,63.54201138344159,27.80813228346749,79.84052428594723,0.2651802558973162,39.29005718231201
-2.670261491739178,-0.308372159777078,1.3981198683471896,-2.438582306288281,-3.8974628232680453,-1.2720165428256165,3.752076812574502,-24.194390897784302,56.68634161139011,16.51089954529039,-17.784824334309928,63.51253319873503,27.662867519654846,79.84282587686228,0.09822223713978806,39.30368208885193
-2.672453839897323,-0.3050197597626164,1.4029467021533732,-2.4407746544464266,-3.8941104232535837,-1.2671897090194326,3.039838459040762,-24.702020383876974,56.54082009277957,15.377275939349364,-17.593787831218314,63.47298838590108,27.29513925645999,79.82695823946082,0.22286707214802037,39.32883024215698
-2.6724803763515843,-0.30370652059279296,1.4070403368374595,-2.4408011909006877,-3.8927971840837605,-1.2630960743353465,2.9769063627800527,-23.53258892996929,56.14918425826501,16.892227180607915,-17.491099832584435,63.41516940799847,27.05085222762747,79.83904832988836,0.186092034088571,39.343585729599
-2.675608644878483,-0.29951573688805094,1.4112937664989391,-2.4439294594275864,-3.888606400379018,-1.258842644673867,2.91969243765649,-24.777830299177353,56.27715461751965,15.57586399894844,-17.276512934933024,63.39709023052736,26.68327509315848,79.80587426424525,0.01462458122584831,39.37073540687561
-2.677099513881905,-0.2975955155142827,1.4138131185037985,-2.4454203284310085,-3.8866861790052503,-1.2563232926690073,2.9542199571560768,-25.411986960473474,56.409007329904334,14.916809424027354,-17.171842488955807,63.38020695088092,26.479998884800082,79.79295503977782,0.048397063532237716,39.3834285736084
-2.678698909179126,-0.2940887336350049,1.4186771913996354,-2.4470197237282294,-3.8831793971259723,-1.2514592197731707,2.618896049882952,-25.498687016682958,56.23944886692647,14.68868589720401,-16.976381968389212,63.33507282973111,26.131870823290146,79.77982938079823,0.08397126748929784,39.40865445137024
-2.6809276092358454,-0.2904787446004884,1.423907577992332,-2.4492484237849483,-3.879569408091456,-1.2462288331804738,3.2939719942132863,-25.8968250081145,56.495226083786704,14.919422124751264,-16.774707967734994,63.290105170307704,25.74143203527526,79.7620838096215,0.09082113988574214,39.43479013442993
-2.681265755062249,-0.2888249086022385,1.4266334134762992,-2.449586569611352,-3.877915572093206,-1.2435029976965066,3.697371078626599,-24.949891762975053,56.09534565484382,16.780008687236172,-16.67776441795349,63.258150606869215,25.565818995762147,79.76123207072229,0.08751807275793322,39.44748401641846
-2.687504998768043,-0.2772799468437979,1.4418613021765068,-2.4558258133171464,-3.8663706103347653,-1.2282751089962993,3.434961014367441,-25.64519455020358,56.025981149789054,16.081800548828628,-16.057224326966637,63.128716610011445,24.440862766286894,79.70107593545276,0.2300167957221193,39.52569389343262
-2.688859237985238,-0.2734640808878068,1.4469668676909815,-2.4571800525343415,-3.862554744378774,-1.2231695434818246,4.97240247151076,-24.94234548871544,55.55529729747456,19.135085416125,-15.852389534652268,63.07809074948365,24.088821099530062,79.68676414658529,0.12450858797072373,39.55031967163086
-2.6900111586380717,-0.2711040539964037,1.4497573881216979,-2.4583319731871747,-3.860194717487371,-1.220379023051108,5.556770676134528,-25.05565044817093,54.769380605990904,20.5590105227048,-15.730696379546588,63.05527978187741,23.883451884136306,79.67326942334626,0.06404325573022396,39.56562423706055
-2.6921297925299603,-0.2670884841723532,1.4552483371171365,-2.4604506070790633,-3.8561791476633207,-1.2148880740556696,4.488585225433778,-25.59135515299555,55.44531821037702,18.19460945546195,-15.516992743517992,63.006032063167936,23.48543605270715,79.65200574070167,0.07981498859372227,39.59238600730896
-2.69312160276674,-0.2654421831492057,1.4569893157494769,-2.461442417315844,-3.854532846640173,-1.213147095423329,3.4334794044416705,-26.161441522672177,55.1804842856392,16.79077853525761,-15.435233695820372,62.994913784354985,23.349371136823784,79.63973503877659,0.05353254229915638,39.60469436645508
-2.6951934187247795,-0.26169482823142476,1.461897699666391,-2.463514233273883,-3.8507854917223923,-1.2082387115064148,4.764890072253203,-25.35597230494669,55.04502614277193,19.23222560742513,-15.239728358506023,62.95294823967943,22.989469454266047,79.61745178618192,0.1121640179043859,39.6289381980896
-2.6981142236387647,-0.25539002592183574,1.4699369763561876,-2.4664350381878677,-3.844480689412803,-1.2001994348166185,4.0559762353967495,-25.342658189501716,55.2641602097567,18.28706282890833,-14.914388015191342,62.88034806775135,22.416249547806853,79.58302833987923,0.06311738732407335,39.66852593421936
-2.7005361817529647,-0.25137241352732886,1.4742865402585426,-2.468856996302068,-3.8404630770182964,-1.1958498709142633,3.6919518399662192,-25.567988749323323,55.52181367173503,17.403718775520403,-14.71701507844429,62.85099828650742,22.08239801008223,79.55219343629139,0.05145331663358865,39.69466543197632
-2.7019722612641157,-0.24968184798226473,1.4769719003501223,-2.4702930758132187,-3.8387725114732323,-1.1931645108226838,2.8914425216174715,-25.78079117702777,55.79799845179347,15.940055697124174,-14.626638803019436,62.82891467901061,21.878745154522097,79.53906738774967,0.14627439092438355,39.70730185508728
-2.704050034422611,-0.24395174574994805,1.4842550000144308,-2.472370848971714,-3.8330424092409157,-1.185881411158375,3.0698866130571156,-25.33744899434507,55.466843912794324,17.040708912292263,-14.334948211377917,62.75735179974315,21.38051459657102,79.51095008511489,0.023415926380023322,39.74386429786682
-2.706914108418488,-0.23973431157989872,1.4885827467394677,-2.475234922967591,-3.8288249750708663,-1.1815536644333382,2.322038084496541,-24.80379399056629,55.72017665525319,16.325521272628112,-14.133487203630501,62.732579763108085,21.039600807522994,79.47345494742125,0.13344656460633697,39.768784046173096
-2.7069243440157664,-0.23753823993351603,1.4913846674418392,-2.47524515856487,-3.8266289034244836,-1.178751743730967,3.80209675253768,-24.609492131217944,55.11766282275391,19.070498424914767,-14.02149613016672,62.69772737061339,20.87114661742259,79.46935046759027,0.1485445048474321,39.78384494781494
-2.7091804768266647,-0.23280362370052937,1.4966258447236473,-2.477501291375768,-3.8218942871914967,-1.1735105664491587,3.209576730032056,-25.752784991374977,55.05730529902105,17.45821131509738,-13.7920291366041,62.65495170106523,20.49456681355523,79.43675539855619,0.08882913272276349,39.81334590911865
-2.7109755700951195,-0.2314060860643271,1.498976389693321,-2.479296384644223,-3.8204967495552946,-1.171160021479485,1.260610731202995,-25.991752107840483,55.44074739333816,14.408722710445268,-13.719167673673088,62.63985591466937,20.304225764207523,79.42003799096166,0.0854576192325065,39.82526683807373
-2.713272429740812,-0.2245803110584229,1.5062968340332246,-2.4815932442899156,-3.81367097454939,-1.1638395771395815,1.9120603976067638,-26.55889997186638,54.950200563141394,15.437070825939962,-13.391847469812435,62.57273879314223,19.805489559709244,79.37959975863873,0.07426596619183456,39.866950273513794
-2.7155946399136717,-0.22038764913384856,1.5109587951774683,-2.4839154544627755,-3.809478312624816,-1.1591776159953378,3.045254718964097,-26.392711832806306,54.99563650343041,16.906504860414124,-13.192087219220326,62.536853562501896,19.466270963785508,79.3466304378263,0.1467128720721922,39.894280672073364
-2.7169613430480792,-0.21838513956223154,1.5136023121314754,-2.485282157597183,-3.8074758030531988,-1.1565340990413304,2.173956249715693,-26.639821882337177,55.28944561098765,15.335943546581415,-13.093911965611575,62.51546270344683,19.272840880253376,79.32996983350424,0.11936720139706525,39.906824588775635
-2.7219995348211823,-0.209455824089618,1.5238763378777347,-2.490320349370286,-3.798546487580585,-1.1462600732950712,0.8984927805714723,-26.49703474233706,55.63134111205165,13.544226515510282,-12.67025524181053,62.43368535912597,18.53438836883306,79.25831483145718,0.16449249322279158,39.96251034736633
-2.723226184240303,-0.20558817117810696,1.5286623590924977,-2.4915469987894063,-3.7946788346690745,-1.1414740520803082,1.795883541020778,-26.241944091236082,55.1727937958752,15.514699515118494,-12.484044724277934,62.38419941419151,18.220439298601487,79.23672348554162,-0.12850369304518594,39.989678621292114
-2.7250976845272747,-0.20343681170629035,1.531754183615336,-2.4934184990763786,-3.7925274751972577,-1.13838222755747,1.4555984676960978,-26.064211536562134,55.55142320243909,14.78708333845715,-12.379349744160672,62.36063282036022,17.990640445648374,79.215075063952,0.003058613177666647,40.00465440750122
-2.726926322549712,-0.19957442801585346,1.5355291089092633,-2.495247137098816,-3.7886650915068207,-1.1346073022635428,1.0541302321229338,-26.560291289830648,55.89176779796548,13.473151963099463,-12.203689807592605,62.332019429086536,17.724769315388283,79.18377544869891,0.03902334272347341,40.02888083457947
-2.7308130103874566,-0.19166181993385534,1.5451792247984044,-2.4991338249365596,-3.7807524834248225,-1.1249571863744015,1.6726196684438415,-26.019506824581768,55.640833615814735,15.12100893100251,-11.831884614929677,62.24446697147588,17.064529556201496,79.12401745818272,0.04819798804836006,40.08171558380127
-2.732819573563992,-0.1879097235316834,1.5494096251956022,-2.501140388113096,-3.777000387022651,-1.1207267859772039,1.5524291986057221,-27.300685986927647,55.29559546832968,14.34594780873731,-11.659741079335245,62.20957391511959,16.770401390546766,79.09244791652446,0.2809002732025143,40.1062331199646
-2.734604229149104,-0.18407668776109432,1.5538094261289537,-2.5029250436982076,-3.7731673512520616,-1.1163269850438524,1.4897655982853473,-27.39456993822173,54.8121052245914,14.81344981251135,-11.483737616077793,62.170195945607354,16.472666869253327,79.06261555348826,0.17568265559738405,40.129881143569946
-2.7356532435896126,-0.18205001344120147,1.5563143341643277,-2.5039740581387155,-3.771140676932169,-1.1138220770084784,2.0696513903403524,-27.59385275921688,54.87321216914002,15.27212331417253,-11.389907904277909,62.1475107597509,16.30252579449446,79.04629542156674,0.18136213422597258,40.1444787979126
-2.738255623416226,-0.17780615255678467,1.5612370894680514,-2.5065764379653297,-3.766896816047752,-1.1088993217047545,1.1592711489961653,-27.79702502108378,55.087558569257205,13.80727743518472,-11.197129774113838,62.10853013321003,15.957858303728761,79.00692522287576,0.0986387028280995,40.17023468017578
-2.739393520117547,-0.17614333374494084,1.5637165595514757,-2.50771433466665,-3.7652339972359083,-1.1064198516213302,1.0721353144544876,-27.57260361030343,55.15869182886862,13.813101302981812,-11.118249272985452,62.08578539925917,15.78746460121416,78.99199026949489,0.17026500267108258,40.18191075325012
-2.7423835990679004,-0.1715701238110381,1.5690074965394634,-2.5107044136170034,-3.7606607873020055,-1.1011289146333425,1.4253907228652818,-26.86135006920909,55.94590334355022,13.901666749334165,-10.912564042445545,62.0454364799176,15.41596066376621,78.94703905876388,0.06343679438043504,40.209744453430176
-2.743974719033198,-0.17005397141641154,1.5710795299588303,-2.512295533582302,-3.759144634907379,-1.0990568812139756,1.4962321677613644,-26.89638851056657,56.61183620618139,13.117600679104598,-10.84339504767489,62.03252707374508,15.261177966341567,78.92729313636218,0.12124876889044911,40.22228813171387
-2.745559345723974,-0.1656356611172945,1.57647160017259,-2.513880160273077,-3.754726324608262,-1.0936648110002158,2.235960640332669,-26.829645694519375,55.44790247769863,15.583014396481376,-10.642469452691172,61.977271011415745,14.916492116819352,78.8964215800891,0.17913267951561407,40.24964165687561
-2.7470373254425877,-0.16333007796371207,1.5789126050149909,-2.515358139991691,-3.7524207414546793,-1.0912238061578152,2.3738735821010155,-27.051340933686102,55.48996220065298,15.521454920029631,-10.541470691688708,61.95996832041892,14.745874883352682,78.87283475035831,0.2830326774134213,40.26222109794617
-2.749086026214549,-0.15926188379020512,1.5841981375099925,-2.5174068407636527,-3.7483525472811725,-1.0859382736628134,3.1010388078549207,-26.946551090808512,55.11731736381862,16.924232430088384,-10.356890110001345,61.90926771338849,14.399000009294035,78.83909129047638,0.13935891027877112,40.289000034332275
-2.75042622156419,-0.15733794144497487,1.586631401681415,-2.518747036113294,-3.746428604935942,-1.0835050094913912,2.65550419477138,-26.91342078362949,55.272531507111886,16.275601022938982,-10.27093748245301,61.88961644322811,14.231880742868942,78.81923442645767,0.18260445728807406,40.30141520500183
-2.755278333720436,-0.15045593517391603,1.5940419085975055,-2.5235991482695397,-3.7395465986648833,-1.0760945025753004,1.9754391652452856,-27.51493755412635,55.271746521813654,14.998326839137338,-9.973285583823738,61.83943310716036,13.71449781576736,78.74328107937549,0.17978226208850367,40.34271574020386
-2.7583476700670246,-0.1463037202515448,1.5991070735926822,-2.526668484616128,-3.7353943837425123,-1.0710293375801236,1.6426734020026972,-26.70322756761926,55.73723224906779,14.745611539408417,-9.791544802000603,61.80115911506559,13.366860372073418,78.69716478300045,0.05464422189782514,40.367396116256714
-2.7625835215476258,-0.1401133631102155,1.6054114510177846,-2.530904336096729,-3.7292040266011828,-1.0647249601550213,2.753576603989281,-27.295552395979232,55.19589416276033,16.229145269110795,-9.529128216956662,61.75983813690863,12.933857009197592,78.62765865762798,0.11904061200240346,40.403385400772095
-2.7649285220967075,-0.13571766476386365,1.6099769076887815,-2.5332493366458113,-3.724808328254831,-1.0601595034840243,1.9767510958368035,-26.50615000989192,55.73425067601127,15.397814762838333,-9.342432920368458,61.722978856430444,12.636151216974309,78.5844867058684,0.04592271910115775,40.42778396606445
-2.773987951851497,-0.12200841114816657,1.6237100343731918,-2.5423087664006,-3.711099074639134,-1.0464263767996143,1.8178590769171257,-26.488060004828615,55.069503209302184,16.09826630310842,-8.771158791987716,61.63040863979541,11.718477263565457,78.42935958378797,0.060090560075775734,40.504467725753784
-2.777912929829774,-0.11694189939610605,1.6277403523906662,-2.546233744378877,-3.7060325628870734,-1.04239605878214,0.03183746120577314,-27.568631249397573,55.53481217303553,12.428069344740464,-8.568225986985011,61.6168334022583,11.43624736574565,78.36317068628705,0.29132019318477775,40.53119444847107
-2.779359566700163,-0.11444730307264067,1.6298856705230889,-2.5476803812492665,-3.703537966563608,-1.040250740649717,-0.33318966974679015,-27.61772691918549,55.32711433094755,12.205392356238393,-8.46714540415778,61.60325377058847,11.297135740616062,78.33555374099677,0.16071235434119657,40.54361820220947
-2.782539923630905,-0.1091328343896169,1.6343496653113907,-2.550860738180008,-3.6982234978805844,-1.0357867458614154,-1.2123734516764313,-27.930412228921778,55.0885772628718,11.168711771227333,-8.253214177215677,61.57663303380528,11.007191142922537,78.27523642965984,0.07731773878193993,40.57086634635925
-2.7839248679739237,-0.10667885669166172,1.637235852265925,-2.552245682523027,-3.6957695201826293,-1.0329005589068811,0.49361525085790403,-27.55725266380936,55.41713497305828,13.234876806498978,-8.150746730934552,61.55103103921029,10.827229255346953,78.24983586786628,0.09166272399804987,40.584166526794434
-2.787016130908323,-0.10153524711354298,1.6419924309508054,-2.5553369454574266,-3.6906259106045103,-1.0281439802220007,0.7172911512785245,-27.161424360272147,55.12995760845882,14.225217521030919,-7.94323431884331,61.51846259180247,10.524545316041234,78.1916524027939,0.21934139445019385,40.60991287231445
-2.788921379472471,-0.09826671735432524,1.6441265511545344,-2.5572421940215744,-3.6873573808452926,-1.0260098600182717,0.3726722998517252,-27.21183028924737,55.33539939568437,13.520318788779411,-7.8158411203322276,61.51052903488552,10.386212274702391,78.1532423258802,0.10207913474350105,40.625428438186646
-2.7924271656129322,-0.09217684077925575,1.6495786166917625,-2.560747980162035,-3.681267504270223,-1.0205577944810433,-0.14169559061087522,-25.83862572487426,55.32496444248314,14.050636000786385,-7.572746719980938,61.47283391645094,10.045530134946107,78.08475806007472,0.09233114931299102,40.65564703941345
-2.7935337700815976,-0.08980877498178308,1.6519247475376049,-2.5618545846307015,-3.6788994384727505,-1.0182116636352012,0.1910295079141038,-26.10586577909395,55.05883268566554,14.622331471181598,-7.477294282112653,61.45238943642492,9.90477867731468,78.06094946983326,0.008693044913020032,40.66851544380188
-2.7960079474923134,-0.08600611326119686,1.6550330135673947,-2.564328762041417,-3.6750967767521643,-1.0151033976054111,0.06915162203444536,-26.293446866383757,55.12255321623558,14.244716679641911,-7.328210833524968,61.43564177395477,9.707255857593884,78.01441199825294,0.030885704800929226,40.68842434883118
-2.799269276142211,-0.07805704729787014,1.661166256938282,-2.567590090691314,-3.6671477107888375,-1.008970154234524,1.4424121151093652,-25.90448020368428,54.42750905708674,17.211295864915982,-7.017056659952719,61.38857638900906,9.347686135340144,77.93474352139219,0.18817443430137493,40.727375984191895
-2.80364514451401,-0.07008933784223623,1.6670984580289994,-2.571965959063113,-3.6591800013332034,-1.0030379531438067,1.1470100980350968,-26.03559438601955,54.30198440197528,16.94268600769735,-6.70947845920735,61.35400902770533,8.987518634296608,77.84289263901205,0.14820164523507096,40.76680779457092
-2.805333148887488,-0.06688350931207376,1.6696349142905222,-2.573653963436592,-3.6559741728030413,-1.0005014968822836,1.0518623611689595,-26.422223500288162,54.20350980443741,16.624631603300713,-6.585623597515903,61.33705378584856,8.836356094872906,77.80672281371689,0.11520598305062135,40.78213834762573
-2.808000613447904,-0.06127145018491523,1.6741566241487535,-2.5763214279970077,-3.650362113675883,-0.9959797870240523,1.2138481028780315,-26.879976529976506,53.720878979004034,17.01192753241942,-6.368956658183676,61.303376500158556,8.572854796444899,77.74611192425768,0.12551562716328934,40.80987215042114
-2.8085427572227415,-0.058681920840703505,1.6758581588422437,-2.5768635717718453,-3.647772584331671,-0.9942782523305624,1.3872014899197038,-27.264107246807225,53.73428800683618,16.88701771468023,-6.269771453959918,61.28733789287829,8.483371311338063,77.72423107291102,0.1596307354040487,40.82219052314758
-2.8156607315936384,-0.04554798200644064,1.6862662184891155,-2.5839815461427422,-3.6346386454974082,-0.9838701926836904,-0.07403883757593345,-27.195995413985855,54.302671285017006,14.638756159839398,-5.769539233183025,61.21770061128137,7.874939496148149,77.5717171965305,0.1256199217827061,40.88553476333618
-2.8175048008965184,-0.0406032020127563,1.6905992511801609,-2.5858256154456214,-3.629693865503724,-0.979537159992645,0.1426778962164198,-26.699225487092274,54.062614170969326,15.6632447418156,-5.580364470752601,61.17748481479816,7.636442861820764,77.52273456324708,0.20250532608610694,40.90963530540466
-2.818008835155017,-0.03813439829431112,1.6925135239209097,-2.58632964970412,-3.6272250617852784,-0.9776228872518962,-0.4011046092503065,-27.614935694749633,53.97601153401718,14.364730862828607,-5.486455817798143,61.15731644185902,7.53722435509307,77.50196891673191,0.11457724968790606,40.9220073223114
-2.8217165293493824,-0.03265909215016502,1.6970065765689077,-2.590037343898486,-3.621749755641132,-0.9731298346038981,-1.3414898713638406,-27.98771864583861,54.219346659544065,12.618126000384937,-5.281477255754084,61.131928082460945,7.27189374248217,77.430194286083,0.15754430235642225,40.948861837387085
-2.8225886229076744,-0.029818236196663572,1.699038076582414,-2.5909094374567783,-3.618908899687631,-0.9710983345903919,-1.4604053294101509,-27.810676991248418,53.93515547470047,12.997183318292114,-5.175012200952973,61.113705200535726,7.1649340002933135,77.40291398039525,0.20988308685681378,40.961288928985596
-2.8250976507451733,-0.0244547037306041,1.704457368022358,-2.5934184652942767,-3.6135453672215716,-0.9656790431504481,-0.9379822130836076,-26.720093664099757,53.86580576816238,14.672778553430586,-4.971630950778212,61.06337472900518,6.865134688208162,77.34465555370382,0.25260694804187134,40.98922872543335
-2.826305079463676,-0.022048063436795134,1.7060875104425066,-2.594625894012779,-3.6111387269277624,-0.9640489007302993,-0.8839069274740986,-27.085361634044474,53.87639169606141,14.435077768832624,-4.882907283933978,61.05333820326996,6.775050706758163,77.31653955017242,0.12719430043484037,41.001750469207764
-2.828905711176737,-0.016632119960644093,1.710657241080734,-2.5972265257258402,-3.6057227834516117,-0.9594791700920722,-0.32652237792126443,-27.796956581232248,53.87625206690599,14.55262894193606,-4.6815064310889944,61.01621234387485,6.524815336287297,77.2553564844306,0.10009095084167541,41.02916216850281
-2.8307532464304916,-0.014248437592156826,1.7127501575618194,-2.5990740609795955,-3.603339101083124,-0.9573862536109867,-1.6300063021109574,-28.193392292838944,53.95548793164565,12.542149795799144,-4.593868551208155,61.00489216906606,6.402704598385394,77.22137126701232,0.2087649099254958,41.0418803691864
-2.833644917519679,-0.008456182751649666,1.7174636326376724,-2.6019657320687823,-3.5975468462426172,-0.9526727785351334,-2.1145969939580613,-28.757358553843822,54.079302113944834,11.374400482099068,-4.3806142643265105,60.96843006898081,6.146730421881987,77.15409136172494,0.16240943331827484,41.071945667266846
-2.8337798194580723,-0.005269413918881166,1.719244222177366,-2.6021006340071757,-3.5943600774098488,-0.95089218899544,-1.3076463322095109,-28.327868315161542,54.075058324159926,12.770883017140683,-4.263709876124772,60.94722717261199,6.067783227377209,77.13064037927246,0.21016644829186815,41.08402395248413
-2.837455384240841,-0.00025501764471233535,1.7248070149920127,-2.605776198789944,-3.5893456811356796,-0.9453293961807934,-2.6419510606441547,-28.14710822513891,54.27726857051885,10.963841840542273,-4.078894079300771,60.9040265565813,5.754292837063984,77.0617713008591,0.2245773773405828,41.1149115562439
-2.838004170345677,0.0020425922558333365,1.727027986371179,-2.60632498489478,-3.587048071235134,-0.943108424801627,-1.232411171123972,-28.44321160273459,54.035944757950546,12.847686082741397,-3.993864849191466,60.87886579834244,5.641694884163446,77.04114727062752,0.06146850216646049,41.12740993499756
-2.842311753684629,0.009598201281810465,1.7325114286183152,-2.610632568233732,-3.579492462209157,-0.9376249825544909,-2.56384144641105,-28.509180723913005,54.39864100147255,10.69239436784323,-3.7220169245894597,60.845021407570805,5.346982477992962,76.94590000788324,0.19573507880697605,41.16641283035278
-2.846511820530734,0.016944254670540393,1.7387357264149452,-2.6148326350798374,-3.572146408820427,-0.9314006847578606,-3.396578658813863,-27.68929215013711,54.261970073522214,10.411395476682943,-3.4578616182538693,60.79875555375291,5.0152608279891275,76.8534695843772,0.21705656525948802,41.21003031730652
-2.8478720899102163,0.019787618743533283,1.740886482596184,-2.6161929044593197,-3.5693030447474343,-0.929249928576622,-3.740270149921254,-28.213222235974623,54.59610219806721,9.122550969894817,-3.3561978415071883,60.78216878914247,4.9045458524717125,76.81998324056107,0.26446763139887786,41.22445368766785
-2.8498510116625955,0.024187913752185083,1.7452239788736938,-2.6181718262116984,-3.564902749738782,-0.9249124322991122,-2.3925033752370886,-27.183386113346597,53.72426962998618,12.891752240870265,-3.1977413774710404,60.740527866894034,4.6807346261149645,76.77011518798487,0.2572707536187915,41.25332832336426
-2.851496702353347,0.02665141388952047,1.7463733691887415,-2.6198175169024505,-3.562439249601447,-0.9237630419840646,-3.1482986212112865,-27.4804421279696,54.0866949627816,11.190047936248849,-3.111785814007258,60.7406468885368,4.619975829050511,76.73563224725949,0.25402408556887,41.266157150268555
-2.8549387129472783,0.032909738104467026,1.7518976904628385,-2.6232595274963817,-3.5561809253865,-0.9182387207099674,-3.122039628187778,-27.766362743805292,53.905974760925744,11.271811475309663,-2.8897564815902466,60.696161410307425,4.3338090482669545,76.65730608413176,0.1314830191487144,41.306118965148926
-2.8574180293999087,0.03935198838207021,1.7567263550512657,-2.625738843949012,-3.5497386751088973,-0.9134100561215404,-3.265971152597897,-28.349120826956973,54.13678311685058,10.387461929334556,-2.6623717535947398,60.65312681654254,4.097640555933955,76.58637668959868,0.1127786842771461,41.34573149681091
-2.8601453633028164,0.04319644268690204,1.7603763356445246,-2.62846617785192,-3.5458942208040654,-0.9097600755282815,-1.9996304648178085,-28.136055868057117,53.44040595708284,13.05978850423378,-2.5279265484738067,60.62730011149,3.9055564651550605,76.53174614740846,0.26115016001528435,41.37212038040161
-2.861831708759053,0.045553702171256164,1.7616851182098285,-2.6301525233081557,-3.5435369613197114,-0.9084512929629773,-2.977342099768767,-27.50946366969672,53.828818557506835,11.8137853894202,-2.4466894018176863,60.62503731410244,3.8378319221876627,76.49742976725429,0.1358768110277664,41.38481831550598
-2.8638500315888646,0.04915424764682862,1.764458823490402,-2.632170846137968,-3.5399364158441387,-0.9056775876824041,-3.383364323931546,-28.226302461993647,53.4945468162144,11.180260052084957,-2.32149054150079,60.605293014019054,3.69862318099735,76.4510545213606,0.05537450366345409,41.40928244590759
-2.863853193364559,0.05064663145093025,1.7659459987801704,-2.6321740079136617,-3.538444032040037,-0.9041904123926354,-2.993187577754209,-28.353878538320526,53.4513485337322,11.662238133313169,-2.2684639280987766,60.58476265407694,3.63034997726626,76.44043422976804,0.08594159224278553,41.42172288894653
-2.8670105875524197,0.05479864189467784,1.7691572054575162,-2.635331402101523,-3.5342920215962894,-0.9009792057152897,-3.4047660186538673,-28.770245264788215,53.140280817319685,11.211159490556113,-2.1257365877320185,60.569085459131436,3.463493794077452,76.37833527923303,0.09821242071370184,41.44936561584473
-2.8677440871517264,0.0567347203317827,1.7709472047353438,-2.6360649017008297,-3.532355943159185,-0.8991892064374623,-2.162336518731034,-28.477379660385644,53.5097701793204,12.544994472738912,-2.0583016317071667,60.55092107554519,3.376796059380961,76.35696199115709,0.11393428858008114,41.46180868148804
-2.8701017753038336,0.06046579460345396,1.7741287619498118,-2.6384225898529374,-3.5286248688875133,-0.8960076492229943,-4.095591604692972,-27.698420989104722,53.351413466150916,10.866804632077582,-1.929985579248859,60.5281564691049,3.216786833579599,76.30594508255027,0.18777057825089027,41.487518072128296
-2.8714824220421473,0.062388611649887835,1.7757257266352773,-2.6398032365912503,-3.5267020518410797,-0.8944106845375286,-4.425324883849162,-28.496578868690413,53.44250292410364,9.711236164518793,-1.864252800371648,60.51848782107846,3.1356376322580273,76.27789480874263,-0.017040332158446247,41.50341081619263
-2.8726864169122672,0.06641987917143376,1.7787631129588153,-2.64100723146137,-3.5226707843195335,-0.8913732982139908,-2.13734900558582,-28.52633649176753,52.998298547241625,13.200973086490466,-1.7250900992981342,60.48756630148393,2.9960492769441904,76.23597278384725,0.27747593852954866,41.52806210517883
-2.8736787513477937,0.06817593105215533,1.780474141950123,-2.6419995658968976,-3.520914732438812,-0.8896622692226828,-2.2834316449191108,-28.361587032766895,52.929344901816656,13.243915049058376,-1.6649547587423859,60.47264894022089,2.911439159420755,76.21308566357058,0.09627708877402164,41.540884017944336
-2.8767922390898786,0.07217298930570028,1.7838373906046359,-2.6451130536389824,-3.516917674185267,-0.88629902056817,-3.243581939419492,-28.35368556579058,53.472802564259666,11.358441880644751,-1.5296947965773873,60.45390933909763,2.7409784722927446,76.15196104367489,0.23056523231480464,41.5679497718811
-2.8772008742378903,0.07439459651611176,1.7855694380960738,-2.6455216887869937,-3.5146960669748557,-0.8845669730767323,-3.119707209708651,-28.005651040284928,53.757867962451684,11.441730175458769,-1.4533154764882001,60.43365667416165,2.6639444364887446,76.13128310520794,0.29779242010644236,41.580888986587524
-2.87928357098631,0.07790551537881515,1.7887160582054675,-2.647604385535413,-3.511185148112152,-0.8814203529673386,-2.9832531139112004,-28.437908922094227,53.277560522857,11.90605936943039,-1.3343974422128322,60.40851809151288,2.5105413245865633,76.084062128835,0.25461107900529667,41.60797691345215
-2.8799131767451907,0.08192883293518638,1.7915071396403546,-2.648233991294294,-3.507161830555781,-0.8786292715324513,-0.9141625078269048,-29.24628422223716,53.04152408816243,14.075045166031087,-1.1968861599945855,60.375675773895686,2.3909029768143433,76.04738815966297,0.06620469808702412,41.63434672355652
-2.8812503845731574,0.08414682384582267,1.7931373645358386,-2.649571199122261,-3.504943839645145,-0.8769990466369673,-1.5289970552326,-28.92467239658161,52.90975328233674,13.781872225157992,-1.122345547928294,60.36503764357535,2.3132359507914297,76.01708395654566,0.2317936027763685,41.647074937820435
-2.8819427910768867,0.0861364673459049,1.7951463896404807,-2.65026360562599,-3.5029541961450623,-0.8749900215323254,-0.9219094215963463,-29.004748764495023,52.77495969868474,14.586073648463946,-1.0549677931804529,60.343124139968914,2.2190994815887164,75.99516652627248,0.2004043998827636,41.66175127029419
-2.883518608990501,0.09003221291773247,1.797687337391729,-2.6518394235396046,-3.499058450573235,-0.8724490737810768,-1.05348502599149,-28.844749712156272,52.94319992536643,14.397733629016662,-0.9238121764443511,60.32206376197659,2.10591352859693,75.94954069823073,0.016727185311679715,41.68672847747803
-2.8863149787259523,0.09579110845439537,1.8021673696164893,-2.6546357932750557,-3.493299555036572,-0.8679690415563168,-1.2874960489182368,-29.848821722844853,52.61107951303824,13.709134210222416,-0.7311866929121652,60.28458012436585,1.8992007383161913,75.87729295997771,0.22393587471755483,41.724233627319336
-2.888807409856062,0.10050995932650644,1.805285191441262,-2.6571282244051653,-3.4885807041644608,-0.8648512197315439,-2.715623637407588,-30.0939025947147,52.46252801723615,12.058090572477964,-0.5742232028049343,60.26341689509643,1.7581597688894595,75.815739022027,0.23599482917707704,41.75192356109619
-2.8898586853104336,0.1025929700559779,1.8074085469423729,-2.658179499859537,-3.4864976934349894,-0.8627278642304332,-2.436343109379116,-29.91091407936007,52.992411224851274,11.911825358697236,-0.50520769344107,60.242950779737086,1.6582650012599403,75.78912143176657,0.1480541490616334,41.765681743621826
-2.892675623481421,0.10903554177590635,1.8114484755937816,-2.660996438030524,-3.480055121715061,-0.8586879355790242,-1.1913583009919648,-29.82580236054004,52.51789703042966,13.990602997102831,-0.29155033504249583,60.21164563726268,1.4829320202897385,75.71064351596667,0.18611738227811925,41.802490234375
-2.894987494036499,0.11312349365021598,1.8146102865665932,-2.663308308585602,-3.4759671698407515,-0.8555261246062127,-2.1101835716107322,-29.855774841152137,53.05341132268322,12.306183796139901,-0.15729682737906317,60.18781654218383,1.3387546853226522,75.65540513157742,0.35822168619545947,41.826839208602905
-2.898305009478794,0.12046283560572477,1.818604144244524,-2.6666258240278973,-3.4686278278852427,-0.8515322669282819,-1.7382408404230565,-29.97034805597475,53.00562563195564,12.738191706935172,0.08429401673182453,60.16126664918742,1.1724169203925496,75.56432783975146,0.13272389821927666,41.866509199142456
-2.901187030412234,0.12560977257724684,1.8207167499907513,-2.669507844961337,-3.4634808909137207,-0.8494196611820546,-3.4668558647063574,-30.260986316184827,52.42059835977731,11.183452357122754,0.25290117004578455,60.15711581200529,1.0881701775127006,75.49461828929961,0.2013643667402607,41.89501929283142
-2.901970501689078,0.1276459684384493,1.8225623215601607,-2.670291316238181,-3.461444695052518,-0.8475740896126454,-2.1687424659467296,-30.29053935735988,52.62032042499302,12.456757166006906,0.3191828962599212,60.13795867905304,1.0063173594201311,75.47063350472266,0.22633116032398082,41.907079458236694
-2.9032698789508817,0.13019540135650046,1.8238628920059523,-2.6715906934999847,-3.458895262134467,-0.8462735191668536,-1.9431935688201387,-30.427082441763,52.727622196581315,12.492739707470681,0.4023663284959076,60.13106469660353,0.9530437744728627,75.43732866799841,0.09631768833410081,41.919602394104004
-2.9072292895078347,0.13510481489086934,1.8260986970928825,-2.6755501040569385,-3.453985848600098,-0.8440377140799236,-2.3777266834030493,-29.62687552729409,53.00766669264798,12.27173558748649,0.5608950923048232,60.134391708845236,0.8560870020490718,75.35826782081134,0.07096350346504376,41.94636917114258
-2.9109494760466346,0.1428973775676788,1.829152304471128,-2.679270290595738,-3.4461932859232887,-0.8409841067016779,-2.022381720309312,-30.040860503671716,53.02188056228089,12.380278427444386,0.8148211287651664,60.123527943472595,0.7431024283428417,75.25871208928876,0.1975552315488276,41.98635125160217
-2.9140115731079175,0.14832084510574262,1.8319498925580384,-2.682332387657021,-3.440769818385225,-0.8381865186147675,-3.812463785640338,-30.12195631775506,52.99002726958677,10.221175145055913,0.9898036868522255,60.11042490486193,0.6292951151865572,75.184389893392,0.09652919106323399,42.01189851760864
-2.9152038053233023,0.15124308517736823,1.8328980792663487,-2.683524619872406,-3.4378475783135993,-0.8372383319064571,-2.833475210881879,-29.924942534757,52.84667014379187,11.745975977700645,1.084941682045592,60.107095793209396,0.5985135727046849,75.14900804939272,0.09316816621817114,42.02543354034424
-2.917370831516926,0.15601564785730396,1.8355738088108566,-2.6856916460660294,-3.4330750156336634,-0.8345626023619495,-1.274728079958305,-30.54869744915644,52.40709676853583,13.560605313142961,1.2385000164581679,60.08762767691854,0.49177002953791255,75.088764102992,0.08681320075256904,42.04962086677551
-2.9185804428793864,0.1584537882559761,1.8362688480704814,-2.68690125742849,-3.4306368752349914,-0.8338675631023245,-1.5893315324735702,-29.8737559052882,52.401348022762626,13.771005952913729,1.3174930608313373,60.08796978749861,0.470013820346136,75.05699461940586,0.08871732442229785,42.06182789802551
-2.9225564124548136,0.16381114468012556,1.8382731021897611,-2.690877227003917,-3.425279518810842,-0.831863308983045,-1.4256223122842508,-29.827326329267194,52.914424337691784,13.401721485853185,1.4888500530375943,60.093515269621996,0.3921676693220741,74.97361943772115,0.08193319511016561,42.08624744415283
-2.9276744755126427,0.17321366006771527,1.8414139682683848,-2.695995290061746,-3.415877003423252,-0.8287224429044213,-2.4643357641100914,-30.12175047315164,52.85864170609765,12.05286860583648,1.7910476467383667,60.09154604575549,0.28521219810223236,74.84603205155135,0.2255713465313156,42.12841248512268
-2.92942507569442,0.1756985213424128,1.8434055842711676,-2.697745890243523,-3.4133921421485547,-0.8267308269016382,-2.33411765617049,-29.25786981859419,52.57741991950905,13.21055261366571,1.8685018516845853,60.0781826774398,0.19884291335122675,74.80796751059063,0.3389793256625615,42.142032861709595
-2.9334318626266276,0.18257592957165686,1.8451784413321048,-2.701752677175731,-3.4065147339193107,-0.824957969840701,-3.492518432506398,-29.678356451234595,52.889177147851065,11.125736949222047,2.0890566681004383,60.08584332519194,0.14618460737865277,74.71180141722589,0.27480855612286526,42.171775579452515
-2.9348106908434746,0.1853686217316741,1.8457302384916727,-2.703131505392578,-3.4037220417592935,-0.8244061726811331,-2.2487534586983995,-29.73880463968051,52.7555151085381,12.738338289777031,2.1790141808095798,60.08900376608829,0.13428811760884352,74.67527182363044,0.08412124765443396,42.18471574783325
-2.9413341547336342,0.19417612153913194,1.8499405653172172,-2.7096549692827376,-3.3949145419518354,-0.8201958458555887,-3.9805480238961772,-28.64384610624844,53.074207609361814,11.045742487884883,2.455457915728372,60.0832826328104,-0.03154186493603785,74.53715962941054,0.3491416123395066,42.224855184555054
-2.948583050428814,0.20617550229798298,1.8535496946359502,-2.7169038649779176,-3.3829151611929844,-0.8165867165368557,-6.378906899736393,-29.272425465726986,53.36474062418529,7.014016732736862,2.8358912575556983,60.08974699076892,-0.14513913744478174,74.3657593704403,0.14262417141682882,42.275660037994385
-2.9510556735566227,0.20978836039738735,1.8551249411978765,-2.719376488105726,-3.37930230309358,-0.8150114699749293,-4.644799824605897,-28.852819251415493,53.036418883282685,10.077509133949498,2.948747824637312,60.087243040195375,-0.20330764553567793,74.31095864962784,0.19424772365457343,42.291311264038086
-2.952273126726592,0.2122326115962619,1.856683812868893,-2.720593941275695,-3.3768580518947053,-0.8134525983039129,-4.939127441016202,-27.877781033188455,52.90406403777492,10.586867816804217,3.0243245465429256,60.074680374761215,-0.2636001169500364,74.27830885908699,0.2518276031525959,42.30389070510864
-2.955431895894259,0.21796457088608037,1.8581676500030664,-2.7237527104433625,-3.371126092604887,-0.8119687611697395,-4.696762692297159,-28.15615911510727,53.16614648414178,10.363267967236071,3.2057165694276777,60.07779414996743,-0.303693538638714,74.19929791514082,0.203083166028871,42.32819986343384
-2.957767873745252,0.2213809860978359,1.8588977132763302,-2.7260886882943556,-3.3677096773931314,-0.8112386978964756,-4.22222157108946,-28.328563303703827,52.94089784532517,11.152778955038594,3.313591368634003,60.08562421814524,-0.32223959422620163,74.14761378190603,0.1992055029408628,42.34405303001404
-2.9611264218723954,0.22703077693336332,1.8607093249518574,-2.729447236421499,-3.362059886557604,-0.8094270862209485,-5.3480113805823075,-29.013518740302953,52.76040613126439,9.410594060867295,3.490735770838366,60.08561178536281,-0.3785685774175447,74.06696258295129,0.1033323447742922,42.36875557899475
-2.962706222888814,0.22996080105321842,1.861716126141574,-2.731027037437917,-3.359129862437749,-0.8084202850312319,-5.433427174118985,-29.017353302726807,52.6553322489732,9.437745421391513,3.5824221727016656,60.083171023082734,-0.4100037078265464,74.02670944910355,0.1748991004861553,42.38123035430908
-2.9670537010682576,0.23588681341500284,1.864312132704201,-2.735374515617361,-3.3532038500759644,-0.8058242784686049,-5.262086504178479,-27.769153863788656,52.49754398428014,10.771202369319717,3.7649325242067957,60.080390631953975,-0.5040106016273364,73.93330513293866,0.09678395263598949,42.41037154197693
-2.9686795711565175,0.23888620821627007,1.8651329330928994,-2.737000385705621,-3.3502044552746972,-0.8050034780799065,-6.2524321353930175,-27.69526265325588,52.940002180532105,8.846013319874112,3.858939240476659,60.08066804634307,-0.5260447065570976,73.89199925724373,0.046430814418173316,42.42362904548645
-2.9718856165153658,0.2442989062499566,1.8658739835840645,-2.740206431064469,-3.3447917572410106,-0.8042624275887413,-5.246782302912194,-27.70425477639977,53.0156265956838,10.143105742384419,4.03010785826456,60.0935347627178,-0.5327204989902066,73.81494281277985,0.16268456360115469,42.44845914840698
-2.972894046619202,0.24732217777906934,1.8670557654664721,-2.7412148611683054,-3.341768485711898,-0.8030806457063338,-5.83923861395747,-28.45909799198047,52.145789110401765,9.98403309948578,4.124189395284834,60.08326741766992,-0.5683207772019797,73.77946078984165,0.1309578070225088,42.46078586578369
-2.9772239141208585,0.25256936575341715,1.8690749530539685,-2.745544728669962,-3.3365212977375505,-0.8010614581188373,-6.7807150982446185,-27.670033200582765,53.11987677045168,7.835929183011164,4.284820971487156,60.08817525217182,-0.6390419225530976,73.69170663968019,0.11951269342819915,42.4881489276886
-2.977616526328659,0.25473488919624154,1.8695083552669645,-2.7459373408777625,-3.3343557742947256,-0.8006280559058414,-5.696242080725697,-28.1868916986222,52.83561141819952,9.432814463171498,4.353461416513818,60.083508765701424,-0.6440746636178051,73.66974435651356,0.15485192948215643,42.4999577999115
-2.9808387763296693,0.2603156143731646,1.8711091613858888,-2.7491595908787723,-3.328775049117803,-0.7990272497869171,-3.9672138984680503,-29.047380934283524,52.44786066119113,11.56188345802881,4.526625764306254,60.083899120342636,-0.6880221708735543,73.59050340491353,0.12490586931769476,42.52793502807617
-2.982814504551293,0.26280676605379116,1.8719589792597056,-2.7511353191003964,-3.3262838974371762,-0.7981774319131003,-4.184382361517821,-28.535462027058202,52.80229832991074,11.21596251567734,4.60288816000323,60.0868122871603,-0.715824171040873,73.54960521826808,0.12179684712532568,42.54081845283508
-2.986065019275706,0.26753235080226656,1.8729783370948403,-2.7543858338248093,-3.3215583126887007,-0.7971580740779656,-5.322793997174232,-28.084199212419964,53.33948181416383,9.30489574715216,4.749645171523595,60.095992040697965,-0.73949796486198,73.47727910365752,0.11643086188165075,42.56488084793091
-2.989624106173801,0.27411778204902504,1.8740725405867331,-2.7579449207229043,-3.314972881441942,-0.7960638705860728,-6.7168207922966365,-28.20195474556963,52.95872637897595,7.810624589684935,4.95574279053987,60.104535263882916,-0.7536779114491386,73.38634456331121,0.26422473683924386,42.60144758224487
-2.9918945970631037,0.27817018570864976,1.8756721674287622,-2.760215411612207,-3.3109204777823176,-0.7944642437440437,-5.45226098940718,-28.151332614396004,53.481586753848745,8.890071578011566,5.079212942490858,60.09770079886728,-0.8041331995381791,73.32905950824824,0.14192607348909858,42.62603545188904
-2.997765993502898,0.28713725911207744,1.8769960389755824,-2.7660868080520014,-3.30195340437889,-0.7931403721972234,-6.11521458667251,-28.842515410384564,53.315087995540146,7.711615677216958,5.358451278758549,60.11963490549915,-0.8194651627109552,73.19467824071485,0.09471276141491769,42.679786682128906
-2.9995903235333636,0.2910767489478213,1.8775511485282097,-2.767911138082467,-3.298013914543146,-0.7925852626445962,-5.316593063008145,-28.344767625451162,53.03170240842276,9.555058377906063,5.481697061772141,60.12291027902604,-0.8220273350228199,73.14319860327687,0.07187352556271476,42.703938245773315
-3.0023299948430657,0.2949239433752791,1.8784889160157219,-2.770650809392169,-3.294166720115688,-0.791647495157084,-5.736576857670171,-29.095220537443197,53.411933316876,7.928742088059317,5.5996462430405805,60.12888176161874,-0.8457170238820676,73.08302771715016,0.1893984036762406,42.728198528289795
-3.0033917789104256,0.29699637523135747,1.8784254102093336,-2.7717125934595295,-3.29209428825961,-0.7917110009634722,-6.898122968173629,-28.64117112974467,53.742190069399015,6.124816277414562,5.665564983865019,60.13619672740115,-0.8317200833651006,73.05506129052519,0.22502080154532234,42.74029731750488
-3.0054462680150724,0.300756318578532,1.8795633753963608,-2.773767082564176,-3.2883343449124354,-0.7905730357764451,-4.466834812102998,-28.541929600125087,53.722301675153844,9.620546214208495,5.780353255994944,60.1334948643961,-0.8621043803545577,73.00235409974339,0.14556821444960155,42.76474070549011
-3.006907259074005,0.30309189657752145,1.8801712108548392,-2.7752280736231083,-3.285998766913446,-0.7899652003179667,-5.8770358145577575,-28.196426042543305,54.26681653217115,7.12868636434658,5.85177006247171,60.13469935198316,-0.8772480483751739,72.96778299929908,0.23671146756723305,42.779858350753784
-3.0087433717247603,0.3068985273672815,1.8811558861955366,-2.777064186273863,-3.282192136123686,-0.7889805249772692,-5.1642259053611514,-27.830943283070948,53.683802355372904,9.231437034968474,5.9685311433936885,60.13197303701879,-0.8994917149265494,72.91689023968668,0.12922410169062815,42.806570529937744
-3.0115951939030285,0.3134066556500967,1.8812632715965476,-2.779916008452132,-3.2756840078408707,-0.7888731395762583,-3.9138235612897834,-28.187624409127913,53.198858119121056,11.334448532340737,6.174196544221855,60.145904641964556,-0.867358295540811,72.83351318952558,0.2873137989171215,42.84551811218262
-3.0153563631955747,0.3188224309172432,1.8820732565867178,-2.783677177744678,-3.270268232573724,-0.7880631545860881,-5.206619353666084,-28.338136187351072,54.575254673663736,7.570980119556187,6.341095315969712,60.15941941268798,-0.8774170957045556,72.74970381405097,-0.02823698453353396,42.88165855407715
-3.016442185449982,0.3232227659749797,1.8820984210234113,-2.7847629999990855,-3.265867897515988,-0.7880379901493946,-4.272052065000789,-28.30191871898303,53.60845101985378,10.255874952968439,6.480822755005954,60.161871281968175,-0.8506623364567955,72.70168535089397,0.23056885138511563,42.908488512039185
-3.0181655547623873,0.3250417875170882,1.882177379578824,-2.7864863693114907,-3.264048875973879,-0.787959031593982,-6.0589340718220175,-28.111399874577945,54.24891373784052,6.982195290023468,6.537173814666076,60.17283972226485,-0.8474234431889481,72.66898009996008,0.18171318733108066,42.920814990997314
-3.019508080138384,0.3290936557791216,1.8820349193185222,-2.787828894687487,-3.2599970077118456,-0.7881014918542837,-6.883781686575303,-28.833062506256578,53.61444329389726,6.269878704412506,6.66613065712704,60.18007216932289,-0.8170735925956474,72.62133665728325,0.1781364507509613,42.94666385650635
-3.020238128442051,0.3314242334131685,1.8823711791572348,-2.7885589429911546,-3.2576664300777987,-0.787765232015571,-3.461950781561457,-29.29683363042858,53.81864934180305,10.329480845340163,6.738543971532191,60.17818165116772,-0.8175703286667851,72.59411093805967,0.14294903937935954,42.961748123168945
-3.024101741873839,0.33815720540325533,1.8828690580138092,-2.7924225564229426,-3.250933458087712,-0.7872673531589967,-4.221957814594336,-29.445853278837262,54.05086019129862,8.936534860167301,6.948032757039737,60.193877816998125,-0.8052559221892573,72.49801310339501,0.3238187729412596,43.00464463233948
-3.028776042015424,0.34883534835344676,1.8831247524545711,-2.7970968565645276,-3.240255315137521,-0.7870116587182348,-4.395292036547801,-28.916099499587773,54.16004990832796,8.96656807771991,7.283327364168238,60.21278325951764,-0.7577001709352644,72.3602105783281,0.21517772118347978,43.067731857299805
-3.029506107471102,0.35095661315781557,1.8832604405033635,-2.7978269220202048,-3.238134050333152,-0.7868759706694424,-5.030369721126336,-28.970170049175064,54.35950666773512,7.803965421736932,7.349645424720728,60.21359979126798,-0.7511941711268025,72.33474028850347,0.2459904301971667,43.08012342453003
-3.0315319911907483,0.3554708734543249,1.8832350564299776,-2.7998528057398517,-3.2336197900366423,-0.7869013547428283,-5.486063687487522,-29.46448647235607,54.29154102201874,6.955965147540463,7.491742966576842,60.223461837239306,-0.7258253739958326,72.27592824142424,0.19018738086064557,43.10563826560974
-3.031238817016857,0.3575794016604131,1.8832301666403328,-2.79955963156596,-3.2315112618305544,-0.786906244532473,-3.7051804613600035,-29.660003286519903,53.936571533407566,9.694167617670002,7.559090207997197,60.217351764354035,-0.7096132137210307,72.26084669558296,0.16501389492017804,43.11853814125061
-3.0341997432183314,0.36243964845504806,1.8832862912373955,-2.802520557767435,-3.2266510150359196,-0.7868501199354103,-5.516487648434541,-28.55451554465173,53.75858111908276,8.289633196260882,7.710885777198794,60.23324043056194,-0.6890169731022521,72.18957676526584,0.1180554448047344,43.146116971969604
-3.0349395401010084,0.3644052548141833,1.8836220846974534,-2.803260354650112,-3.224685408676784,-0.7865143264753525,-6.075228388265796,-28.604187759721473,54.01202167449721,7.120634385242962,7.771120453985549,60.23152465641501,-0.692235105835687,72.16515297423888,0.05501921943396937,43.1585054397583
-3.0396998265922814,0.3757854640971384,1.8842884834381448,-2.8080206411413844,-3.213305199393829,-0.7858479277346611,-5.385746858524993,-29.67698429611557,53.559089337960664,8.020912787370499,8.125058711594878,60.242178314862095,-0.6588160241742982,72.01942205838566,0.18474505149320342,43.22399282455444
-3.042182284309975,0.3826347721214226,1.8846034641160156,-2.810503098859079,-3.206455891369545,-0.7855329470567902,-5.018359828234511,-29.289978338380266,53.17881088687901,9.30860376439431,8.338412792649553,60.24601842193969,-0.6338568784461786,71.93540032472762,0.14070752443101853,43.26410698890686
-3.0444604522930665,0.3890502820390642,1.8845740325231786,-2.81278126684217,-3.2000403814519034,-0.7855623786496273,-5.360263988474253,-28.85781238796494,53.13566561631202,9.24893596502481,8.539707192813186,60.253217611668894,-0.5969249451735613,71.85721247894753,0.16300185340999906,43.30043625831604
-3.05073159296291,0.4011100434989633,1.8851700400049136,-2.8190524075120136,-3.187980619992004,-0.7849663711678923,-6.552850752646665,-28.16771299951424,52.36094854227565,9.174736217831784,8.912418115575512,60.27410820551104,-0.562759782747697,71.68972366620228,0.04792267621852542,43.37010216712952
-3.050930524509332,0.4033276675825683,1.8849080612121232,-2.8192513390584355,-3.185762995908399,-0.7852283499606827,-6.658283701200189,-27.98286989376511,52.53726280919419,8.93827383556141,8.983638635492541,60.274674471088254,-0.5375295957156303,71.66859092921977,0.2338584373724104,43.38255310058594
-3.053780841198672,0.40731688559364376,1.8848287781907591,-2.8221016557477756,-3.1817737778973236,-0.7853076329820468,-6.357930316794027,-28.705845010271155,52.690307494793785,8.621844337284891,9.107585031415413,60.29150108171157,-0.5179705564643323,71.60548272040994,0.22997893208764442,43.40680694580078
-3.0554349407421904,0.4103487222834278,1.884798481687913,-2.8237557552912937,-3.1787419412075395,-0.7853379294848928,-7.1683436973399655,-29.635905409737624,52.46519152695817,7.1955270455278,9.201979951923443,60.29946789963442,-0.5024625553848143,71.5625845024656,0.15673210583377006,43.424907207489014
-3.0576429942457772,0.4152345046854901,1.8843750971112514,-2.8259638087948806,-3.1738561588054774,-0.7857613140615545,-7.412867228343249,-29.75485463731515,52.502357870500944,6.744538967949645,9.35648263225789,60.31324019924576,-0.46047386621972264,71.49814896647004,0.12430695475796938,43.451568603515625
-3.058717446390263,0.4177625547515872,1.8844288555369593,-2.827038260939366,-3.17132810873938,-0.7857075556358466,-6.0378426208323175,-29.484075843413873,52.320797267634944,9.022051848308834,9.434902315564793,60.31610678646034,-0.44976460811690516,71.46532031755513,0.24859364254806682,43.46644449234009
-3.0601541548154487,0.4199759549519723,1.8845725493990595,-2.828474969364552,-3.169114708538995,-0.7855638617737464,-6.477478006917018,-29.152099043863135,52.420091029371115,8.529828930897459,9.502585594732617,60.32148694259812,-0.446272435771669,71.43157832825342,0.3917821819774434,43.479344844818115
-3.062353073076098,0.424473099747058,1.8837163649602502,-2.8306738876252013,-3.1646175637439096,-0.7864200462125557,-7.813812006733181,-29.34149315863642,52.1396516711858,6.966192079293144,9.647227264459037,60.34138449365171,-0.3895934320478579,71.37072436695122,0.16293764341317818,43.50470447540283
-3.0661128891461473,0.43240534492045146,1.882855737021711,-2.8344337036952507,-3.156685318570516,-0.7872806741510949,-9.369754928704918,-28.855644851533512,51.56600468769078,5.891799318764856,9.898626303945917,60.36648198149878,-0.3162979043023495,71.26409593339896,0.27337620268412266,43.55057334899902
-3.0705645892111435,0.44003973333879626,1.8821275995182414,-2.838885403760247,-3.149050930152171,-0.7880088116545645,-9.787588247813382,-28.354617297083255,51.308134803127814,5.95771784588836,10.139215136946303,60.39582561095667,-0.25372266546427746,71.15298285886632,0.2477822027435539,43.5951464176178
-3.0714890214122628,0.44190825614608137,1.882271192690891,-2.839809835961366,-3.147182407344886,-0.7878652184819148,-8.89834768682362,-28.8309689983741,50.90293115074203,7.519859561787734,10.196238129135013,60.3973099516634,-0.2508462988167878,71.1272496576668,-0.021513946653306082,43.60752582550049
-3.073431095933955,0.4449063802228381,1.8813848956735377,-2.841751910483058,-3.144184283268129,-0.7887515154992681,-8.755125314729622,-29.391236349325688,50.980080361387834,7.23578237459443,10.294203365898882,60.41817193281657,-0.20305954597713866,71.08192019765686,0.2107779400832186,43.62296795845032
-3.077088728528901,0.4517982910153719,1.8806155048024378,-2.845409543078005,-3.1372923724755957,-0.7895209063703681,-7.394767647220959,-29.439649986372732,50.58580050609309,9.548975265713809,10.512197403409758,60.44237998542961,-0.1416076947433614,70.98502406629174,0.1906856938249475,43.66487765312195
-3.0770079793603458,0.4542814863206271,1.879698258893392,-2.8453287939094487,-3.1348091771703404,-0.7904381522794139,-8.208969939429567,-28.968771279225322,50.464685389803286,9.003449709703624,10.595825907869202,60.44768533702985,-0.08839652323283809,70.96421590124473,0.18922606096163053,43.679044008255005
-3.0813105063693107,0.46075762802877057,1.87841450838686,-2.849631320918414,-3.1283330354621968,-0.7917219027859459,-7.595122940485651,-28.95590393709912,49.65675942431702,10.858623147225682,10.80356219751273,60.48452721570086,-0.01249199976851272,70.86466847899801,0.18380228313211333,43.718101263046265
-3.085422699364198,0.4648418557992438,1.8778303297918852,-2.8537435139133014,-3.1242488076917234,-0.7923060813809206,-9.051356188573886,-28.607646525287276,49.92357285707813,8.78036828300286,10.932074824931977,60.516286667580296,0.02041368016906177,70.78791892458169,0.17996641908603594,43.74291753768921
-3.090133301596675,0.471615331793151,1.876676641668201,-2.8584541161457784,-3.1174753316978165,-0.7934597695046048,-10.716747552733324,-27.94283854138132,50.03411956200258,6.663089786376213,11.147977154836088,60.55339385851747,0.09027099158838592,70.68148452452141,0.11313272539739927,43.785080671310425
-3.09112835327061,0.4739961963706651,1.876144449487601,-2.8594491678197134,-3.1150944671203025,-0.7939919616852049,-10.182082833195734,-28.12438070486675,49.694016830499066,7.827246314877726,11.22519884146171,60.56248670766307,0.1223475168384651,70.65061456303279,0.19574127054922297,43.797412157058716
-3.0948508059839535,0.4787389177278267,1.874750402203273,-2.8631716205330564,-3.1103517457631407,-0.7953860089695328,-10.926736889932021,-27.064741074993854,49.55579203200071,7.6165924457033665,11.380016598223214,60.59928812215843,0.19200544531520108,70.57205835763263,0.1919846183349776,43.827282190322876
-3.098074149105406,0.4828321443762331,1.873602650524679,-2.866394963654509,-3.1062585191147343,-0.7965337606481269,-11.592468417539882,-26.693701420535067,49.63560022105945,6.687102391443246,11.513320346075062,60.630222467951526,0.24949239572941587,70.50409153608668,0.11363430804300068,43.85337042808533
-3.0993317311361963,0.4848119714514278,1.8730254479515063,-2.8676525456852997,-3.1042786920395398,-0.7971109632212996,-10.565587167007775,-26.906542266274315,49.4641545603394,8.371900131853266,11.578191011129434,60.64290738648337,0.27927520532419936,70.47417669231884,0.11211717153341372,43.865745067596436
-3.101333642884933,0.48732614594249085,1.8724092351436377,-2.8696544574340366,-3.1017645175484767,-0.7977271760291682,-11.16376448006312,-27.048805872639182,49.24562593447446,7.688880225427188,11.659486867234062,60.66079537449374,0.3107363004123212,70.43214742068297,0.07719339995407593,43.88143038749695
-3.104963959325036,0.49335019241952355,1.871056417927646,-2.8732847738741394,-3.095740471071444,-0.7990799932451598,-11.37347820543013,-27.408528731757684,48.22841011249669,8.624104424532126,11.854308673790387,60.692129253652844,0.38567382994111643,70.34279055154015,0.1473998078732386,43.919302225112915
-3.108346529426849,0.497672431677105,1.8694585925584302,-2.8766673439759525,-3.0914182318138623,-0.8006778186143757,-12.285346048665858,-26.910390717870786,48.6479316875708,6.94217529857997,11.998007118912904,60.7289838195998,0.4601350399278825,70.27121850389854,0.139517133128507,43.946433305740356
-3.1091916073551182,0.499365889240607,1.8690149305298611,-2.8775124219042216,-3.08972477425036,-0.8011214806429447,-10.666722297515172,-27.766526945683573,48.364093200352386,9.16471602529102,12.053386973236117,60.73703187434758,0.48413567492906784,70.24780329397046,0.18045205247591012,43.958513259887695
-3.113273710593327,0.5034190362409635,1.8680102803752465,-2.8815945251424298,-3.085671627250004,-0.8021261307975593,-12.296275927397422,-26.713371748969895,48.440189614091054,7.323502796681126,12.184065506854306,60.772430247300164,0.5304397539376267,70.17154227424963,0.15818660721999755,43.98742914199829
-3.1168944270677548,0.5088477960082662,1.8669748709258642,-2.8852152416168586,-3.0802428674827014,-0.8031615402469416,-10.726002778198769,-26.386891563407968,47.70527219989228,10.954158164140807,12.3582076874672,60.80032402212348,0.587859585099339,70.087321286725,0.18176750583076773,44.02630686759949
-3.1187161038609506,0.5109103131822211,1.8658146165796454,-2.887036918410054,-3.078180350308746,-0.8043217945931604,-10.129883730198634,-27.090235451644077,47.92849897296461,10.928634934448098,12.42967660219878,60.824454645675395,0.6370980905447174,70.05120617670102,0.283704571437593,44.038411378860474
-3.1214284109186616,0.514323675287579,1.8650584507230077,-2.889749225467765,-3.0747669882033883,-0.8050779604497982,-10.12522779701043,-26.436664168621107,47.80418422609607,11.583730539277692,12.539676252533674,60.84671462146535,0.6749587489397204,69.99398159841824,0.2808278789315932,44.063326835632324
-3.125370770697564,0.5196640217421606,1.8619944871602554,-2.8936915852466676,-3.069426641748807,-0.8081419240125505,-10.674028904631681,-27.213119045699113,47.94039499194097,10.013097421249423,12.726121001660678,60.903159518188104,0.8068117097712643,69.90793033626161,0.07125109329248458,44.10343337059021
-3.127031873369868,0.521635258822662,1.861353845608948,-2.8953526879189715,-3.0674554046683054,-0.8087825655638579,-9.889984605125441,-27.754763248895486,47.36023235845653,11.453557843249987,12.791195511794397,60.919255116268104,0.835650412723124,69.87398590953279,0.20108467751091652,44.118704319000244
-3.130143045617902,0.5248230968932537,1.8600105027809533,-2.898463860167005,-3.0642675665977137,-0.8101259083918526,-10.754739596536542,-26.015189996106706,46.80073846972753,12.360705853066463,12.8985089875317,60.95263710862785,0.891898335614587,69.81503233048986,0.09552124380874316,44.14469599723816
-3.13243312959192,0.5267886292071486,1.8594079394372511,-2.9007539441410235,-3.0623020342838188,-0.8107284717355547,-11.471582649168983,-26.779551764288012,47.434750862405494,9.829948898595676,12.962730798151853,60.97327719580033,0.9162345540406243,69.77499696707729,0.2158398998965878,44.15779399871826
-3.1347111283355,0.5303853569381756,1.8573433699604514,-2.903031942884603,-3.058705306552792,-0.8127930412123545,-9.848426353517443,-27.388772352928928,47.169585432898,11.971001885566801,13.089047432180179,61.00772761984806,1.005312363292526,69.7205723531724,0.1481083107455503,44.18346118927002
-3.1386520408264205,0.5351144409393689,1.8540127905803043,-2.906972855375524,-3.0539762225515985,-0.8161236205925015,-11.22226079112172,-28.042819661727084,46.624909280725305,10.336938960320104,13.25956185593335,61.06844551784984,1.1407160033793458,69.63990205276946,-0.009150186905013236,44.22376871109009
-3.140750677686049,0.5369516856824825,1.8531743750110463,-2.9090714922351526,-3.0521389778084846,-0.8169620361617596,-11.39334374353998,-28.043684490955865,46.34670386513537,10.452196178470883,13.321950093672008,61.09069852559729,1.173358719097399,69.60292680305619,0.17716118974395378,44.23687148094177
-3.143469550967138,0.5405230834663894,1.850828483048379,-2.911790365516242,-3.048567580024578,-0.8193079281244269,-11.322437752723827,-27.67316214074604,46.23129242651311,10.961738264024303,13.449936235180365,61.1319980406597,1.269493777050292,69.54437142668738,0.1001851403450762,44.264310359954834
-3.1449417192592426,0.5418675082230453,1.850141114438573,-2.9132625338083455,-3.0472231552679223,-0.8199952967342328,-11.443883154334623,-27.1888670041249,46.166884971519124,11.233949546716062,13.496304983061078,61.14862286038298,1.2961701623809754,69.5179321024171,0.14617081307944568,44.276671171188354
-3.1490880944351973,0.5460953690493733,1.8470944046480637,-2.9174089089843007,-3.042995294441594,-0.8230420065247421,-12.445897216741669,-26.444042080739283,46.145527243161794,10.378558842641656,13.649715554368896,61.20821182673118,1.4148394692432982,69.43961531015289,0.16270449656301844,44.30722951889038
-3.151111348299098,0.5485618465442512,1.845280865529908,-2.919432162848201,-3.040528816946716,-0.8248555456428979,-12.346586815942429,-26.671242981626577,46.08231874203195,10.425421001039098,13.739943457206952,61.24012249313184,1.4868494616163779,69.39771901120336,0.15680359420655554,44.3251256942749
-3.152376603665508,0.5500939908133808,1.8440151384366161,-2.9206974182146115,-3.0389966726775866,-0.82612127273619,-13.024952484507132,-26.905115835948642,46.131500570448885,9.197048245448538,13.797182324924938,61.26176232254076,1.5365726589965363,69.37162092848786,0.15614721433093237,44.33772373199463
-3.1570271786614503,0.5550734976656682,1.8403040899034573,-2.9253479932105537,-3.0340171658252992,-0.8298323212693486,-13.529706173506048,-26.806038192156578,46.08004847128527,8.553502574335845,13.97991984766446,61.33103557797833,1.6798831340484122,69.28146729389383,0.13018304654561508,44.37610626220703
-3.159955391573023,0.5584997280502608,1.8374615989628076,-2.928276206122126,-3.0305909354407063,-0.8326748122099983,-12.374582713793243,-27.41242194139384,45.97326085844828,9.909248300908999,14.108551742247023,61.38002154539912,1.7897510204290379,69.22202273042342,0.19439048817530669,44.40163040161133
-3.1619285549511282,0.5611985762862237,1.8356570164243085,-2.9302493695002316,-3.027892087204744,-0.8344793947484976,-10.953467611572297,-26.98611802918669,45.20876244658012,13.169335688704278,14.206657138052147,61.41023904152759,1.8614929352806755,69.17830478918331,0.08038182611600897,44.426440715789795
-3.163922441244578,0.5633268076619696,1.8346864042831235,-2.9322432557936815,-3.025763855828998,-0.8354500068896824,-11.103361894924332,-26.2839271894395,44.72283670099246,14.161535263185446,14.279996651468469,61.43171433662988,1.8991149115064119,69.13955919459796,0.19148721822443227,44.43879818916321
-3.167199649645162,0.5671014258066668,1.830826499251827,-2.9355204641942656,-3.0219892376843007,-0.8393099119209788,-10.596837208592573,-26.887898714707614,45.954178338906345,12.691162742507348,14.428564247073837,61.494995723814796,2.045096036406567,69.07348497448314,0.12466815227607686,44.46349596977234
-3.1718750519455057,0.5725147067138074,1.826297697931747,-2.940195866494609,-3.01657595677716,-0.8438387132410592,-10.338902655642778,-27.28746462752218,45.99175821035906,12.620826965686714,14.633770931520292,61.57228480844592,2.2163027883765065,68.97872395441344,0.08950750096872007,44.50265026092529
-3.1751945315331245,0.5759825567079331,1.8235850241622957,-2.9435153460822283,-3.0131081067830343,-0.8465513870105104,-9.730718607406063,-26.819004502403985,46.412693375887,13.206998442713028,14.763752370692242,61.62174941009041,2.3167034894968617,68.91483585763747,0.08783633281990033,44.5268497467041
-3.1763983492740793,0.5777473561266727,1.8220993848525628,-2.9447191638231827,-3.0113433073642946,-0.848037026320243,-9.678939077651059,-26.788075357523933,46.47116815713191,13.21780415921618,14.831248753553727,61.64433394641338,2.373849194945949,68.88693589164555,0.10590856194076492,44.5388548374176
-3.180158336350212,0.5815055449922553,1.8194974454644242,-2.9484791508993156,-3.007585118498712,-0.8506389657083819,-9.955071974922486,-26.554926812440545,46.70210359353633,12.69198933931359,14.969473884318884,61.694619228191755,2.4686115681654064,68.81606316207827,0.10383683247203424,44.56354331970215
-3.181973182339011,0.583469229404811,1.817998907938723,-2.9502939968881146,-3.0056214340861565,-0.852137503234083,-10.64170098974993,-26.39136561438787,46.73408087948004,11.824692845098587,15.043138025868386,61.721398599996014,2.5236665089263375,68.780440090509,0.027807512363605458,44.57657194137573
-3.1854564857206484,0.5876874482594543,1.81514034706169,-2.953777300269752,-3.001403215231513,-0.8549960641111158,-12.038426082415151,-25.786689666036484,47.20359634638154,9.55349656112732,15.19868282974727,61.77084259521518,2.63050700864332,68.70782258350351,0.07248351005814024,44.602466344833374
-3.1884070613770286,0.5917325132391706,1.8123440641617496,-2.9567278759261324,-2.9973581502517965,-0.8577923470110562,-12.097591447435283,-25.60611852517133,47.11259216084938,9.712083708296774,15.348887783332373,61.81565529071905,2.7363252847685304,68.64181755343184,0.15019794488403848,44.62916922569275
-3.190628805963269,0.5941261272861126,1.8103187266328056,-2.9589496205123718,-2.9949645362048547,-0.8598176845400005,-12.564961772975858,-25.835260311153018,47.18065269165824,8.704396580335555,15.44099049094899,61.85056084433953,2.8094214839391904,68.59819284183814,0.08347659701418175,44.64445471763611
-3.1929580419592,0.5968113921495568,1.8095227621617895,-2.9612788565083035,-2.9922792713414106,-0.8606136490110166,-11.720630921285888,-26.379356156441947,46.8021511291313,10.107415611159972,15.530998542010755,61.86951582813498,2.8392097142274686,68.55087674100174,0.01564241907019559,44.65946960449219
-3.1968887618414534,0.6028996328924162,1.8051783933474495,-2.965209576390557,-2.986191030598551,-0.8649580178253564,-11.477643941831444,-26.410943044373845,46.46902344444357,10.889478245440879,15.75967155225832,61.933882444639124,3.0037927493392353,68.4561027431607,0.026818019776487567,44.697659969329834
-3.200818040337602,0.6076417221416122,1.8028463731393152,-2.9691388548867055,-2.9814489413493552,-0.8672900380334909,-11.138000469153443,-26.062558065269684,46.37200962934968,11.733488570059286,15.927771952187713,61.9771445169183,3.0891060075866488,68.37409272630971,0.009615251554038196,44.72541832923889
-3.2026419347852126,0.6096421149530287,1.8016366556013912,-2.9709627493343165,-2.9794485485379387,-0.8684997555714149,-10.94068145174568,-25.77246045175696,46.15965441741575,12.515653635331802,16.000780996289798,61.99948886278993,3.132009916956631,68.33788815495933,0.04595736136361728,44.737945318222046
-3.205846099715555,0.6148473247169721,1.7987640610279922,-2.974166914264659,-2.974243338773995,-0.8713723501448138,-11.43082192196503,-26.399845497178497,45.53361751467242,12.187273548152017,16.189348667490993,62.04180870114744,3.2416849528172174,68.2581827557753,0.06638515821144297,44.766573429107666
-3.2075703263323496,0.6170003239041475,1.7976378437282223,-2.975891140881453,-2.97209033958682,-0.8724985674445835,-11.114506445365349,-26.61797757389431,45.12804264780867,12.965757231899964,16.266584218795494,62.06156043884506,3.282480393148264,68.22144273252427,-0.07103909927519902,44.77924633026123
-3.2133151885550584,0.6244184181502387,1.7935744276906496,-2.9816360031041618,-2.964672245340729,-0.8765619834821565,-14.502326685598868,-25.108997598682684,45.307070979303724,8.916483117538291,16.53496713343222,62.12996734650109,3.429537685911619,68.09657742768587,-0.06619317843519301,44.82204842567444
-3.2186555723925965,0.6317387349795044,1.788741859971533,-2.9869763869416994,-2.957351928511463,-0.8813945512012731,-13.25654623720338,-24.937407318671283,45.00564843405879,11.373219683405498,16.808791379239647,62.204648345315896,3.6035940315502932,67.97612456178814,-0.05128553591094276,44.866591453552246
-3.2216249331466114,0.6362940102000031,1.785899220514914,-2.9899457476957148,-2.952796653290964,-0.8842371906578919,-13.836709546490475,-24.83664300666543,44.846260977524445,10.79866217852904,16.97816746818083,62.24595072996609,3.7072865084585196,67.90440932525092,0.0025599023593172454,44.8929660320282
-3.223011413202004,0.638388119067283,1.7846390230200888,-2.991332227751107,-2.9507025444236845,-0.8854973881527171,-14.199437843487408,-24.48865384091911,44.7669505860631,10.620541655722784,17.055642785558426,62.264432483694264,3.753013026292143,67.871224499468,0.0013954745177482408,44.90541863441467
-3.2247177821576125,0.6406173611607819,1.7834690253766947,-2.993038596706716,-2.9484733023301852,-0.8866673857961112,-14.568053922338578,-24.84664509223928,44.3946652081403,10.33548926686388,17.136296961281666,62.28367328245358,3.7943143995579733,67.8337723274962,6.048362530819418e-07,44.91784429550171
-3.2269872005655786,0.6446471150768548,1.780313789430437,-2.995308015114682,-2.9444435484141125,-0.889822621742369,-14.020298401761485,-25.232692926738906,43.64776429395115,11.961175007002852,17.293362683143872,62.3250938806909,3.9091719293767535,67.77336814091294,-0.0016757388126764639,44.942761182785034
-3.231793944621151,0.650921638553736,1.7751065512938822,-3.0001147591702546,-2.938169024937231,-0.8950298598789239,-14.226934046349722,-25.072745972566775,43.273727197738054,12.287994134798812,17.54089131634449,62.40272243809286,4.089644498194722,67.66721038217159,0.08015592789420367,44.98185420036316
-3.2364014504823055,0.6566918887418237,1.7704540056111484,-3.004722265031409,-2.9323987747491436,-0.8996824055616575,-14.55541425794514,-24.048735878800393,43.43152410670969,12.350796020737539,17.767785655560974,62.473351617801214,4.248420837176455,67.5677260117428,0.14799845399047218,45.01964235305786
-3.2391030067513644,0.6605585332433607,1.7667000919406952,-3.007423821300468,-2.9285321302476066,-0.9034363192321109,-16.533364092895077,-23.913267404244245,43.56092649306498,9.10411122943078,17.927237898650844,62.52543515753901,4.378017305112815,67.50433556996039,0.14679706595181452,45.04373550415039
-3.2399830399448146,0.6618854844361758,1.7655386919556308,-3.008303854493918,-2.9272051790547917,-0.904597719217175,-15.394620600139543,-24.37397814144812,43.03039206395518,11.401821915428542,17.980735087078862,62.54130521507018,4.418290691762274,67.4830378818298,0.010244654521887497,45.05589270591736
-3.2428536374172756,0.6648672584093287,1.762273184847417,-3.011174451966379,-2.924223405081639,-0.907863226325389,-15.862348325795427,-23.480253353678812,42.4938100025527,12.184718203202312,18.10764338100721,62.5919536106071,4.5254831750341,67.42665171799872,0.0047494772349034875,45.080854415893555
-3.247520609381703,0.6704499112712639,1.756174094939499,-3.015841423930807,-2.9186407522197033,-0.9139623162333068,-15.828193834248822,-24.144143489947524,43.01627103034753,10.84920193019766,18.34639180303908,62.68077039520004,4.7285012426145,67.32746051179981,0.00804133006704788,45.11867713928223
-3.250245518898858,0.6736880629971691,1.751586745069822,-3.0185663334479615,-2.915402600493798,-0.9185496661029839,-16.852507665752377,-24.359293419143036,42.66690735890918,9.591988802114017,18.496961318035567,62.74533228097552,4.880721822836141,67.26920553684312,0.017323317486757972,45.14591693878174
-3.251970177194151,0.6757188095968911,1.7497505058523135,-3.0202909917432548,-2.913371853894076,-0.9203859053204926,-16.679569050884524,-24.452257634310822,42.67734837820445,9.761791502007902,18.580145504691,62.77281993284879,4.940678328531441,67.23293427625023,0.01654846703286106,45.16159009933472
-3.254451110197018,0.6784978632401754,1.7465465786658512,-3.0227719247461216,-2.910592800250792,-0.9235898325069549,-15.247157619228611,-24.594043981859176,42.4972059302383,12.093268387611639,18.701802316689037,62.819894684278204,5.044873071258003,67.18183850307199,0.04408881253013064,45.18512511253357
-3.2559335848726874,0.6799967446817438,1.7449388846736995,-3.0242543994217908,-2.9090939188092237,-0.9251975264991064,-14.564121766867835,-24.793532544565775,42.35178105694962,13.11337014355688,18.766117248449653,62.844821586256195,5.095948087864228,67.15299213746735,-0.05487299001526402,45.197426557540894
-3.258903492326985,0.6829218161049389,1.7421043892171677,-3.0272243068760885,-2.9061688473860285,-0.9280320219556382,-14.773167165349253,-24.95862159084882,42.3859984788903,12.591746849437992,18.888400350779797,62.89014953333027,5.18464103249818,67.09611275109155,-0.0653234951558499,45.22269630432129
-3.263575690071227,0.6871127225075353,1.7369601543218653,-3.0318965046203306,-2.901977940983432,-0.9331762568509405,-14.934692717625744,-24.958273747235047,41.84973694538145,13.05988952202588,19.076172302235054,62.97150452972461,5.344372589532049,67.01019988708185,-0.13656132268130383,45.26232171058655
-3.2669701245093763,0.6899523268688048,1.7335942169717478,-3.0352909390584797,-2.899138336622163,-0.9365421942010583,-16.007939681516362,-24.55290150661033,41.6236498691601,12.115389722759703,19.202351122591647,63.026660719546584,5.446476944894651,66.94991555683217,-0.062195748157918285,45.28873586654663
-3.2681157471140407,0.6910834329912382,1.7319025388321356,-3.036436561663144,-2.8980072304997293,-0.9382338723406705,-16.106031365362355,-24.910378118285955,41.4047244771049,11.99155053439067,19.25687158421711,63.05140148990361,5.499933157889132,66.92758042570266,0.017555835748657156,45.30152344703674
-3.2696140498831845,0.6929193476428097,1.7304050691902253,-3.037934864432288,-2.8961713158481577,-0.9397313419825808,-15.900247698759443,-24.796103302255815,41.26442829756578,12.568787541316418,19.331271142001803,63.07322531022367,5.547466034923546,66.89528381045699,0.02144569883104719,45.31667733192444
-3.2735832883814378,0.6952639059780711,1.7275677468422628,-3.041904102930541,-2.893826757512896,-0.9425686643305431,-15.917867149346595,-23.98638593081682,41.43249736320977,12.885793315336812,19.436019876506922,63.128004593908926,5.62537940409311,66.83482911581851,-0.12003788947589156,45.342058181762695
-3.2789059717981455,0.6995538548253143,1.7227035307910477,-3.047226786347249,-2.889536808665653,-0.9474328803817582,-16.261163773579415,-23.54408532700076,41.64024600142767,12.3312468222609,19.625548332066106,63.2092415353107,5.768520890297585,66.74199621599057,0.06638837928170815,45.38494396209717
-3.2798615986759656,0.7007919807945909,1.7207763370089943,-3.048182413225069,-2.8882986826963766,-0.9493600741638117,-16.58757959414098,-23.87421631450669,41.47286516226966,11.813361039855279,19.68689139045922,63.23477307840397,5.830527333645346,66.72012901608579,0.010176336195806268,45.397454023361206
-3.2833693635223895,0.7037507445714025,1.717063239008922,-3.0516901780714925,-2.885339918919565,-0.9530731721638841,-16.972343711041958,-23.54719273525346,41.699584241431666,11.061653918777427,19.82258999046226,63.29372989499147,5.941055189257032,66.65729882764691,-0.013872491070236581,45.42688345909119
-3.285271086333227,0.7051130491245833,1.715799994138238,-3.0535919008823305,-2.8839776143663842,-0.9543364170345678,-16.393184300762844,-23.527763549377926,41.672516135681754,11.994289685537112,19.879716662027885,63.31740917133382,5.975286641794965,66.62605487137584,-0.08956091339571826,45.43982815742493
-3.2885533096945214,0.7077830150436728,1.7119011346464124,-3.056874124243625,-2.8813076484472946,-0.9582352765263937,-17.308477361990818,-22.894995551200722,41.90641967461174,10.60069862331659,20.00920207483476,63.37804061887604,6.091342319456647,66.56791201929613,0.13546241514420254,45.46752882003784
-3.2897732287512174,0.7091457646190757,1.7102828919984043,-3.0580940433003208,-2.8799448988718916,-0.9598535191744015,-16.68597205727324,-23.63482466484368,41.280306665192875,11.994166127730225,20.07121269755886,63.40092482238248,6.141247774506997,66.54255891686735,-0.20730684166043556,45.48051190376282
-3.294964383848342,0.7137364080126963,1.7043205301177498,-3.063285198397445,-2.875354255478271,-0.9658158810550561,-14.774731785381086,-24.325519802234908,40.88193555261796,14.702088075716532,20.286361731872553,63.49211566590573,6.317922871450956,66.4470088399374,-0.039145026802894556,45.523773193359375
-3.2981943022834663,0.7166338685953282,1.7003006884910494,-3.0665151168325693,-2.872456794895639,-0.9698357226817567,-14.608951466945387,-24.4223505396386,40.91162510353363,14.759983738009135,20.42589390270049,63.5522692558708,6.437249464796533,66.38687708953574,0.1294701322957068,45.55066156387329
-3.299788689328424,0.7179965987216698,1.6982249675523011,-3.068109503877528,-2.8710940647692977,-0.971911443620505,-14.703431173207944,-24.048105694164946,41.17536579274294,14.563913537658568,20.493933804960566,63.583343071029276,6.498609289080935,66.35776933758808,0.12944693378975547,45.563403844833374
-3.3018088999161903,0.7197178111048318,1.695952746241486,-3.0701297144652937,-2.8693728523861357,-0.97418366493132,-16.221022192994386,-23.54220014790357,41.55399618292075,12.178396688959044,20.57569575058474,63.61825339778029,6.564592485587507,66.3211844722072,0.08695463495279832,45.57887029647827
-3.3047267619872605,0.72287149202989,1.692214299212114,-3.073047576536364,-2.8662191714610774,-0.977922111960692,-14.771619384405144,-24.005829784411794,41.31149593597099,14.24652766957512,20.72098970260625,63.671027228382556,6.676616927222892,66.2614212824684,0.058155439518542185,45.60407376289368
-3.3075044609255966,0.7244789172549361,1.6895319669644797,-3.0758252754747,-2.864611746236031,-0.9806044442083262,-16.362686608611927,-22.94518745090396,41.77065322932076,12.012524880746415,20.804315512587838,63.71693675258217,6.7495929928257805,66.21885264219038,0.058139746282341864,45.619221925735474
-3.3125418839345593,0.7299467731458499,1.682882134265805,-3.0808626984836627,-2.8591438903451176,-0.987254276907001,-15.354725010190664,-23.271013358640182,41.325795574801894,13.896563954018225,21.05991551012895,63.809689190363294,6.947251143209781,66.1151169787268,0.08997187763836134,45.66264581680298
-3.314186846267281,0.7317042013556734,1.6807402347320215,-3.0825076608163844,-2.857386462135294,-0.9893961764407844,-16.053059269319906,-23.437577641201496,41.10445902405166,13.023463436240927,21.142398475405233,63.83962437044361,7.010375714671075,66.08150402884084,0.1412550719552006,45.67559456825256
-3.317647787070972,0.7352955552880499,1.6768296282703354,-3.085968601620076,-2.8537951082029176,-0.9933067829024707,-15.834003181030383,-23.861000053442755,40.98766364085398,13.120763253230447,21.305299569927953,63.8955965089389,7.123338547926344,66.0122708333847,-0.05210424942238889,45.70083141326904
-3.3205296067268435,0.7389083293951918,1.6731107122841054,-3.088850421275947,-2.8501823340957757,-0.9970256988887005,-16.06923044624002,-23.420844469618952,41.293694886328694,12.644438704689032,21.467153229716075,63.94464445719536,7.233692664237126,65.94805102521585,0.10636419099857175,45.72552967071533
-3.3225570515367693,0.7408164286671937,1.6710655205708416,-3.0908778660858722,-2.8482742348237737,-0.9990708906019645,-15.532700259373623,-23.760093726146792,41.128054562017944,13.377843173632646,21.55361604534905,63.975134844389764,7.290766248752677,65.90958160819832,0.021330075811909488,45.73783755302429
-3.3259122251898403,0.7444823991667263,1.6671464407555252,-3.0942330397389437,-2.844608264324241,-1.0029899704172807,-15.691611269696766,-22.834850962070266,41.75491524268131,12.925316392089234,21.720239444874796,64.02946501204553,7.403360306632026,65.84040599843644,-0.05946915749702475,45.76238417625427
-3.3276747273084837,0.7465440095988252,1.6644208228271062,-3.095995541857587,-2.8425466538921422,-1.0057155883456996,-16.91829665669008,-21.748789218416704,42.095435999469935,11.247768242693931,21.821144405078186,64.06540399251158,7.483639624582638,65.80210583966822,-0.18166953002923591,45.77706789970398
-3.333778305807023,0.7538881080045632,1.6573818286086022,-3.102099120356126,-2.835202555486404,-1.0127545825642037,-16.458326291351,-22.08209357768668,41.69739092431274,12.32293601375878,22.146367467255086,64.15881364025613,7.685496471545898,65.66944810628782,-0.05283031659695059,45.82118582725525
-3.3383841541560635,0.7599570848154324,1.6508600634409762,-3.106704968705167,-2.8291335786755347,-1.0192763477318296,-15.495594720865142,-21.958419647743153,41.787379184215396,13.770905146253217,22.426145227084426,64.24076560682674,7.875690281743067,65.56282318764553,-0.05437976144164036,45.857664823532104
-3.341597139878881,0.7644730878999814,1.6467861381071676,-3.1099179544279845,-2.824617575590986,-1.0233502730656385,-15.897448840394636,-21.840541781067028,41.88946675812612,13.032762919734422,22.624510046194985,64.29029719929453,7.993608227209378,65.48599038365997,-0.056021411596934634,45.8813910484314
-3.346541019396727,0.7711074696292789,1.6400685295174617,-3.1148618339458305,-2.8179831938616884,-1.0300678816553441,-15.528257704355084,-21.56752048068362,41.99455513417707,13.63287681251672,22.926998785048912,64.37299352763596,8.186478634325695,65.37028832770268,0.0546229744078488,45.918174743652344
-3.3518813337944082,0.778263717851382,1.6331548687473036,-3.1202021483435116,-2.8108269456395854,-1.0369815424255022,-16.355678399532955,-20.950378060213758,42.36752905389138,12.090306873914844,23.250085000688824,64.45738146301042,8.382312538137127,65.24554609583163,0.05228571980277463,45.95575714111328
-3.3547777320164434,0.7830686246449775,1.6278975378013287,-3.1230985465655463,-2.80602203884599,-1.0422388733714774,-14.87232532107713,-21.916461186622513,41.63474530293748,14.825015778147769,23.47698366337387,64.51610072495549,8.536581099443568,65.16695861813182,0.12630413557710796,45.980966329574585
-3.3592277808101416,0.7899851009190273,1.6207383152530817,-3.127548595359245,-2.79910556257194,-1.0493980959197244,-14.03994864384275,-21.433859724484105,41.60132918829804,16.516490658612586,23.798947551754537,64.59700066221254,8.742519466710608,65.05161675735815,0.11039796850472205,46.01741981506348
-3.3624502515034527,0.7947477892977963,1.615746570928216,-3.130771066052556,-2.794342874193171,-1.05438984024459,-14.110332445181692,-21.652582551602528,41.72888208002308,15.988899320030736,24.02237671333547,64.65411033099427,8.883953231560318,64.9706179405943,0.015316919789303718,46.04161477088928
-3.366550740321558,0.7999295151772334,1.6101808672629483,-3.1348715548706614,-2.7891611483137337,-1.0599555439098576,-15.343655037624856,-21.288903637252165,42.18003585761424,13.646505568111703,24.268049856615157,64.72162693406032,9.036390374879012,64.87712481853985,0.0467987320824661,46.06831216812134
-3.3675580334937827,0.802356545891406,1.607784829187778,-3.135878848042886,-2.7867341175995612,-1.0623515819850278,-15.359687918709216,-20.92303306244823,42.490643282562615,13.426344082732957,24.3806737881124,64.74409739787555,9.107986926735745,64.84133734082475,0.14469156481327028,46.08055830001831
-3.372822441754418,0.8094001520374391,1.600436332842854,-3.1411432563035215,-2.7796905114535284,-1.0697000783299522,-15.662438748154399,-20.411917946371986,42.37032366156837,13.493234205485447,24.713456671445073,64.83002252478644,9.308646621640314,64.71687050929403,0.0958260451056705,46.117088317871094
-3.375585054650264,0.8139398265069577,1.5956715271232333,-3.1439058691993673,-2.7751508369840097,-1.0744648840495727,-15.875757978016201,-20.146493027648653,42.662206934494556,12.824630371585425,24.92948149987923,64.88084819081637,9.442639375337343,64.64185276901856,0.0946876917846069,46.141175985336304
-3.3824224733773605,0.8240057713153651,1.58520573421487,-3.150743287926464,-2.765084892175602,-1.084930676957936,-15.630251434236158,-21.17792686467163,41.931964315157515,13.498930742307635,25.408967544793658,64.99608370506895,9.728584228987252,64.4692419977002,0.007530560680989673,46.19453167915344
-3.386405706074406,0.8288071325080675,1.580488518338656,-3.1547265206235098,-2.7602835309828997,-1.0896478928341502,-14.768451209446637,-20.40275295199786,42.30108152033466,14.928111049902343,25.634153807716007,65.05219199371808,9.84992286027016,64.38103030848535,-0.07850862521048407,46.22095823287964
-3.38904347049743,0.8333886148211089,1.576204155926816,-3.1573642850465333,-2.7557020486698587,-1.0939322552459898,-15.465661531635124,-20.009962804431648,42.01276238120164,14.584313386081023,25.84662282512487,65.09467228059914,9.967670531151034,64.30685018199918,0.046691382035288775,46.24588322639465
-3.390285022886187,0.835739237827079,1.5739321661912071,-3.1586058374352906,-2.7533514256638885,-1.096204244981599,-15.667346475662935,-20.3229877573007,41.77578951998932,14.351038198088395,25.957055073301984,65.11643439201315,10.030878108562469,64.26959484218612,0.05069116670469809,46.25799012184143
-3.393082172617069,0.8399702792066139,1.5697370999572104,-3.161402987166172,-2.7491203842843532,-1.1003993112155954,-15.75397143365068,-20.740632836713328,41.43943458259923,14.353252709007599,26.157673315758114,65.16053724567385,10.142871513073967,64.19762057679357,-0.030332414438080768,46.282204151153564
-3.395572366218668,0.8425660187465555,1.5670513246911,-3.1638931807677713,-2.746524644744412,-1.103085086481706,-16.202961018378062,-20.441186974299335,41.57907045757038,13.600130413044159,26.282518570555702,65.19413740243817,10.208432802738871,64.1468110794415,0.006380129467703277,46.297316789627075
-3.3987651950878077,0.8471779197197566,1.5616720093630043,-3.167086009636911,-2.741912743771211,-1.1084644018098018,-16.608132835055216,-20.493793190776405,41.43282915502091,13.072061456681803,26.515254134461376,65.25215164932142,10.35168281651702,64.06593656221249,-0.003869236567922929,46.32581925392151
-3.400333253151377,0.8497005085320968,1.5593478583649745,-3.16865406770048,-2.739390154958871,-1.1107885528078316,-16.81288058671764,-20.501945031253367,41.290622953348596,12.939196698145771,26.632789344990396,65.27519376624129,10.413153791738788,64.02399444271711,-0.06102659014087042,46.34080147743225
-3.4037807947037027,0.8537703437936484,1.5551650906759016,-3.172101609252806,-2.735320319697319,-1.1149713204969045,-15.693855321274656,-20.361811135396124,41.25249249721547,14.936737552918734,26.829563959737186,65.32357504566501,10.517126016107971,63.94805520617754,-0.020037645652578817,46.36556625366211
-3.405794084058056,0.8557621955075149,1.5530836312357965,-3.1741148986071597,-2.7333284679834526,-1.1170527799370094,-16.224769448264123,-19.725875010966586,41.542776970356755,14.1025299932262,26.92650098325943,65.34978876993625,10.566172983786128,63.90812532032791,0.1200820458188101,46.37783074378967
-3.408582087449562,0.859593671300671,1.548599301520909,-3.176902901998665,-2.7294969921902963,-1.121537109651897,-16.28394747711929,-20.22911958353635,41.240045870728686,14.025605783972374,27.12176224708127,65.39816109356813,10.682600558155983,63.83959171297869,-0.0542455828139512,46.40273427963257
-3.410216455188539,0.8613755790348243,1.5461359220559658,-3.1785372697376424,-2.7277150844561433,-1.12400048911684,-16.328402910819154,-20.386469227803886,41.138958895093566,13.952208328990965,27.219011374838708,65.4273053870037,10.744677189083104,63.804363527249706,0.06290537669326124,46.415680170059204
-3.413496055603126,0.8652628695020952,1.5419597681951829,-3.1818168701522294,-2.723827793988872,-1.128176642977623,-15.609808294495066,-20.5889693233377,41.00407842834926,15.107741207314136,27.411510647030205,65.47465830701574,10.847513921046017,63.73155873570404,0.014926800480982827,46.44106698036194
-3.415233670865538,0.8672852197108624,1.5393433980819125,-3.183554485414641,-2.721805443780105,-1.1307930130908934,-15.696975943567121,-20.645419771217306,40.730645657423665,15.323603916300186,27.51940453261905,65.50457444374662,10.91321383725607,63.692759892634946,-0.08855564989181586,46.45522212982178
-3.418371811573631,0.870985789306258,1.5347321073248739,-3.186692626122734,-2.7181048741847094,-1.135404303847932,-15.74627678592324,-20.263329093989697,40.82071906713746,15.401347112794857,27.714318334200502,65.55674128654672,11.028231137087536,63.62232016429171,-0.10322420735683746,46.4800705909729
-3.4237503808341443,0.8770462910370058,1.5268549295990481,-3.1920711953832477,-2.7120443724539616,-1.143281481573758,-15.391841361567906,-20.22048322145532,40.70703731473055,16.092659690069063,28.040407424744743,65.64693684904158,11.22249471490239,63.50440063304374,0.06957551027031261,46.5227997303009
-3.425885497335642,0.8792278369570135,1.5239632116292547,-3.194206311884745,-2.709862826533954,-1.1461731995435513,-15.319035249353607,-20.373012562517662,40.70004340684088,16.037337452117622,28.159133847413393,65.68120316613268,11.291941732964908,63.460210884304075,-0.05738264256626513,46.53875684738159
-3.430079277057956,0.8830888315882617,1.5178275310670357,-3.198400091607059,-2.7060018319027055,-1.1523088801057702,-15.684071370492264,-20.46279075417965,40.5948592126533,15.46816906921753,28.387676263516774,65.75616897298438,11.439509308089601,63.37702275762963,0.01779517227277294,46.56966257095337
-3.4319546766277287,0.8850419072151009,1.5153682836076219,-3.200275491176832,-2.7040487562758666,-1.154768127565184,-15.436763209515146,-20.249330550015532,40.58551640516964,16.036204745807716,28.49233335140872,65.7848063679131,11.497684101411766,63.33791809878699,-0.03414629035126637,46.58389449119568
-3.4339529278353482,0.8866229680468458,1.5128809637674152,-3.2022737423844516,-2.7024676954441214,-1.1572554474053909,-15.851989569412964,-19.924214428567062,40.90744217580943,15.11525685958841,28.585866200793532,65.81690751918578,11.554620300854868,63.301587640571135,0.008063773113447414,46.59572887420654
-3.4375924506126156,0.8898554311796306,1.508920634490035,-3.205913265161719,-2.6992352323113367,-1.161215776682771,-16.76234058296156,-18.47070246282153,41.19165318359306,14.323609814206618,28.757606085200734,65.86631627489804,11.642713070747275,63.23268041382994,0.05427632326278298,46.62112355232239
-3.442443491635368,0.8955017300541729,1.5001485389499152,-3.2107643061844713,-2.6935889334367946,-1.1699878722228907,-16.720927983737994,-19.607323492823184,40.27484611435258,14.857328073216085,29.092759487427337,65.96321805308347,11.859534741442728,63.12146994595792,-0.006498418294274888,46.66298174858093
-3.4441543369390484,0.8970445944536396,1.497532500923794,-3.2124751514881518,-2.692046069037328,-1.1726039102490118,-16.54734237549575,-19.868488218290675,40.15534750697244,15.069461955182842,29.18859457632878,65.99465136025523,11.921321016633382,63.08759342229037,-0.0532724670494944,46.675684690475464
-3.4493258007193948,0.901398703283111,1.4910806927253546,-3.217646615268498,-2.6876919602078564,-1.1790557184474515,-17.533303280805857,-18.738415707432306,40.718541224626556,13.297237114783702,29.442835346160926,66.07458779988654,12.066142112171674,62.990713850454064,0.07783610990478618,46.70875668525696
-3.450516285728994,0.90295116860557,1.488510273356142,-3.2188371002780976,-2.6861394948853974,-1.1816261378166641,-17.434318302456212,-18.851865038959147,40.67728740542698,13.43059166974391,29.53895149161688,66.10168507676941,12.13043742073653,62.96094676609955,0.007643902579362649,46.72140860557556
-3.452233708578296,0.9046692752430479,1.486141053819464,-3.2205545231273995,-2.6844213882479195,-1.183995357353342,-17.04766338133637,-18.84123033598517,40.525806807046756,14.368415671391688,29.636596598727586,66.12882627027012,12.184948554461549,62.92557558645232,0.1576103370993489,46.73399353027344
-3.4567785639109783,0.908117581120297,1.4801136767832794,-3.2250993784600817,-2.6809730823706706,-1.1900227343895264,-16.97367506238983,-18.309235659093197,40.867841733847555,14.27460169284166,29.856546050205882,66.20488979308406,12.319577132273492,62.843684475612065,-0.12826375705648285,46.76345610618591
-3.4583768246979236,0.9100786709230189,1.4774527797063106,-3.2266976392470275,-2.6790119925679488,-1.1926836314664953,-16.837733118873874,-18.35932438171635,40.84770186747308,14.480533123850156,29.967939772956374,66.23267583559627,12.383052957925013,62.80623959786574,0.031088281006910634,46.77784729003906
-3.461926465436277,0.9132176234813181,1.4724646172918687,-3.2302472799853805,-2.675873040009649,-1.1976717938809371,-16.459143322736992,-18.35651383884631,40.89874060798489,14.990058266406038,30.16018023120362,66.29181960134825,12.495792487148742,62.737165875697805,0.012376984578972738,46.80244064331055
-3.463187505811592,0.9147024319878447,1.4699214732949528,-3.231508320360696,-2.674388231503123,-1.2002149378778533,-16.299700641858244,-18.82241758809243,40.426089410610935,15.620991858682277,30.254961238202217,66.31901258023791,12.557459727470839,62.70747795070382,0.012587383049899703,46.81467080116272
-3.466714483805653,0.9179831171030364,1.4643849535119662,-3.2350352983547563,-2.671107546387931,-1.2057514576608397,-16.534748286099237,-18.792058362445765,40.34507174165495,15.313987929890732,30.46324412921585,66.38281684295166,12.684638845934643,62.636118360351816,-0.09502753916908269,46.841044902801514
-3.471304366426073,0.9227281626048155,1.456506391823479,-3.2396251809751764,-2.666362500886152,-1.2136300193493268,-15.722772477220534,-19.125135741753137,39.87637297543526,17.017846461046688,30.76364264966668,66.46967689530253,12.868175496558955,62.5370753134703,0.036760625993362606,46.87762641906738
-3.475158671598453,0.9261176102715319,1.45129025991552,-3.243479486147556,-2.6629730532194356,-1.218846151257286,-16.131640797279744,-18.617759747990416,39.89806936027285,16.733533859915415,30.971099348797054,66.53043869995875,12.982344690059685,62.462478423947154,-0.183812665367868,46.90230917930603
-3.477313295712345,0.9281748630985941,1.4482923732740458,-3.2456341102614483,-2.6609158003923734,-1.2218440378987603,-16.501212052747906,-18.44203727171754,40.0998713811539,15.902437197721206,31.09413582609263,66.56404650365816,13.048374625020141,62.418939710892204,-0.02910309028199931,46.917338848114014
-3.4800070869646444,0.9314017475819065,1.4432658573440489,-3.248327901513748,-2.657688915909061,-1.226870553828757,-16.238524682142522,-18.799779643094755,39.51771444568614,16.909873442970667,31.294195713293497,66.61568377501241,13.16610574898227,62.35539747380971,0.041403508768276254,46.94118690490723
-3.4817939303939562,0.9330734876557726,1.4403461769679757,-3.2501147449430596,-2.6560171758351947,-1.2297902342048301,-16.192931193644725,-18.939031949026955,39.27498909252369,17.20023567580334,31.40428699072613,66.64841711703896,13.23193729189101,62.31883400660737,-0.01468509053628786,46.95390439033508
-3.4855025975467093,0.9370078951205785,1.4348118859042511,-3.2538234120958127,-2.6520827683703887,-1.235324525268555,-16.23665963655249,-18.829177572992236,39.13178426390498,17.39393989973981,31.637658257591777,66.70689171722248,13.35475677760904,62.23904857899403,-0.01498171909603041,46.98072290420532
-3.490781644428736,0.9424153539388758,1.4273644334620865,-3.2591024589778392,-2.6466753095520916,-1.2427719777107193,-16.180265043218547,-19.053910295153983,39.19014607791422,17.068767066420346,31.956512971856338,66.7859916362517,13.516524527048755,62.12822035812866,-0.015522919980652361,47.01693916320801
-3.494213295760677,0.9458599468280993,1.4223897360866258,-3.2625341103097805,-2.643230716662868,-1.24774667508618,-16.161245497113704,-18.872468957580118,39.06058068239105,17.411869686403502,32.1650951558545,66.83898290207745,13.62435008484619,62.05663458558115,-0.02980463070644168,47.041245222091675
-3.4997369804211234,0.9518164558750316,1.4141803321997228,-3.2680577949702267,-2.6372742076159357,-1.2559560789730833,-15.743478822876334,-18.52943228375313,39.11574343364034,18.212118918311237,32.519344906350135,66.92283472780478,13.802652973859786,61.936690625275496,0.030636397182746133,47.08028507232666
-3.503986593295637,0.9562111374913788,1.4086247604341589,-3.27230740784474,-2.6328795259995887,-1.2615116507386472,-15.555806732187602,-18.156813108999756,39.24588387154752,18.591170211658287,32.77139959537657,66.97968331161702,13.918489459385045,61.8477789287389,0.029875303294313316,47.10793471336365
-3.505669464122326,0.9579794961707928,1.405876687372039,-3.2739902786714294,-2.6311111673201744,-1.2642597238007671,-15.770319511658885,-18.158892979369362,39.18278037693343,18.317440925992166,32.88375399673212,67.00789881509522,13.978530229841894,61.811221363955006,0.0299056444300696,47.12037444114685
-3.511043726435025,0.9639919796080243,1.3986478424709219,-3.2793645409841288,-2.625098683882943,-1.271488568701884,-15.836841993309145,-18.219647812331697,38.868836267540786,18.54140468397373,33.22267298208489,67.07770342586575,14.12944781825129,61.69361023489443,0.005229531086857975,47.157145261764526
-3.5149823740635093,0.9680295373221842,1.3935879755870064,-3.2833031886126127,-2.621061126168783,-1.2765484355857997,-15.671790688256186,-17.668334951376384,39.36092225891884,18.500290930585845,33.455308310999726,67.12845225042165,14.232468300500585,61.61171434384104,0.03733647030843068,47.18110227584839
-3.5167066326550085,0.9700752011592821,1.3909116414531502,-3.285027447204112,-2.619015462331685,-1.279224769719656,-15.819158134743413,-17.94017470212846,39.12109257651258,18.340356064412155,33.575872406525235,67.15351002904525,14.2897394980445,61.572051073352974,-0.037990186290778105,47.19385099411011
-3.520875784798032,0.9746537225339527,1.3851235259054575,-3.2891965993471355,-2.614436940957015,-1.2850128852673484,-16.322702488138543,-17.73979337582734,38.80761675194938,18.153670656033817,33.84197516103755,67.20898493874742,14.409354970136992,61.48131079266477,0.036320775369377056,47.22158670425415
-3.5227147701716066,0.9767055871919743,1.3824044996006708,-3.29103558472071,-2.612385076298993,-1.287731911572135,-16.479388934852917,-17.573036483731077,38.755855921776714,18.114228906338163,33.96420691815129,67.23484893354346,14.466178758800764,61.4406126468497,0.06890884025658472,47.234517097473145
-3.526365566881456,0.9813943911477511,1.3775266499947225,-3.2946863814305596,-2.607696272343216,-1.2926097611780833,-16.36336374486892,-17.09138767889361,38.896581370970466,18.4938803054637,34.21521693852475,67.27558532078199,14.566045636999279,61.354398668756254,-0.012212260388460017,47.259971618652344
-3.528667443951748,0.9839595559110379,1.3744251269474912,-3.2969882585008516,-2.6051311075799295,-1.2957112842253147,-16.317860706578376,-16.631869223669415,38.98269770013827,18.852476584640257,34.36216970987105,67.30428833905073,14.628791498580368,61.30407532523133,0.038885765761668356,47.27497696876526
-3.5325533158090576,0.9879553950606657,1.3691958818675762,-3.300874130358161,-2.6011352684303017,-1.3009405293052299,-16.533402791136194,-16.155680476156927,39.37819786534427,18.21874536577097,34.600258763304325,67.35486643291812,14.733540185673085,61.22263493474807,-0.06022708043581293,47.299851417541504
-3.537380504199026,0.9941095622277039,1.36187778106249,-3.3057013187481292,-2.5949811012632633,-1.308258630110316,-16.293575676594166,-16.384961896393005,39.27602908801555,18.47422269832323,34.95203611326989,67.4167718308147,14.885307527969303,61.10729918916242,-0.06142952403633739,47.3362922668457
-3.5416474401825226,0.9995967204769487,1.3562000334004662,-3.309968254731626,-2.589493943014019,-1.3139363777723398,-16.14344773363127,-16.478552442896298,39.11040394812128,18.826779916705977,35.24770108387121,67.46195333753221,14.99849571366803,61.00643310017451,-0.1381111273011002,47.36652588844299
-3.543528147103714,1.0016849605576308,1.3537827006630034,-3.3118489616528173,-2.587405702933337,-1.3163537105098027,-15.778847131079978,-16.344207306355283,39.2685938008133,19.271759029615257,35.366132309899406,67.48333074804303,15.045530723087031,60.96561545786778,-0.13859879363196947,47.378679513931274
-3.546952381413044,1.0053934697701563,1.3485944052565269,-3.3152731959621473,-2.583697193720811,-1.3215420059162792,-16.153576967860186,-15.829609900948922,39.377203875634954,18.919533838127503,35.59704314491429,67.53108380925923,15.150472804349224,60.89065369853402,-0.13890159913491962,47.4033579826355
-3.5485563550310033,1.0072704746925782,1.346109596254471,-3.3168771695801067,-2.581820188798389,-1.324026814918335,-16.458421578026766,-15.94530939955554,39.213429438776735,18.51902450192864,35.71096929927392,67.55280273138169,15.200982189662808,60.85395089695094,0.020393393562015305,47.41507339477539
-3.5517960588531103,1.0113034141147987,1.341023078903771,-3.3201168734022137,-2.5777872493761684,-1.3291133322690352,-16.564813349782337,-16.3366534965702,38.85719197553147,18.474176316161863,35.95048454204223,67.59520146536502,15.304596578790175,60.77711844159552,0.05262069640046407,47.43984389305115
-3.5589804041352817,1.0197948354481772,1.329058334014638,-3.327301218684385,-2.56929582804279,-1.341078077158168,-16.812019603455134,-16.249414244880324,38.65472491521481,18.33266964699242,36.48583042280636,67.69858028676583,15.548784617921651,60.60996461942078,0.04738214049764533,47.4962203502655
-3.5627848822298023,1.0245076258734993,1.3230294631510056,-3.3311056967789057,-2.564583037617468,-1.3471069480218003,-16.806445497610614,-15.7318463603009,38.97290527336804,18.244050873951398,36.770095039647295,67.74756805078701,15.66955751763762,60.51977289176634,0.046711549655497286,47.52595663070679
-3.564718521532315,1.0261670842499842,1.3201004186215455,-3.3330393360814186,-2.5629235792409832,-1.3500359925512606,-17.55795503201413,-15.29504473015205,39.18930418253751,16.87233082988409,36.88930443758431,67.77676542119934,15.726418763315069,60.48197529958889,0.07974489021842768,47.53880715370178
-3.569030801535734,1.0312646357727235,1.3125053809231955,-3.3373516160848373,-2.557826027718244,-1.3576310302496104,-17.261746629598136,-15.524586540559566,38.80900602988433,17.790485367818135,37.223629143018464,67.84122338243112,15.88039489671852,60.380636178831985,-0.10799494853577984,47.5753219127655
-3.572216178386047,1.0349791021092838,1.3067073873060626,-3.3405369929351503,-2.5541115613816836,-1.3634290238667433,-17.003450461063768,-16.38842666368072,38.205899578861576,18.334678163224332,37.47441812149987,67.89069824554556,15.997941861999506,60.305872564122076,0.00940928746572478,47.60309028625488
-3.574018036496878,1.0372337651567416,1.3034872768640273,-3.3423388510459815,-2.551856898334226,-1.3666491343087788,-16.73781259238287,-16.587490485157083,38.206322558201286,18.53690825480621,37.6198596559895,67.91662192032679,16.062864244741547,60.262074627794945,-0.04699738480992455,47.61909008026123
-3.576440021736851,1.0394987499858401,1.30059624479476,-3.344760836285954,-2.549591913505127,-1.3695401663780458,-16.641910672601558,-16.420373748666105,38.36638291860501,18.546100245698742,37.75790215957946,67.94272925152274,16.113896154228932,60.21444080555982,0.06987849165568338,47.634193420410156
-3.5792180726501575,1.0430074409113819,1.2953131689402126,-3.347538887199261,-2.5460832225795857,-1.3748232422325932,-16.448823837941315,-15.76770992681844,38.724313486589686,18.886719219900403,37.99163096125377,67.98519604801858,16.2210717260445,60.14584752648259,0.10273299934503921,47.660391330718994
-3.584508232680963,1.0481454118509164,1.28698339743596,-3.3528290472300664,-2.540945251640051,-1.383153013736846,-16.719569006754263,-15.027152680556188,38.98778167613509,18.601048523362973,38.349602225889434,68.0602266542859,16.380206287296904,60.03534046739595,-0.0847269405722546,47.70154047012329
-3.5858132584398423,1.04981502275315,1.284780800901415,-3.3541340729889457,-2.5392756407378174,-1.385355610271391,-16.623203871538447,-15.168538702473077,38.84888502755616,18.841608219008073,38.45389685607564,68.07675389832089,16.42325277232264,60.00349152930425,0.14028606784072206,47.71399116516113
-3.590383589369637,1.0549664480260703,1.2771880819366714,-3.3587044039187406,-2.5341242154648973,-1.3929483292361344,-15.767474996802033,-15.616260251089562,38.91724086729618,19.616986563038324,38.7960846651484,68.13866446752583,16.569624501941053,59.89956877099415,0.050976258886543224,47.752959966659546
-3.5937248460178877,1.0583564671097792,1.2715489367458912,-3.362045660566991,-2.530734196381188,-1.3985874744269147,-16.236425906165895,-15.522481681087314,38.73832291957141,19.143852716789457,39.03802557526084,68.18747890842327,16.677676468461765,59.82736321867332,0.07937521966848804,47.78108096122742
-3.5956721269935277,1.0605071542548357,1.269437294075694,-3.363992941542631,-2.5285835092361317,-1.4006991170971121,-15.51951890756434,-15.297452787881197,39.12342638519845,19.905565877007003,39.155183378968275,68.20242138978882,16.712435739485933,59.786090144906495,-0.01990227899749719,47.79377508163452
-3.598789258419278,1.0636510858588046,1.2638237084736144,-3.367110072968381,-2.525439577632163,-1.4063127026991915,-16.076675971522633,-15.361676090786727,38.647465554361425,19.62310335100784,39.39013845244884,68.25111011057227,16.820879891166367,59.718120168292664,-0.04758290804007892,47.8211829662323
-3.6004053782241296,1.0654613792531704,1.2616742324505061,-3.368726192773233,-2.523629284237797,-1.4084621787223,-15.664363895557289,-15.198818090615035,38.73278610322364,20.312376636084593,39.49839812972413,68.2670425538218,16.858930767503214,59.682702162022544,0.003634668093857041,47.83361768722534
-3.604457499010902,1.0690325308261936,1.255531218581151,-3.3727783135600053,-2.520058132664774,-1.414605192591655,-16.287514100527154,-15.14223118592065,38.63088315667146,19.38593010200472,39.760605137128294,68.32243320829572,16.970899332712715,59.602452060174606,0.06962558722990808,47.86373710632324
-3.6057503062311618,1.0706207932972092,1.252579861533405,-3.374071120780265,-2.5184698701937585,-1.4175565496394011,-16.05503096503282,-14.962439525139501,38.62844254952884,19.952897193111568,39.883087528414066,68.34603622223172,17.030392835329952,59.56980142556614,-0.0050914586519539284,47.8778030872345
-3.608869633415777,1.0735263199289995,1.2475564994078452,-3.3771904479648804,-2.5155643435619677,-1.4225799117649607,-16.367964647907694,-15.07794846882433,38.441264616331175,19.53370968236267,40.09809410723083,68.38975211006235,17.12297672415445,59.50568312866168,-0.11271249115919124,47.90243911743164
-3.6106418866233962,1.0752613157413924,1.2452527880767756,-3.378962701172499,-2.5138293477495752,-1.4248836230960304,-16.19352406740126,-15.028935282202474,38.62348360051219,19.529818322762292,40.20884133018423,68.40826558713111,17.162471486657516,59.46963925504631,0.06531892463463729,47.91453266143799
-3.6136181503374036,1.0781038161684195,1.240277153909708,-3.381938964886507,-2.5109868473225476,-1.429859257263098,-15.93276774333912,-14.76399041591548,38.78100488253065,19.919696025618457,40.421600120054514,68.45071232263922,17.254543122698056,59.40729854054544,0.009349362204630562,47.93871068954468
-3.6184961467465646,1.0829656644339423,1.2313788438023607,-3.3868169612956676,-2.5061249990570253,-1.4387575673704454,-16.101877933964573,-14.58697329185079,38.63023212064566,19.956605652684832,40.796995711900315,68.52513290344203,17.42208699756075,59.30121496324406,-0.008576064202138411,47.980754137039185
-3.6197985652794324,1.0844308811522256,1.2286795969146524,-3.388119379828536,-2.504659782338742,-1.4414568142581534,-16.23884882452814,-14.729500503008737,38.38666000671152,19.95284718366722,40.910948258465,68.54654925179034,17.474293292630527,59.27034618898214,0.05270590579093559,47.99365258216858
-3.62316568673092,1.0876014017006967,1.2231761422548146,-3.3914865012800233,-2.5014892617902706,-1.4469602689179915,-16.685034828024246,-14.35179478442857,38.53723574746393,19.223622558314794,41.149265788363344,68.59256324926736,17.57386436289183,59.20057973400292,-0.017342261227525135,48.0198872089386
-3.625391511888097,1.0897387852439566,1.2205551033519333,-3.3937123264372,-2.499351878247011,-1.4495813078208726,-16.39227406074748,-14.435512355818778,38.51053434377435,19.647104171134515,41.281474904291954,68.61250127351758,17.615787204820784,59.15643891536509,0.033805774773696395,48.03469920158386
-3.6284877828606206,1.0926067056415776,1.2146726048899206,-3.396808597409724,-2.4964839578493896,-1.4554638062828855,-16.58076290749031,-14.650241235804064,38.136177424074546,19.657225202816647,41.52200761847362,68.66265848081603,17.725656790344928,59.09084710362582,0.06750678586022874,48.06128001213074
-3.630495236553211,1.0942257070035168,1.2123497998216393,-3.3988160511023144,-2.4948649564874508,-1.4577866113511666,-17.027687515775586,-14.551076345988088,38.20900008059897,18.787798324020414,41.63153098874095,68.6826770015081,17.761912469388115,59.05444110528357,-0.017130204793450066,48.073368072509766
-3.633115125290899,1.0971941648651629,1.2072819001840447,-3.4014359398400025,-2.4918964986258043,-1.4628545109887612,-16.708049026496216,-14.458596915552462,38.10336421052599,19.581093709889885,41.85422044937201,68.72070541018749,17.856738457248017,58.99295684805485,0.025425179744306803,48.09810185432434
-3.6361870244044714,1.100508188382363,1.2014922736996736,-3.404507838953575,-2.488582475108604,-1.4686441374731325,-16.87849639680026,-14.68139419465788,37.46549887665373,20.071678463545254,42.107086502553884,68.76490565525971,17.96375409690488,58.92298946448437,-0.0022980943763157846,48.12525177001953
-3.6380047096908585,1.1022129279038686,1.1985049861796568,-3.406325524239962,-2.4868777355870986,-1.471631424993149,-16.774207896128534,-14.357560679037865,37.61329265864648,20.304629726493314,42.2377319611377,68.78896014300183,18.01656659407371,58.88537304702706,-0.058410087369172636,48.13894557952881
-3.64289576652361,1.1063852144448518,1.190760004284113,-3.4112165810727135,-2.4827054490461156,-1.4793764068886928,-17.379709598347613,-13.592478597542751,37.455137867038275,20.233046323552877,42.570247264943816,68.85406422327834,18.15095139663775,58.78930036166404,0.06424333085671874,48.175636768341064
-3.647205585604384,1.1098665344960783,1.1846039929550458,-3.4155264001534875,-2.479224128994889,-1.48553241821776,-17.62172730817777,-13.106452995220303,37.57767638973556,19.990620369516872,42.84036623041072,68.90623813749048,18.253199162677607,58.70838638767626,0.012961208039648398,48.20534110069275
-3.6482715250445077,1.1112836346746207,1.1821157402776445,-3.416592339593611,-2.477807028816347,-1.4880206708951615,-17.537486194399673,-13.022945228479205,37.5550869645738,20.255240129606026,42.94997052973519,68.92315054885876,18.300727825068726,58.680089597421464,0.07887091631501564,48.21787357330322
-3.651406484836496,1.1139703040976334,1.177231625712174,-3.419727299385599,-2.475120359393334,-1.4929047854606319,-17.706433644704358,-13.300608568334974,37.1852146558716,20.22322927983208,43.16293925006027,68.96306013924792,18.38384065346228,58.618615058552585,0.07923387761625067,48.2423095703125
-3.6531703043750077,1.115905316128001,1.174736371194495,-3.421491118924111,-2.4731853473629664,-1.495400039978311,-17.30635228291423,-13.198019114298905,37.36253871121727,20.697490286264618,43.28813036392263,68.97913578446926,18.424979555775614,58.58014414009281,-0.005524919331214129,48.256619691848755
-3.656196559582843,1.118822505653672,1.1695056164238693,-3.4245173741319466,-2.4702681578372956,-1.5006307947489368,-17.75528020632338,-13.53574364659581,36.797408036320064,20.442350905355905,43.51814378212636,69.01905692944266,18.516495759212347,58.516099810530015,0.05587135962419332,48.28345847129822
-3.6577748921296167,1.1202752155798235,1.167368984205864,-3.42609570667872,-2.468815447911144,-1.502767426966942,-17.767021391764928,-13.51445951618189,36.689961763464645,20.59446923896921,43.619801436301515,69.03484703515471,18.55067821818793,58.484898447943,0.06515086154312844,48.29568696022034
-3.661084448536135,1.1230642868291445,1.1624082089793522,-3.4294052630852385,-2.466026376661823,-1.5077282021934537,-18.039323405508064,-12.96372723895732,36.76920261771524,20.490620272553585,43.839432116919774,69.07456940231415,18.632752271302923,58.42104298844652,-0.023696692739709313,48.32202172279358
-3.6621674676610976,1.1245273337417219,1.16028931774536,-3.430488282210201,-2.4645633297492457,-1.5098470934274462,-18.04008574088581,-13.244046756966009,36.51664944950169,20.6024154662181,43.94108397362027,69.08701615298027,18.670974988998136,58.39304820540358,-0.019054897397207782,48.33397197723389
-3.665917329540079,1.1275421357062079,1.155517049752417,-3.4342381440891825,-2.4615485277847595,-1.514619361420389,-17.780035721616017,-12.873961271132709,36.86255960376491,20.763613582586874,44.16260735462516,69.12496784258975,18.744226632077705,58.32439846616776,0.02778550832134208,48.360971450805664
-3.6678024111665746,1.1294819942515004,1.1531072677389687,-3.436123225715678,-2.4596086692394667,-1.5170291434338372,-17.84648282631745,-12.882710972352712,36.59129897412479,21.07465631973037,44.28647515354478,69.14007650809856,18.781387902214263,58.28534998700282,0.02270924299788124,48.37594175338745
-3.670580671052681,1.1320046862456112,1.1482871530470464,-3.4389014856017845,-2.4570859772453564,-1.5218492581257594,-18.51857566117147,-13.478877957822087,35.81813120126139,20.501806113575586,44.49587466512591,69.17694465881863,18.86406466383545,58.22823058060579,0.07951570547874276,48.40149283409119
-3.671971221397178,1.132987788403386,1.145879035143747,-3.4402920359462814,-2.4561028750875815,-1.524257376029059,-18.40764383767435,-13.376125983798394,35.92426597044798,20.585002247718954,44.59284979274495,69.19785823926081,18.90506336507754,58.202639204603656,0.04715476984340761,48.413344621658325
-3.6756232048342383,1.1361609096671859,1.1414829588938424,-3.4439440193833417,-2.4529297538237813,-1.5286534522789634,-18.199391131483996,-13.239780759635183,35.84537871503878,21.148379227069437,44.80935808863728,69.22934409453379,18.9698618005781,58.13398675610198,0.07487353670122054,48.440531492233276
-3.677298695343995,1.1375150089086485,1.139283707711928,-3.445619509893098,-2.451575654582319,-1.5308527034608779,-18.38604831011644,-13.119246659124189,35.83937666710312,20.920629829565623,44.91118741913934,69.24629785006593,19.003471812902955,58.103131530638265,0.023263964991020458,48.453063011169434
-3.6804067793627664,1.1403426957198706,1.134690984318163,-3.44872759391187,-2.448747967771097,-1.5354454268546431,-18.627234012215443,-13.179619281576267,35.6583744778938,20.65975933911472,45.124043236881505,69.27924223521705,19.07711593051507,58.04125012152596,0.05616400957863821,48.48012828826904
-3.6823897781234964,1.141721616306432,1.1325366472198564,-3.4507105926726,-2.447369047184535,-1.5375997639529495,-18.684387663867167,-12.959323724988346,35.71322849003062,20.652544957413593,45.22562291767129,69.29709347825745,19.106593667838546,58.00828432746594,0.04199327817209131,48.49270510673523
-3.6855751180730314,1.1445772511749843,1.1276516531053398,-3.453895932622135,-2.444513412315983,-1.542484758067466,-18.55658352991949,-12.717387508931637,35.806088918285155,20.902390781865606,45.448378350166706,69.33239786382683,19.185459790491656,57.94491250492501,0.10318990904349423,48.52031993865967
-3.688855591270442,1.1472385987786988,1.1231642888678968,-3.4571764058195456,-2.4418520647122683,-1.546972122304909,-18.725389585578117,-13.120235736258465,35.397602215713974,20.7818920886505,45.65456362056099,69.36619176462867,19.254237489646894,57.88404075768571,0.10329134019022845,48.54615259170532
-3.6902001618292366,1.1486840186510596,1.1212619852237533,-3.45852097637834,-2.440406644839908,-1.5488744259490526,-18.841638084047723,-13.35666078355516,35.08039250626192,20.834245119053406,45.750896473076125,69.37715534882781,19.28388523305283,57.85515185449824,0.10307866413456246,48.55845618247986
-3.695101709752998,1.152803188838372,1.1145259890185728,-3.4634225243021013,-2.4362874746525955,-1.5556104221542333,-18.337137828790993,-13.280044968767426,35.0930214199854,21.636685473986443,46.06476105163949,69.4258332353746,19.386611127076236,57.76267773944629,0.08905421192013563,48.59656620025635
-3.7003007148490052,1.1564165118566645,1.1070975854308447,-3.4686215293981086,-2.432674151634303,-1.5630388257419614,-18.706693983070053,-12.746186381502076,35.216502143542286,21.241542685706143,46.38617404704317,69.48650225626416,19.500650872125984,57.67202647609835,0.052371859550607525,48.63582754135132
-3.7052714080861615,1.1603051135832174,1.0993086520156945,-3.473592222635265,-2.42878554990775,-1.5708277591571116,-19.051494949060245,-12.622900224901521,34.930696923863714,21.13386572873565,46.72708502328271,69.54569098396122,19.62397448032774,57.57903001506602,-0.01712593306222754,48.67665338516235
-3.708543290969803,1.1629434502080676,1.095177616896596,-3.4768641055189065,-2.4261472132829,-1.57495879427621,-19.069718039077618,-12.547313290607834,34.93210776419597,21.09352667849122,46.92436695572997,69.57476940771865,19.683210608234067,57.51957745114745,0.0625284965621633,48.70063638687134
-3.7103389245587293,1.164068281898104,1.092719663659191,-3.4786597391078327,-2.4250223815928633,-1.577416747513615,-18.838798922887324,-12.163759595623393,35.25674844698742,21.3136581974341,47.029681246632926,69.59540924557155,19.71959839788651,57.48992775745234,-0.09197346770996351,48.713117361068726
-3.7133631524260884,1.1664469808197404,1.088124179357211,-3.481683966975192,-2.422643682671227,-1.582012231815595,-19.2253259549007,-12.424552824403612,34.88779204539087,20.89112071778474,47.234349120975175,69.62925289067415,19.79067090333717,57.4336615320953,-0.030548949280376547,48.73731231689453
-3.7166914774407913,1.1688487892642963,1.0836593175409592,-3.4850122919898947,-2.4202418742266714,-1.5864770936318466,-18.60960684449302,-12.03362606445334,35.13859654326726,21.90715118119966,47.43619452810038,69.66316428425371,19.855756426140996,57.375614168504974,0.035420691369203894,48.76162028312683
-3.719031482480893,1.1705317470551293,1.0817251988752719,-3.4873522970299966,-2.4185589164358383,-1.5884112122975342,-18.100498859827685,-11.675178805045231,35.58076104500347,22.385217725139327,47.54146666735295,69.67651258025292,19.875547466360196,57.33801140367666,0.06303111959788943,48.77370762825012
-3.721802047145917,1.1727106230725632,1.0768217016318347,-3.49012286169502,-2.416380040418404,-1.5933147095409714,-18.058302917563374,-11.483219447252537,35.44198415283345,22.85272087202342,47.75102385176386,69.71284275355515,19.954808848585873,57.284748231729694,0.0638523906273516,48.79977822303772
-3.7237415497338864,1.1740423088656935,1.0739484846317704,-3.4920623642829898,-2.4150483546252737,-1.5961879265410355,-18.289256095499923,-11.68039178441854,35.17783929966475,22.61912440991393,47.87564820927975,69.73521711350344,19.99811210104365,57.25099605606344,0.06424030003180281,48.814799308776855
-3.7283163143635396,1.1777802704870441,1.0669540600535745,-3.496637128912643,-2.411310393003923,-1.6031823511192314,-18.722351893153,-12.081693349633705,34.66583459343084,22.15340837481612,48.19303693463583,69.7835542720709,20.104606276291136,57.16448238590083,0.008495270650694664,48.85400152206421
-3.731746315914059,1.1803493920755197,1.0630035674839764,-3.5000671304631625,-2.4087412714154475,-1.6071328436888297,-18.346409070341927,-11.860657565532955,34.99781624547375,22.394211535990713,48.38526044604702,69.8107292829044,20.15653518952393,57.1055391255816,0.008305390293540604,48.87817144393921
-3.738373118543293,1.1857197627065592,1.0540890789490787,-3.5066939330923965,-2.403370900784408,-1.6160473322237274,-17.9123386671329,-12.048140440661133,34.91056177655647,22.88975174427717,48.808072468653656,69.8692460695029,20.283357688064143,56.98408636403261,-0.019758722790433225,48.93216562271118
-3.7417778618510162,1.188338667838934,1.0500399399547367,-3.5100986764001196,-2.4007519956520333,-1.6200964712180694,-18.046520483381425,-11.90777653977035,34.91813431280234,22.71840222086742,49.00543289590676,69.89582601725226,20.33688308957456,56.92464416292278,0.22404493148953364,48.95820093154907
-3.7463964875905043,1.1918678060644416,1.0440447329184384,-3.5147173021396076,-2.3972228574265255,-1.6260916782543677,-18.160844885722042,-11.240514693576499,35.38273806032551,22.353759062482208,49.288706618251446,69.93587014846536,20.419634890497022,56.84301473991613,-0.043286798935135984,48.995097160339355
-3.7491700099517384,1.1946469156239738,1.0402444592023632,-3.517490824500842,-2.3944437478669935,-1.6298919519704427,-18.090557214236018,-11.574018851393324,35.13504955101059,22.450157505685546,49.48272989214014,69.95471333635835,20.47343124105601,56.786450702875094,-0.057721276371902164,49.02008271217346
-3.7505376864576636,1.1960484318934683,1.0383940858608809,-3.518858501006767,-2.393042231597499,-1.6317423253119252,-18.105725669329257,-11.79748311220683,34.95292930190789,22.44277990175909,49.57851793526475,69.96341352026448,20.49939669452953,56.75829771072894,-0.039171350213780265,49.03299617767334
-3.7556241017219367,1.2002825061240379,1.0322423246132972,-3.52394491627104,-2.3888081573669293,-1.6378940865595086,-17.779378411809063,-11.959259903292617,34.724988717924894,23.064061879661367,49.88628288450961,69.99915424402155,20.5801367625858,56.66605019516578,-0.11469399132130498,49.07368779182434
-3.758876882928229,1.202907360613125,1.0284461628500394,-3.527197697477332,-2.3861833028778423,-1.6416902483227664,-17.856704908447735,-11.504050104092432,35.10609288070159,22.725684244094406,50.076754695649015,70.02140568904335,20.628613420876494,56.608364291376056,-0.007091133594461674,49.0983464717865
-3.763951804408499,1.2073767756298122,1.0221199548624442,-3.5322726189576024,-2.3817138878611552,-1.6480164563103619,-18.071189362012248,-11.504467493310706,34.923480778478655,22.528196520368553,50.39678911711563,70.05512552195084,20.71225612543134,56.51338118874202,0.020519738611194605,49.14013719558716
-3.7655483907478704,1.2088931864870809,1.0203236051330302,-3.533869205296974,-2.3801974770038865,-1.6498128060397759,-17.96503483952806,-11.72657098282357,34.76971937435992,22.67625671802729,50.494158658974406,70.06292299495853,20.734476860643156,56.482853337898604,-0.0033175933003146696,49.15281629562378
-3.7684804643493353,1.211763310966204,1.0163930619086416,-3.5368012788984386,-2.3773273525247633,-1.6537433492641642,-17.731273859330408,-11.645271719088644,34.94678604581254,22.79038910207829,50.695494679131315,70.08128214067315,20.78817934179047,56.42423194940869,-0.04123078847679196,49.17833423614502
-3.7709122349809263,1.2138553674730503,1.0128605491669358,-3.5392330495300297,-2.375235296017917,-1.65727586200587,-17.17334083784019,-11.266176981794322,35.41566581577912,23.326120404746508,50.863988578343495,70.101425410359,20.83810079212821,56.3780022727664,0.057383406977979945,49.19823503494263
-3.773444566070052,1.2166425737705346,1.0095015328704795,-3.5417653806191556,-2.3724480897204328,-1.6606348783023266,-17.36966733673828,-11.39858600985569,35.11852765383343,23.273840025569278,51.044767487079696,70.11347211866598,20.88346626213329,56.3242161898332,0.06616560654695736,49.22061848640442
-3.774924693066141,1.2178554062540603,1.0073033120533266,-3.5432455076152443,-2.371235257236907,-1.6628330991194793,-17.365209348645337,-11.461851369096422,34.98003871946425,23.399609718896144,51.14747899218993,70.12652978962768,20.914644785202675,56.296623357663314,-0.11668188713507188,49.2330048084259
-3.7779769809524044,1.220678092008898,1.0028921212563575,-3.546297795501508,-2.3684125714820694,-1.6672442899164484,-17.478643153174165,-11.300276504549641,34.943553574266275,23.376363562374088,51.36367272421867,70.14899677551244,20.976303400795473,56.236628111934685,0.014620915076726249,49.257585287094116
-3.7803694430019426,1.2229797338719672,0.9999270428634194,-3.548690257551046,-2.3661109296190004,-1.6702093683093866,-17.14680080484903,-11.348464246526559,34.891563289901214,23.9026430898689,51.51945265229183,70.16162947653086,21.01442854415037,56.189983912406596,-0.013954746390443695,49.275662422180176
-3.783258012901337,1.225742281604047,0.99543026110854,-3.5515788274504403,-2.3633483818869205,-1.674706150064266,-17.488350970103294,-11.379841283501111,34.68244857826974,23.562870584438834,51.737138770636925,70.18400456592806,21.078933867935568,56.13143042595871,0.037712377554858456,49.30030059814453
-3.785437177839754,1.2281402283650422,0.9931183130555933,-3.5537579923888574,-2.3609504351259254,-1.6770180981172127,-17.623296269235453,-11.176722482248028,34.676022783918356,23.532542604624286,51.87393227726063,70.18906933999543,21.105541069389446,56.08679794772756,0.03684293082053003,49.31666326522827
-3.788837716812309,1.2307390047781268,0.9884685667056664,-3.5571585313614125,-2.3583516587128406,-1.6816678444671396,-17.729955280254888,-10.87522664536229,34.86424721713852,23.28665591852973,52.093041114967164,70.21659259762333,21.16785332838444,56.02665652385821,0.05581748864419911,49.340964794158936
-3.7897525688992513,1.2322094006177202,0.9863712887179904,-3.5580733834483547,-2.356881262873247,-1.6837651224548156,-17.973327143907476,-10.933649720566677,34.638644467327396,23.160254135816267,52.199062286532936,70.22250912502317,21.201776581145637,55.99995976130596,0.1542864628603544,49.35314702987671
-3.7933154165472898,1.2357847720358284,0.9820254245816883,-3.561636231096393,-2.353305891455139,-1.6881109865911177,-17.99050761421881,-10.850418400886342,34.60096419685788,23.19884119713999,52.432714900655924,70.23802131293547,21.256126941032623,55.92928136365925,0.06434631336421681,49.379918813705444
-3.795777124441064,1.237337357208218,0.9799250973080963,-3.5640979389901672,-2.3517533062827494,-1.6902113138647097,-18.311261933354583,-10.901470568049767,34.6109974174122,22.478689171101838,52.54168420009754,70.25117567439365,21.275271144647455,55.89272873934934,0.04991969909105087,49.392104387283325
-3.798192203848339,1.2404841082127687,0.9744170060092675,-3.5665130183974423,-2.3486065552781987,-1.6957194051635385,-18.297628357834025,-10.365749825806558,34.941575197085555,22.470386408719843,52.80280387380943,70.27333956249497,21.363414136302293,55.830262062266,0.05972844706745839,49.42205047607422
-3.8003779769250587,1.242594194646559,0.9721326958082622,-3.568698791474162,-2.3464964688444083,-1.6980037153645438,-18.305982982510013,-10.24253289240583,34.945357614736025,22.5361162299592,52.9314783320434,70.28035531356271,21.388699856729968,55.78889072181425,-0.058218259477508916,49.43737554550171
-3.8020042105020613,1.2444547753315283,0.9697424942103287,-3.5703250250511647,-2.344635888159439,-1.7003939169624773,-17.896892990127263,-10.331796129509902,34.69556446286649,23.580605574150148,53.05726614468051,70.28768614363918,21.42131658854895,55.75315464968344,0.021238403683493168,49.45283389091492
-3.805234029375697,1.2475944001492594,0.9654473914282916,-3.5735548439248004,-2.341496263341708,-1.7046890197445144,-17.916612130484,-10.312087164754585,34.45679073314305,23.899579012717982,53.27852430513521,70.30439154907218,21.476806229546707,55.689381907161646,0.04427229771515595,49.479705810546875
-3.806729184846517,1.2492212540018315,0.963699412524634,-3.5750499993956204,-2.339869409489136,-1.706436998648172,-17.91701610145075,-10.477150414629916,34.3226911395062,23.89072182707155,53.37711648770119,70.30841756389762,21.497632054483205,55.658661181260655,0.1282410986173259,49.49193000793457
-3.8144222244151353,1.2570970917706394,0.9546134430920797,-3.5827430389642387,-2.3319935717203277,-1.7155229680807262,-18.15414671712345,-11.158626055478406,33.7039635954316,23.51443082014162,53.87518512336103,70.33411412524515,21.60593321088452,55.50580667688396,0.00422895255164768,49.556835651397705
-3.8197867221961666,1.2624341195731146,0.9495738954047074,-3.58810753674527,-2.326656543917853,-1.7205625157680986,-17.927572433132468,-10.846093882928786,33.79198798231101,23.984775409990625,54.17475041445285,70.34334720125896,21.655205712721358,55.404521105753744,0.10537981321124512,49.597737073898315
-3.8243648572872933,1.2669459030540253,0.9449117181929895,-3.5926856718363966,-2.322144760436942,-1.7252246929798165,-18.289387558535513,-10.561464865062794,33.835359619465436,23.514905453084772,54.44120193995233,70.35388550495267,21.704112753791087,55.31767394892595,0.061643622870055204,49.6339054107666
-3.827389738368266,1.2698729581348578,0.9416549675894424,-3.595710552917369,-2.3192177053561096,-1.7284814435833635,-18.61341844980691,-10.647063659384969,33.67618070649386,23.03998552580769,54.6217928773828,70.36246118133406,21.739736778406115,55.26044997506519,0.1405563230796565,49.65796685218811
-3.8292367432321357,1.2717036320710642,0.9397086039679438,-3.597557557781239,-2.317387031419903,-1.7304278072048622,-18.820902672289378,-11.008363122844363,33.24677614754558,22.94495637068976,54.73158878321537,70.36684082596668,21.760595446522355,55.2251768320665,0.13528691783755775,49.672983169555664
-3.8331610311305324,1.2756036372081487,0.9364302248267685,-3.601481845679636,-2.313487026282819,-1.7337061863460375,-18.251795487691567,-10.436765243694177,33.58070752722374,23.938033961101933,54.935814687743786,70.3696920202416,21.787984965272805,55.1524727755118,-0.0025245397213353726,49.70158052444458
-3.8353228678301488,1.2773585442401953,0.9342422868348507,-3.603643682379252,-2.311732119250772,-1.7358941243379553,-18.607871929367445,-10.037771450036757,33.756543425162654,23.432220123520146,55.05207518400429,70.37805017261124,21.810474985271693,55.11565170056796,0.048669028338517606,49.71681261062622
-3.841012683553459,1.2825586558693833,0.9298203238371509,-3.609333498102562,-2.306532007621584,-1.7403160873356551,-18.553110887609233,-9.444318538432663,33.975350284313386,23.7142523308072,55.32568743076535,70.38405936371646,21.84337825732335,55.0161840659406,-0.038148150589680796,49.756476402282715
-3.8425655098226517,1.28437782420534,0.9278809348015672,-3.610886324371755,-2.304712839285627,-1.7422554763712388,-18.76781387314834,-9.683036108701488,33.73659749440992,23.418128848636425,55.43438531886915,70.3865186919803,21.86657469768051,54.98280524746843,0.10207648379963441,49.77158856391907
-3.8463122307525524,1.2881318712392205,0.9248749679333733,-3.6146330453016557,-2.300958792251747,-1.7452614432394327,-18.96901638419533,-9.801697603997487,33.524834574825924,23.190381349595132,55.624797656960155,70.38727513679989,21.88988122802959,54.91361617348276,-0.2234199818118281,49.799222230911255
-3.8474712095438037,1.289632901065193,0.9233535263356075,-3.615792024092907,-2.2994577624257744,-1.7467828848371985,-18.88248864129519,-9.68438110721717,33.58435579598543,23.35248743365356,55.71155120071819,70.38796811482072,21.908539879597928,54.886993135423225,-0.22388506589947976,49.811850786209106
-3.8508605919373595,1.2929110222585454,0.9203033649696265,-3.619181406486463,-2.2961796412324222,-1.7498330462031795,-19.176554102501076,-9.950694407380253,32.97462101774007,23.502388355430817,55.89205989169909,70.3919450546677,21.935881677702277,54.82485635609822,-0.22518631191635752,49.83798408508301
-3.852091466970817,1.294075180018193,0.9182078766346314,-3.6204122815199202,-2.295015483472774,-1.7519285345381745,-19.35276966351062,-10.04039354265412,32.749548329650366,23.442049856698784,55.9908229438834,70.40044547258158,21.964870853027207,54.79994557450688,-0.07021774053216401,49.85063195228577
-3.8566190757296077,1.298040458629157,0.9147768597210101,-3.624939890278711,-2.2910502048618104,-1.755359551451796,-18.997679344652123,-9.414362592463897,33.430875193829245,23.500490541496738,56.200208631200276,70.40534260889369,21.988723242025117,54.723217337298315,0.035904730161547604,49.88108801841736
-3.858173549478695,1.2999369639869758,0.9134273049033143,-3.6264943640277982,-2.2891536995039914,-1.7567091062694917,-18.9223195496302,-9.459551304598588,33.39893050395222,23.600092834502927,56.289820017691724,70.4024124874154,22.0001810895952,54.69068516230089,-0.030721777793947247,49.89445948600769
-3.863673618759643,1.304868791462779,0.9082327448346731,-3.6319944333087464,-2.2842218720281884,-1.761903666338133,-18.870501827233294,-9.400954923815707,33.16003465471081,24.0445968234962,56.581322027341024,70.4136229846856,22.048622585630824,54.593665045401515,-0.022985413439185365,49.935030698776245
-3.867209778509962,1.3078861645070035,0.9047910261387376,-3.6355305930590656,-2.281204498983964,-1.7653453850340683,-18.693080733836407,-9.107430027364908,33.375748574693006,24.242642648007468,56.768650581765144,70.42290254736832,22.081558286556753,54.53274066457713,0.06997625921591055,49.960859298706055
-3.8681652265109667,1.3088923417982319,0.902723488191887,-3.63648604106007,-2.2801983216927355,-1.767412922980919,-19.291311746632722,-9.619648789370006,32.71517772662312,23.68590103023484,56.86270542519515,70.43096326415443,22.11217837492724,54.511203117611274,0.07026552241945616,49.97327399253845
-3.871592119454215,1.312161106909637,0.9003585260234855,-3.6399129340033185,-2.2769295565813303,-1.7697778851493204,-19.091875311473608,-9.643060016959511,32.69477957504528,23.95794632846866,57.018054062367284,70.4294691375313,22.125361330024617,54.451115918209204,0.0357213374773826,49.996565103530884
-3.8733188816238027,1.3136863542704207,0.8979996272712926,-3.641639696172906,-2.275404309220547,-1.7721367839015134,-19.694968924382067,-10.351827761685247,31.92591615794913,23.33195214313873,57.133961104382315,70.43774783610031,22.154230643008436,54.41905862922438,0.045041529439075134,50.01174306869507
-3.877718885582285,1.31695227189093,0.8943246264917416,-3.6460397001313885,-2.2721383916000377,-1.7758117846810644,-19.503757445116044,-9.674839093903014,32.48976013943833,23.374870392749905,57.33490073512615,70.44976069981345,22.183165258102548,54.3503340495118,0.1331307341191561,50.03920102119446
-3.8789600415460517,1.3180938110644436,0.8924258515593065,-3.647280856095155,-2.270996852426524,-1.7777105596134994,-19.85713248845547,-9.515319890866703,32.40845557223133,23.036468772502595,57.4262118067068,70.45641185822116,22.20766088603228,54.32630018139297,0.12847806982666032,50.0516312122345
-3.883111292577472,1.321208109509539,0.889180732809069,-3.6514321071265754,-2.2678825539814285,-1.780955678363737,-19.64159152695285,-9.272699505072483,32.64674745601421,23.176001382338427,57.60858473322899,70.46560401550798,22.230549148798744,54.26180509018665,-0.022810646306661297,50.077125787734985
-3.8844865771796284,1.3229302901222872,0.887485104143796,-3.652807391728732,-2.26616037336868,-1.78265130702901,-18.794207608351446,-8.952142889693645,33.17123487460366,24.13202082077738,57.70528313221128,70.46519555837354,22.249815623029335,54.23138094716794,0.02823241115680908,50.090529680252075
-3.8873386317670757,1.3248287049853746,0.8839173287889487,-3.655659446316179,-2.2642619585055925,-1.7862190823838573,-19.61178244497424,-9.127948753580148,32.6558886367055,23.267086724373343,57.87188325038252,70.48263044901606,22.29072247576175,54.18616987368776,-0.02787096856990967,50.113121032714844
-3.890139318698526,1.3272474723912828,0.8808549873656429,-3.658460133247629,-2.2618431910996843,-1.789281423807163,-19.630624667848814,-9.109662442560902,32.687453632159304,23.112571781643936,58.03188571150322,70.49072335061015,22.322411846134447,54.137022527883026,0.08421874565605236,50.13565444946289
-3.8942555116088933,1.3300687846640844,0.8777928584838687,-3.6625763261579967,-2.259021878826883,-1.7923435526889373,-19.9386461130691,-9.093756505186155,32.50520219956256,22.77471243103582,58.20118409154082,70.50107608788339,22.34180438547092,54.07657170386858,-0.16546362474656107,50.161428689956665
-3.8958601434383118,1.3316726695295438,0.8758424640891956,-3.664180957987415,-2.2574179939614236,-1.7942939470836103,-19.944413271406656,-9.085997887415314,32.54004412647037,22.65863045663667,58.30417555581809,70.50443774454689,22.363519907488865,54.04559712131336,0.012471620421804275,50.17614388465881
-3.8988528086513043,1.3343196172964398,0.8732149800102885,-3.6671736232004077,-2.2547710461945276,-1.7969214311625175,-19.460926509915506,-8.738235217746476,32.948181912583365,23.15089643520448,58.45358148343794,70.50786198655173,22.384998798849477,53.99424780763116,-0.03073303287514051,50.199878215789795
-3.9027671751816744,1.3370751244958083,0.8704783709747005,-3.6710879897307773,-2.252015538995159,-1.7996580401981055,-18.913704942906396,-8.674599154802696,33.03474498039122,23.98368780142101,58.60955327476801,70.5154047979805,22.399943518159553,53.93660202701581,0.076049046510696,50.22498822212219
-3.9042295923013866,1.3384172565538195,0.8686749141525486,-3.67255040685049,-2.250673406937148,-1.8014614970202574,-18.937203972854327,-9.092175818104797,32.52775186166253,24.29081914392127,58.70164786562045,70.51971481526975,22.420084243437703,53.909650721654515,-0.13059752353750476,50.23951435089111
-3.906260890378298,1.3402443308569771,0.8674347316975198,-3.674581704927401,-2.24884633263399,-1.8027016794752861,-19.184316681096508,-9.602971231317017,31.9602289166239,24.165421654945348,58.784356738597715,70.5180723322724,22.42439936648746,53.87598423198393,0.12174892286228811,50.254035234451294
-3.9097653469948845,1.3423740153477428,0.8644898900998496,-3.678086161543988,-2.2467166481432246,-1.8056465210729564,-19.15784207440329,-9.11273189347122,32.5045669146742,23.756854327635857,58.93411687954517,70.53132892328911,22.446904290781195,53.82680557483523,0.008700293103787615,50.27817964553833
-3.911851075330597,1.3438405599252243,0.8634398460505651,-3.6801718898797002,-2.245250103565743,-1.8066965651222409,-19.014028084598934,-8.996322459627226,32.59566415983409,23.94095678506875,59.00259961863513,70.53259775827368,22.44716967419478,53.79728109289508,0.07354547445806237,50.29069805145264
-3.915304751543968,1.3464229585638754,0.8610006320431686,-3.6836255660930712,-2.2426677049270918,-1.8091357791296374,-19.160606377766477,-9.067279398349331,32.494680232027854,23.674045772286338,59.1436376441212,70.53731187095214,22.460608369608686,53.74492583782517,0.058372028121199016,50.31572127342224
-3.922620337776949,1.3516720029571372,0.856062881048418,-3.6909411523260522,-2.23741866053383,-1.814073530124388,-18.490540948238227,-8.50006775068916,33.13893408121799,24.229157382885838,59.42929409481922,70.54791847789781,22.484700200652213,53.63717944388162,-0.02836104971704234,50.3679838180542
-3.925769592066114,1.3540476333518503,0.8538206321784306,-3.6940904066152176,-2.235043030139117,-1.8163157789943754,-18.801116985790852,-8.838254743003882,32.56662016461978,24.189491940044473,59.55848895495955,70.55178189171787,22.497161286400566,53.589314613264676,-0.132584085659202,50.39199686050415
-3.929121909182833,1.3562906858941532,0.8513899160778179,-3.6974427237319363,-2.232799977596814,-1.818746495094988,-19.811750893069746,-9.214406595475458,31.853923290486787,23.086181670930053,59.69168785317359,70.55917750077828,22.511216758875875,53.54136822867785,0.04488836726984857,50.4167263507843
-3.9350357303265064,1.3604250809927494,0.8482984784575108,-3.70335654487561,-2.228665582498218,-1.8218379327152951,-19.69528929413045,-9.280819141679519,31.57592757592293,23.5596285857936,59.887629934101845,70.56279864347637,22.513883436520363,53.45813335267324,-0.11691152780240177,50.456536293029785
-3.938722145916906,1.3631897689210293,0.8462783290326369,-3.7070429604660093,-2.2259008945699383,-1.823858082140169,-19.695272114934326,-9.363443202033691,31.51992982625949,23.459803222270875,60.016510815945004,70.56345306642048,22.517229840749934,53.40406025103638,-0.05743186472344597,50.48263430595398
-3.9409216339422084,1.364322248333278,0.844763489121472,-3.709242448491312,-2.2247684151576896,-1.825372922051334,-19.630235130572526,-9.140815492454522,31.750986339476803,23.373167406273787,60.09405291148111,70.5713105782955,22.524942578009707,53.37657359195276,-0.05774127920707617,50.497480154037476
-3.94712812184986,1.3687451024627817,0.8425565238076841,-3.7154489363989636,-2.2203455610281857,-1.827579887365122,-18.414914861165933,-8.700070964421755,32.52511600971943,24.549898432839036,60.26362196660316,70.56754122502197,22.508709907392607,53.29131195869006,0.01895957395576886,50.5344603061676
-3.9500183851226156,1.3708882972602794,0.8404569256326253,-3.718339199671719,-2.2182023662306882,-1.8296794855401806,-19.25596213817165,-8.981457696345123,31.736995559364228,24.025994267881806,60.38191089643709,70.57117129378156,22.52074597433896,53.24797425676413,-0.04289356387606613,50.55865287780762
-3.951950727731652,1.3723258521021593,0.8394359711032686,-3.7202715422807553,-2.216764811388808,-1.8307004400695375,-19.20238529086469,-9.282034482132936,31.37395899168287,24.32946803291199,60.44747538703366,70.571241892163,22.521791440898763,53.21996273673631,-0.04838809863653992,50.57165169715881
-3.9581589355212365,1.3765610942289532,0.8359403792095821,-3.72647975007034,-2.2125295692620144,-1.834196031963224,-19.92267844873067,-9.181296029678542,30.765004803277513,24.098224300785546,60.657935367439705,70.57677045686474,22.52909088030742,53.133630751621915,0.024534321467495346,50.61524438858032
-3.9624176788462195,1.3789760777358817,0.8339149641598304,-3.730738493395323,-2.2101145857550857,-1.8362214470129756,-18.72789376462376,-7.943445105148758,32.222488984868704,25.07679784449755,60.779407390519225,70.58361751366408,22.527357021510046,53.080727192283035,-0.061216631343874894,50.639946699142456
-3.9645033219189956,1.3803351132081512,0.83261375011911,-3.732824136468099,-2.2087555502828162,-1.837522661053696,-18.918235972308487,-7.959163754975631,32.15528821944597,24.777569907025686,60.85317087827753,70.58680087917526,22.532103309852904,53.05215276297906,0.008565508707953917,50.65475797653198
-3.967619821046804,1.382015543797275,0.8317164370208042,-3.7359406355959073,-2.2070751196936924,-1.8384199741520018,-19.0313680563289,-7.917162265369568,32.27565705488925,24.319762530211918,60.919508693695676,70.58927645722528,22.520249082158184,53.0159430407828,0.007343506566261482,50.66973400115967
-3.9708093898853942,1.384646710789885,0.8299290019497721,-3.7391302044344976,-2.2044439527010824,-1.8402074092230338,-18.197712749374627,-8.186573047517244,32.161347776475154,25.58076930683603,61.035437489124405,70.58680735621151,22.52378625827521,52.96689833316661,0.005881207380554088,50.69447159767151
-3.97423963940194,1.3870985963820053,0.8281989377081901,-3.7425604539510435,-2.201992067108962,-1.841937473464616,-18.611822319165146,-8.21651617246101,31.857295318418426,25.263839085407195,61.14591637551586,70.58711436358624,22.524141281948513,52.91874977456913,-0.04242103093477567,50.7189519405365
-3.9806796159322633,1.391703591804181,0.8258080763824882,-3.7490004304813667,-2.1973870716867863,-1.8443283347903177,-18.4128228509874,-7.703172393989885,32.28495436763554,25.351787701670816,61.32248195215281,70.58261099549745,22.50937291726488,52.83064431244771,0.04362624766229306,50.759570360183716
-3.9823332710889674,1.3930525831024831,0.8251332247202485,-3.750654085638071,-2.196038080388484,-1.8450031864525576,-18.630045078077142,-7.543317064011582,32.301976184723145,25.093952537685613,61.37299232905368,70.57994995100972,22.506676065247778,52.806100029822325,0.11780461152736343,50.772095918655396
-3.9861018718323047,1.3955037435460194,0.8236476941554908,-3.754422686381408,-2.193586919944948,-1.8464887170173152,-18.94389637184427,-7.286939572793918,32.228010573276265,24.883461950489586,61.4744208934208,70.58037818211336,22.499656971305573,52.757028072443774,0.003637066159615898,50.79694747924805
-3.989163045093821,1.3969624965118381,0.8230156567926187,-3.7574838596429245,-2.1921281669791295,-1.8471207543801873,-18.878152001136243,-6.553036878343755,32.99869163726896,24.40548152537403,61.52641649026823,70.58327861121488,22.483707188392803,52.72437696062203,-0.006931232197216808,50.809425592422485
-3.9927409058410785,1.3999163378804693,0.821653450188983,-3.761061720390182,-2.189174325610498,-1.848482960983823,-18.959805461986004,-6.328284647239126,33.21427145334121,24.002534302371256,61.63234019584002,70.57646138691162,22.47618353862503,52.67126037207706,-0.037086197243918484,50.8364315032959
-3.999718696706709,1.405635768331017,0.8189954123244647,-3.7680395112558123,-2.1834548951599504,-1.8511409988483414,-19.164805836381298,-7.036163593943531,31.78203284070888,25.26593245048821,61.83743735172105,70.56348763126337,22.46160913722692,52.56823806869601,-0.040955017339984856,50.889315128326416
-4.003363381697912,1.4084371090749594,0.8177559862207798,-3.7716841962470156,-2.1806535544160077,-1.8523804249520262,-19.428762444969294,-7.19534872029768,31.212896535392844,25.519959396770208,61.93549779759267,70.55785288882419,22.45139184250048,52.51686650532373,-0.06637112130247047,50.91602158546448
-4.009109517140151,1.4126270404919625,0.8164392356736752,-3.7774303316892546,-2.176463622999005,-1.8536971754991307,-19.24584330183244,-6.797373655705382,31.885046450419555,24.98759771539645,62.06296715755799,70.54785825839514,22.42402781903849,52.439989499007744,-0.08371886818590824,50.95147347450256
-4.012100967240023,1.4152258118599466,0.815409333632934,-3.7804217817891264,-2.173864851631021,-1.8547270775398719,-19.786104686235397,-7.510327515503606,30.970951612774208,24.679464934214103,62.14884673166903,70.53994857784498,22.415925118390266,52.39466380745948,-0.05739765901584715,50.97611856460571
-4.017230364425533,1.4188865518512217,0.814129815848974,-3.7855511789746363,-2.1702041116397455,-1.8560065953238318,-19.829634094685925,-7.2585046675705875,31.011302792341738,24.71623087376027,62.26417083265256,70.53237994984303,22.39351163462797,52.326764336364946,-0.017961842730935373,51.009676694869995
-4.021431208728086,1.4218252274047516,0.813145945041355,-3.78975202327719,-2.1672654360862156,-1.856990466131451,-20.609149836564608,-6.854256528980985,30.947554079341973,23.755184289851513,62.35500637461733,70.52644442108382,22.37409747828111,52.272011439753996,-0.09999363960615248,51.03694033622742
-4.023708103868577,1.42366235986259,0.8127546976950047,-3.7920289184176807,-2.1654283036283775,-1.8573817134778012,-20.424345168085097,-6.829662843639163,30.879809911022374,24.22402412651321,62.403484765323846,70.51976910240612,22.36107498155314,52.24008146400962,-0.11557260818991644,51.05165910720825
-4.0273207134756355,1.4259650642960662,0.8116425196694964,-3.7956415280247393,-2.163125599194901,-1.8584938915033096,-20.40860233440401,-6.390173231900771,31.187083894677876,24.125583915005347,62.486666776626016,70.51852102887074,22.349183311665552,52.1948185750688,-0.028048778306303923,51.07589387893677
-4.031139151033297,1.4299606138791339,0.8102345417106038,-3.7994599655824,-2.1591300496118335,-1.859901869462202,-20.942763525012563,-7.4465781270935345,30.016137172603074,23.890473525194352,62.610222059163824,70.50132213540498,22.340658617338132,52.129675870495106,3.056333539380441,51.112417459487915
-4.034820541879376,1.432253308603421,0.8088418809863064,-3.803141356428479,-2.1568373548875464,-1.8612945301864996,-20.462165628091427,-7.897455822773006,29.782062245252735,24.532365920686825,62.702733072505715,70.5019495257011,22.333182435304,52.08358813454401,-0.060451491878724894,51.138676404953
-4.036434823069246,1.4337963037166717,0.8087167104783528,-3.8047556376183493,-2.1552943597742957,-1.8614197006944533,-20.500386133126792,-8.044883405678881,29.62241925631689,24.524065480787925,62.73558312111931,70.4937351591689,22.321335367329986,52.05880130701408,-0.057097521375096605,51.150717973709106
-4.039962860254755,1.4363567372569555,0.8078906707044844,-3.8082836748038575,-2.1527339262340117,-1.8622457404683215,-20.30329964947571,-7.782958065667071,29.963352314454728,24.510446738136352,62.812430371006684,70.48760449398888,22.305255343673238,52.01202919299734,0.0816877162164138,51.17525100708008
-4.041991037958032,1.4377151501257623,0.8072905414651875,-3.8103118525071356,-2.1513755133652053,-1.8628458697076185,-20.21677984103048,-7.455427969152927,30.187916863308004,24.62589651566429,62.85895154543395,70.48597658310278,22.298238705812626,51.986073489133126,0.0009585947838850473,51.189903259277344
-4.046027289587504,1.4410569845454269,0.8069627284687562,-3.814348104136607,-2.1480336789455405,-1.86317368270405,-20.263696299485318,-7.680743550256464,29.626222156295107,25.159660660409834,62.93198826051682,70.47114778607016,22.269082137888738,51.92969414414065,-0.0019661621956821307,51.21733069419861
-4.048018951179409,1.4420372820522225,0.8064461180767136,-3.8163397657285123,-2.147053381438745,-1.8636902930960924,-20.040955527323227,-7.242035793815592,29.857480982304327,25.65514217615566,62.968805821971266,70.47301177709849,22.26098168955793,51.90821686671335,-0.040215329949590206,51.22971534729004
-4.051167856460139,1.4439964109510397,0.8045407685502591,-3.819488671009242,-2.145094252539928,-1.8655956426225468,-20.85207478209994,-7.367350735750513,29.32973241915507,24.905445444221378,63.07230122570316,70.47718966904439,22.267232869603713,51.867265206101074,0.06218123120982,51.25838255882263
-4.052702522212101,1.4452622810986948,0.804472906533414,-3.8210233367612045,-2.1438283823922726,-1.8656635046393921,-21.011323004350416,-7.649521091606509,28.964391317468728,24.876411858788902,63.0978012537566,70.47128956355019,22.255204437442785,51.84605203202164,0.061042679930046084,51.27044653892517
-4.056220580622949,1.4476497810912259,0.8035088132937875,-3.824541395172053,-2.1414408823997415,-1.8666275978790186,-21.553935906780257,-8.18392536219159,28.43502155580418,24.090012088888678,63.17568156409643,70.46761433100113,22.24183312278809,51.80102865614941,0.059301165684152224,51.29710793495178
-4.05836624497661,1.44895115432595,0.8034606782047775,-3.826687059525713,-2.1401395091650173,-1.8666757329680284,-21.688505452781776,-8.223870333237436,28.363137118814606,23.876099559708063,63.20148646468355,70.46423481663453,22.224280795737386,51.77654339340615,-0.0545520308781926,51.30960464477539
-4.062121375964723,1.451249538243641,0.8025983647648748,-3.830442190513826,-2.137841125247326,-1.8675380464079312,-21.564127965069545,-8.123203893622145,28.354470999422997,24.1441454777909,63.27422013098565,70.4621392404033,22.20719277514054,51.73163350038259,0.04691071236341404,51.33718943595886
-4.063596322124648,1.452577316984291,0.8024808984771419,-3.8319171366737517,-2.1365133465066766,-1.8676555126956642,-21.71028389353754,-8.149420943789654,28.28562413833472,23.938883091057864,63.302234723856316,70.45552106119364,22.19662335682785,51.709966935748646,0.20528340012502078,51.349692583084106
-4.0671076916691105,1.4548984322974776,0.8022360936454881,-3.835428506218214,-2.1341922311934898,-1.8679003175273179,-21.879213803826733,-8.187186372693787,27.983188115148064,24.043781649183963,63.35326858088704,70.44875341155709,22.170936569263866,51.66751101894962,0.08589417108544506,51.373779296875
-4.073696061897823,1.4577741165827875,0.8009119939964728,-3.8420168764469262,-2.13131654690818,-1.869224417176333,-21.28280632684299,-6.6345363920815394,29.544876330832775,24.058799294853014,63.45394729155379,70.45663060606374,22.13798632074596,51.6017731364205,0.13991759265324522,51.413572788238525
-4.078818356552513,1.4611801619875742,0.8000904916953827,-3.8471391711016163,-2.1279105015033934,-1.8700459194774233,-20.98129578125063,-7.129913659435257,28.972035650537922,24.923542213428867,63.544495491019994,70.4488800131126,22.108840784006915,51.53866844783487,-0.003631014776174446,51.455254793167114
-4.086950283044438,1.4657765288423346,0.7990550761706842,-3.8552710975935423,-2.123314134648633,-1.8710813350021218,-21.783030020554285,-7.752089560231569,28.09547374507901,24.06190535612505,63.66466894305588,70.44398571917434,22.05817866268734,51.44796340683822,0.2035457007465098,51.51644706726074
-4.088981364450843,1.4670048497775174,0.7991432470776786,-3.8573021789999467,-2.1220858137134497,-1.8709931640951274,-21.457646432166612,-7.4695857221287785,28.450623694978393,24.31630363476099,63.683819938952446,70.4401173786637,22.03957913207322,51.42527994975385,0.14599836341033257,51.52909874916077
-4.092707680242772,1.4692310551115144,0.7992338169760492,-3.8610284947918756,-2.119859608379453,-1.8709025941967568,-21.362999131619784,-7.498693283050718,28.45752955984451,24.347206202346282,63.72091480099192,70.43368385972454,22.006754103979066,51.383810471224145,0.15785154471823226,51.555471420288086
-4.0955159603060505,1.470477890857747,0.799155166831415,-3.8638367748551543,-2.1186127726332202,-1.8709812443413911,-20.54165487875329,-6.802777586006965,29.208762835417403,25.294932827054406,63.746768971174,70.43426606289104,21.984610876323682,51.3568593376629,0.09091193549642185,51.57074284553528
-4.099196340546769,1.4724290958423827,0.7991207530852427,-3.867517155095872,-2.1166615676485847,-1.8710156580875634,-20.147153328129242,-6.108172801518932,29.781595122590943,25.787638360251826,63.78347001330951,70.43122982092116,21.954470231420018,51.318316939867756,0.10775141480475181,51.597267627716064
-4.101425058060723,1.4732049719528275,0.7990385056801809,-3.869745872609826,-2.11588569153814,-1.8710979054926251,-20.820431375720847,-6.193089755250473,29.442955154082657,24.99466035671174,63.801074069543176,70.43410576013011,21.937313900606053,51.29920181393625,0.14916035801015326,51.60940885543823
-4.105488796195823,1.4758703312611885,0.7984726256691185,-3.8738096107449262,-2.113220332229779,-1.8716637855036875,-21.557769507330708,-6.656307941948335,28.492844651268097,24.683915043388776,63.86830358279093,70.42785647802748,21.913251219212203,51.250002138471956,0.14694218205572795,51.64969539642334
-4.109161366923649,1.477605141385778,0.798299273620169,-3.8774821814727525,-2.1114855221051894,-1.871837137552637,-21.594683546368582,-7.10884989661456,28.070933212766185,24.71306980920304,63.90603969571549,70.42781523585539,21.885759391349442,51.213577734623755,0.12180974708735892,51.67700910568237
-4.111039946128985,1.478287135041531,0.7980120025858595,-3.879360760678088,-2.1108035284494364,-1.8721244085869464,-21.662351401537308,-7.250691021024473,28.07192011326904,24.359114450740897,63.92884974419902,70.43101339039265,21.875131829941644,51.19670717120135,0.1212264461211241,51.689558267593384
-4.115211279556632,1.4802767016042293,0.7985008972432404,-3.8835320941057345,-2.108813961886738,-1.8716355139295655,-21.626310094454904,-7.541727177272484,28.07619070738913,23.945992788434708,63.94805351142897,70.4273134095378,21.832265858894804,51.15673941750281,-0.0499796984439973,51.714691162109375
-4.1170707921277785,1.481412928866262,0.798743424502363,-3.885391606676882,-2.1076777346247053,-1.8713929866704428,-20.957408783550974,-7.203879571126058,28.558582894682427,24.667486912409334,63.95983560586092,70.42284278602484,21.812776131568974,51.13631183999763,0.10361660139581907,51.72985053062439
-4.120284544881121,1.482817848455047,0.7985248890868436,-3.888605359430225,-2.1062728150359202,-1.8716115220859624,-21.549456420117853,-7.337659161385497,28.097975629027065,24.179553995804273,63.99315722204962,70.42435276276012,21.790061795443314,51.105570856436984,0.05536589424737226,51.7551007270813
-4.12172637087127,1.4838755982446672,0.7986707411195697,-3.8900471854203738,-2.1052150652463,-1.8714656700532362,-21.85512876982726,-7.250890548307251,27.84851329678739,24.153340904641123,64.006613816257,70.4191865651811,21.7757207885195,51.087753105072146,0.11998442972008405,51.76824688911438
-4.125077725357123,1.4855466287822228,0.7987802658059426,-3.8933985399062268,-2.1035440347087446,-1.8713561453668635,-21.753032562124066,-6.8009651686957575,27.86890743503565,24.79568818804334,64.03293371544443,70.41684832272156,21.746349599950197,51.054278866218944,0.08540380111861445,51.79358959197998
-4.13125095465098,1.4886491468844059,0.7994527031155746,-3.8995717692000835,-2.1004415166065615,-1.8706837080572314,-20.984409553746595,-6.35606763161526,28.657022516485117,25.186094052391915,64.06537532908128,70.40994463923033,21.684383749895,50.993458456091126,0.058462089194679656,51.83362603187561
-4.135412543636375,1.4906447063036123,0.7992770173223989,-3.903733358185478,-2.098445957187355,-1.8708593938504072,-21.696162508646403,-7.233799840126437,27.708162713123336,24.38322171378594,64.10739005175347,70.4094458611463,21.65347700809088,50.95211877588536,0.17384344450819,51.87049913406372
-4.138820899692412,1.4927419514118108,0.7998848924826648,-3.9071417142415155,-2.0963487120791564,-1.8702515186901412,-21.88335679026352,-7.527582642240793,27.21145029978121,24.483090749381432,64.12323197642003,70.40032806795402,21.61543815052199,50.91499177064807,0.063585641759901,51.895867109298706
-4.140679006900803,1.4938383063356222,0.8001423953957641,-3.908999821449906,-2.095252357155345,-1.8699940157770418,-21.59234483126147,-7.345141711919977,27.467647384455617,24.73148819056327,64.13364338370795,70.39623452207042,21.59599357416718,50.89509729036065,-0.05021710025003845,51.908825159072876
-4.144314349708346,1.495682220896105,0.8003793361433045,-3.9126351642574497,-2.0934084425948623,-1.8697570750295016,-21.35946813168818,-7.126991177124834,27.607141151784848,25.08554114797703,64.15832217330843,70.39279228067102,21.562546786723537,50.85882677523347,0.3700780277050413,51.936761140823364
-4.14925601577848,1.4989038408211497,0.8014780454232696,-3.9175768303275835,-2.0901868226698177,-1.8686583657495364,-21.553759620483522,-7.202996782173474,27.26655602608462,25.131889308282744,64.17653102762503,70.37660824532854,21.504051245928178,50.80359269498036,0.06615051791454274,51.97439670562744
-4.151120981214091,1.499704132929772,0.801470803963005,-3.919441795763194,-2.089386530561195,-1.8686656072098011,-21.298433711563455,-7.086313682746902,27.512227810904626,25.252162793096513,64.19122730129881,70.3770505125905,21.489167333684936,50.786285797568965,-0.0003537574005267885,51.98931074142456
-4.15429037122289,1.5014242662466324,0.8018402226504603,-3.922611185771994,-2.087666397244335,-1.8682961885223457,-21.430904205988945,-7.22640443840012,27.41442930024798,24.94061923526825,64.20881820698015,70.37205768537201,21.45745839792276,50.753860655607895,0.12913156425893568,52.01400184631348
-4.158091798282397,1.50363569436692,0.8027576762029929,-3.926412612831501,-2.085454969124047,-1.867378734969813,-21.499371671656785,-7.048948745055259,27.516972286577968,24.779418765081086,64.215939429203,70.3621646733644,21.411478523914855,50.714425456597205,0.03265703240403628,52.04062533378601
-4.159506922872516,1.5045513804182118,0.8030063915858892,-3.9278277374216195,-2.084539283072756,-1.867130019586917,-21.315081907972594,-6.996172678049376,27.58295916920129,25.02272476934737,64.22325519002402,70.35794818590851,21.39597089262049,50.69855731362912,0.03165701311452285,52.05325770378113
-4.162716663675256,1.506420675530727,0.803686511681199,-3.931037478224359,-2.0826699879602404,-1.866449899491607,-21.51983486499077,-7.47122708751473,27.32370137283828,24.443709311719687,64.23251610243896,70.35005572063172,21.35887034697314,50.66504782232329,0.015408857901497264,52.07743763923645
-4.16493771575849,1.5075459996418261,0.8041505482184728,-3.9332585303075938,-2.081544663849141,-1.865985862954333,-21.679010870321573,-7.20356768541291,27.46126204780676,24.203279137766494,64.23644920285416,70.34643665944091,21.333340423077406,50.64365326846977,-0.023494858332369084,52.0944402217865
-4.170405100460413,1.511084423677943,0.8061244964614203,-3.938725915009516,-2.0780062398130243,-1.8640119147113858,-20.859680269502487,-6.832161162155507,27.71114554804914,25.556361211477903,64.22990364032152,70.32526914177596,21.256649972163576,50.58454761769326,-0.05607046987469033,52.13612985610962
-4.174475353310588,1.5132416192137133,0.8070347726302385,-3.942796167859691,-2.075849044277254,-1.8631016385425676,-21.54062038618543,-6.836700963780595,27.697376244471258,24.274111050714264,64.23655326393808,70.31737217795967,21.209130042419318,50.54447484411488,0.021081184295358213,52.166687965393066
-4.17792415698492,1.5154960794883472,0.808765043148691,-3.946244971534024,-2.0735945840026204,-1.8613713680241148,-21.523446146493903,-7.161668199580401,27.440642431312078,24.280480058804798,64.21625287507744,70.30147355577564,21.152810966419317,50.50798104490341,0.03677355986455044,52.19130563735962
-4.180962282984603,1.5172260681237786,0.8095949451089046,-3.9492830975337068,-2.071864595367189,-1.8605414660639013,-21.383952132876388,-7.212446548075544,27.45437611781324,24.371120786104182,64.21799682479242,70.29359825985622,21.114983460630103,50.47711318280937,0.029963445010096734,52.21806240081787
-4.18270035722489,1.5183675315391365,0.810435036591626,-3.951021171773994,-2.070723131951831,-1.8597013745811801,-21.522120145921686,-7.356861811298442,27.418554182429055,23.969135347920755,64.20897231715621,70.28570507059209,21.087229111889158,50.45859476242706,0.192642301138358,52.23041129112244
-4.185603647368406,1.520441874995305,0.8119553219459384,-3.9539244619175093,-2.068648788495662,-1.8581810892268675,-21.33505262154406,-7.962421451610188,26.745044714142615,24.639836615450157,64.192618158234,70.27018191865153,21.03897979484001,50.426104721327874,-0.021239696115928908,52.25708222389221
-4.18770733158717,1.5212575964675736,0.8124695542823376,-3.9560281461362736,-2.0678330670233938,-1.8576668568904684,-21.333512066510814,-7.746235422708914,27.036723818390758,24.370852833958757,64.18983249964207,70.26911769239138,21.013885486131546,50.40870297858837,0.03392441617244746,52.269214153289795
-4.191480004431112,1.523977454949313,0.8147543627171004,-3.9598008189802156,-2.0651132085416544,-1.8553820484557055,-21.24524607320172,-7.419247094559499,27.280943536784093,24.432681183174235,64.1585868016657,70.24723182085957,20.946173788851965,50.36684985792377,-0.007373572906617554,52.30007362365723
-4.193350729224205,1.5251292365691942,0.81566344561127,-3.9616715437733085,-2.0639614269217734,-1.854472965561536,-21.322690284513758,-7.588964465809467,27.080893137182283,24.39256820028427,64.14759734027439,70.23957328965562,20.916395993842297,50.34773811850396,0.08018153600433475,52.312763929367065
-4.196432523881146,1.5268856123568586,0.8170488593285627,-3.96475333843025,-2.062205051134109,-1.8530875518442431,-21.13282193303549,-7.055636949963381,27.43740948466805,24.70664358367886,64.13109328598333,70.22901350867652,20.869279259178256,50.31753081769012,0.05897064951125319,52.3374400138855
-4.1989244450981005,1.5279626604421483,0.8179861705016148,-3.9672452596472034,-2.061128003048819,-1.8521502406711912,-21.46786157787098,-6.805071265009438,27.672449381648427,23.943073873361847,64.11852594719774,70.22501293253305,20.834268685301357,50.29640603547416,0.057360920354606826,52.352110385894775
-4.202312126803466,1.530413935936502,0.8201206434693239,-3.97063294135257,-2.0586767275544653,-1.850015767703482,-21.164267632237898,-7.019941181081781,27.46841002496069,24.515219348392606,64.08809436912134,70.20495135312233,20.772442015183206,50.25885802194391,-0.0492801005598551,52.38182616233826
-4.2035835013526635,1.53137341440852,0.8208409260193964,-3.9719043159017673,-2.0577172490824474,-1.8492954851534096,-21.6609132607582,-7.4444012646620195,27.042260632806986,23.829285257382804,64.0800462677432,70.197404527135,20.750634303854536,50.24417497940939,0.04797889977688552,52.39443230628967
-4.206799458270663,1.5335112618699738,0.8227640636769571,-3.975120272819767,-2.0555794016209936,-1.847372347495849,-21.365046524511893,-7.641581054089318,26.762662493794416,24.51642636261569,64.0517782902092,70.18090333669895,20.693797328885736,50.21032720139629,2.7239340922654973,52.42045259475708
-4.209560214236124,1.5348410695922399,0.8239186800023451,-3.977881028785227,-2.0542495938987275,-1.8462177311704608,-21.325790936776862,-7.290180275657744,27.107041170305862,24.36994359773779,64.03625673577343,70.17450463765658,20.65333540278245,50.18568183995359,0.11805990295472668,52.43880271911621
-4.211646498342265,1.5358857169726001,0.8248686595202537,-3.979967312891369,-2.0532049465183673,-1.8452677516525524,-21.190965297911955,-6.983247571547752,27.553859000365968,24.157694207253325,64.02257901603495,70.16887919233753,20.621507340630792,50.16678572189716,0.11651734944141356,52.45368146896362
-4.216495686755856,1.5389679090130302,0.8278433055056204,-3.9848165013049592,-2.050122754477937,-1.8422931056671856,-20.471510477017485,-6.889265744100894,27.938417784291474,24.76802340831272,63.97555651242797,70.1452109262352,20.534935695626547,50.11736864705896,2.969292488121697,52.493361949920654
-4.2211692915193515,1.5414948951342022,0.830457919146379,-3.9894901060684553,-2.047595768356765,-1.8396784920264269,-20.1063733017357,-7.279211551503928,27.709897080249316,25.192731150219004,63.931877479394224,70.12833784065492,20.455861221943564,50.0739679126385,0.01900424266171097,52.53007221221924
-4.22448167992523,1.5434811888909166,0.832594146027943,-3.992802494474333,-2.0456094746000506,-1.837542265144863,-20.575109081341495,-7.616623437192311,27.354021318519543,24.514440531884322,63.89468295137987,70.11297130786643,20.395236081224397,50.04165478072514,-0.03564487754222334,52.55588388442993
-4.235370232454815,1.548532588453158,0.8389794527535885,-4.003691047003918,-2.0405580750378096,-1.8311569584192173,-20.9119536085737,-6.797546420147315,27.905019973275923,23.74129350750764,63.77106674113654,70.08115582869632,20.20702280132079,49.949929912516815,0.012164150764540693,52.63295269012451
-4.24130019519958,1.5514778200284338,0.8430602446523304,-4.009621009748683,-2.037612843462534,-1.8270761665204756,-20.969121639501683,-6.786253003400237,27.71033477197346,23.878321478663988,63.687351529551954,70.05890312730064,20.09492856584122,49.898982035567336,0.04929299088684136,52.68880915641785
-4.244794605427339,1.553387178187225,0.8456852318262328,-4.013115419976443,-2.0357034853037423,-1.8244511793465732,-20.742800250057673,-6.618820595385122,27.791322554129184,24.28030198755748,63.63371621763132,70.04291952867891,20.025393960677967,49.867482725812145,0.23370968150825977,52.71662211418152
-4.246299996993505,1.5541129968697047,0.8468603965947209,-4.014620811542609,-2.0349776666212627,-1.823276014578085,-21.125969147229373,-7.091315444929308,27.171642935868363,24.074074118702143,63.60768386654001,70.03682917290604,19.994710271574476,49.85502368472278,-0.01630606230166798,52.72944521903992
-4.249588910647111,1.5552182473901544,0.8484978467972025,-4.017909725196214,-2.033872416100813,-1.8216385643756035,-21.05268573219549,-7.0879400289731365,27.355173729728577,23.808351190856555,63.573887486035254,70.03306513260023,19.94315581900874,49.8311967569992,-0.08405917803292162,52.75425338745117
-4.254068920825967,1.5567312696137054,0.8512790957826218,-4.02238973537507,-2.032359393877262,-1.8188573153901841,-21.04503990920238,-7.270739825077138,27.24007786431317,23.700156851549373,63.51002130119207,70.02516844844303,19.863876339099303,49.79966957047987,0.12394277506339701,52.7919385433197
-4.259060201913778,1.5589505231013705,0.8552321747372872,-4.027381016462882,-2.030140140389597,-1.8149042364355188,-20.13032038562006,-6.9580382569689,27.643718462738796,24.879209516374576,63.419592169735274,70.00665330037587,19.761648305848865,49.76036621909341,0.1102000188747354,52.835692167282104
-4.260934002486051,1.5592844813811422,0.8559450455433625,-4.029254817035155,-2.029806182109825,-1.8141913656294435,-19.98024629413213,-6.52386648335291,28.08045093799221,24.890385883738983,63.40303624936675,70.00864923477683,19.736048901469648,49.749530745799944,0.11875644640037564,52.84800934791565
-4.263680172184828,1.560356974621968,0.8583116510645649,-4.032000986733931,-2.028733688868999,-1.8118247601082411,-19.9516628250592,-6.682175737355313,27.71099174417183,25.31905206747205,63.34488963427208,69.99905806948748,19.676706429708897,49.72981313948147,0.18674368653139517,52.87325096130371
-4.267640470548258,1.560824741919565,0.8607368457774972,-4.035961285097362,-2.0282659215714025,-1.8093995653953088,-20.900737391389306,-7.115628103277468,27.540156842112147,23.317219195493696,63.27632878245793,70.0012088210674,19.607383384537915,49.7111037000495,-0.11560610822224415,52.90968990325928
-4.270068507643809,1.5616746963135084,0.8633044311578099,-4.038389322192912,-2.027415967177459,-1.8068319800149961,-20.89233651049079,-8.172963988638417,26.577631761375326,23.65997796123476,63.20813932455374,69.99138735388907,19.547103773966782,49.69553620055757,0.13544968360743148,52.93724846839905
-4.271498631399179,1.5622593775825402,0.8648552748127171,-4.039819445948282,-2.026831285908427,-1.805281136360089,-21.079907176283225,-8.46434361932636,26.283194067996508,23.45757039068146,63.16813071459252,69.98454035325824,19.511010198807302,49.685523829809114,0.10116888603926188,52.95071315765381
-4.274455683820346,1.5624462268258508,0.8667379576070052,-4.04277649836945,-2.0266444366651166,-1.8033984535658008,-20.908459340574613,-8.181138415696289,26.43916990748251,23.76386528505123,63.1122575124307,69.987422608926,19.458171268391823,49.67337241091188,-0.017589145706685017,52.97521185874939
-4.275205288242043,1.5628484209374884,0.8679278446422142,-4.043526102791146,-2.026242242553479,-1.8022085665305918,-21.1421251083805,-8.343540524341304,26.21088430029224,23.544816334900688,63.08064354467589,69.98098147255334,19.43302860171471,49.66775963843113,0.10805301354635244,52.98680257797241
-4.278208023675288,1.563439163868105,0.8704033620834898,-4.046528838224392,-2.025651499622862,-1.7997330490893162,-20.89174674665395,-7.811391301768259,26.78426221350098,23.58581338691735,63.0121571024342,69.97697218489202,19.370202531139494,49.65210110955804,0.05434306692662627,53.010823011398315
-4.28103248517494,1.5642758537487718,0.8731001700761208,-4.049353299724043,-2.0248148097421956,-1.7970362410966851,-20.464401457542973,-8.032587645521044,26.755763997118247,24.02640555166025,62.94043820362715,69.9684747289725,19.30513763989303,49.63498957470722,0.04256885693265389,53.035167932510376
-4.282152910930479,1.5644058048623959,0.8745310162500614,-4.0504737254795815,-2.0246848586285715,-1.7956053949227446,-20.33721962297302,-8.205775666178965,26.565710242580717,24.312108962333088,62.89715136387061,69.96537862368977,19.27325956675295,49.63098506693116,0.0509555100791399,53.04776930809021
-4.285167855822185,1.5647838196699666,0.8772294659510304,-4.053488670371289,-2.024306843821001,-1.7929069452217756,-20.831874363643873,-8.505701183348567,26.226200077862806,23.63701503906735,62.8184266149302,69.96244505349786,19.206731403892565,49.6178654640867,0.08642878799305542,53.07640981674194
-4.286505035356676,1.565016724840732,0.8784795997479719,-4.05482584990578,-2.0240739386502353,-1.7916568114248341,-20.995726941160946,-8.683051966602644,26.095286394156872,23.34333151131893,62.78288276502082,69.96020136099025,19.176383973337774,49.61143159332149,0.005676661773339475,53.08890414237976
-4.28928767747761,1.5655934929969593,0.8813387124765727,-4.057608492026714,-2.023497170494008,-1.7887976986962333,-21.03924285772801,-8.610008811535895,26.08961092238041,23.314367555131447,62.702211579886,69.95328883813181,19.109022611706475,49.59748118454091,-0.057592162814625425,53.114304542541504
-4.290574870920864,1.5659113405167349,0.8827170530318439,-4.058895685469967,-2.0231793229742325,-1.787419358140962,-21.122439679359537,-8.642152077170536,26.08396911375047,23.122476068676395,62.663979847890324,69.94928269028027,19.07697565485099,49.59056678380911,0.15710747748010423,53.12735724449158
-4.293601718402744,1.5663603739351781,0.8856484682354303,-4.061922532951848,-2.0227302895557893,-1.7844879429373757,-21.077222551064935,-8.246993916037457,26.58658453495106,22.762326899416976,62.57936614346212,69.94443154050968,19.006718585686738,49.57693911546537,0.09856729972779021,53.152220249176025
-4.296248722451169,1.5671153152730533,0.888509382588118,-4.064569537000273,-2.0219753482179144,-1.781627028584688,-20.790189867670716,-8.250265941333723,26.655548754812177,23.079709393555255,62.50182618883277,69.93498442636795,18.94053147888577,49.5616247701268,0.1149406580268737,53.176496744155884
-4.297962165354073,1.5679383718212037,0.890399029118493,-4.066282979903176,-2.0211522916697637,-1.779737382054313,-20.249655356722666,-8.279848221035804,26.889568796956976,23.525961005590332,62.455915795690075,69.92526918644606,18.897228985432303,49.54818423005086,0.014593156469605795,53.1885781288147
-4.300901154040596,1.568400285785451,0.8933228082174857,-4.0692219685897,-2.0206903777055163,-1.7768136029553203,-20.083672149808255,-7.79523509022362,27.368597722426664,23.52939469933193,62.372153364464964,69.91983745477879,18.827919323060065,49.53471751931094,0.012362088640869295,53.21472692489624
-4.302265038659225,1.5689393353841936,0.8949349718351934,-4.070585853208328,-2.020151328106774,-1.7752014393376125,-19.813578313190906,-7.939173560860159,27.211148743984143,24.04494866135722,62.33044892690061,69.9127266158792,18.79166297413882,49.525412914826646,0.0813183812540279,53.227274656295776
-4.304980747149743,1.5696714603203452,0.8979324885605396,-4.073301561698847,-2.019419203170622,-1.7722039226122663,-19.75265615048143,-8.445560875258348,26.64760540373984,24.384059867845245,62.248821803517245,69.90308287761864,18.72292028878342,49.510149830572914,-0.03373597319215804,53.25248050689697
-4.307651073918244,1.5704749421482487,0.9009131363933868,-4.075971888467347,-2.0186157213427185,-1.7692232747794192,-19.89838715714063,-8.32998864685977,26.615015082129,24.29485073910486,62.16904630151521,69.89256384206067,18.654875509985274,49.49426902666969,-1.026188346973579,53.276299715042114
-4.309349196581387,1.571001383962987,0.9028736831168384,-4.07767001113049,-2.01808927952798,-1.7672627280559676,-19.95135322269662,-8.453204332983018,26.387949884577647,24.389223255575416,62.116602708289285,69.8853776175769,18.610562105045457,49.484093301508864,0.10758830089259508,53.291990518569946
-4.311294134637546,1.5715482671687175,0.9047452815955038,-4.079614949186649,-2.01754239632225,-1.7653911295773022,-19.77673231464076,-8.21528241728153,26.656137758709914,24.491975724226965,62.067571380416084,69.8795978757519,18.566042726370743,49.47240927040145,-0.06762354979442087,53.30741882324219
-4.315044247007018,1.5728053973851015,0.9087121440709324,-4.083365061556122,-2.016285266105866,-1.7614242671018736,-19.55574258733815,-8.023931877768353,27.01626702668543,24.43153233421183,61.965227269905114,69.86457017703337,18.474430319541675,49.44825685883053,0.08374001755997718,53.33839464187622
-4.31616253280503,1.5730914292913458,0.9100431178928455,-4.084483347354133,-2.0159992341996213,-1.7600932932799604,-19.88269587604577,-8.379103856667731,26.675147590429386,24.0031098848948,61.928654617054875,69.86022449181146,18.444631516430437,49.44223059384465,0.08269202854666613,53.35172176361084
-4.319195024515243,1.5740558114484904,0.913326464029954,-4.087515839064346,-2.015034852042477,-1.756809947142852,-20.272350067618007,-8.329618375885298,26.53045166010987,23.60822275424166,61.84301028440659,69.84818049894477,18.36939775547637,49.42331752371131,0.1502679129269371,53.378662109375
-4.320866679280407,1.5746854369829726,0.9151494318554853,-4.08918749382951,-2.0144052265079946,-1.7549869793173207,-20.815621321967477,-8.709561605207208,26.05044063788974,23.016556677795776,61.79709022458636,69.8404813605685,18.327792768521203,49.411847922653585,0.12049409050180682,53.39399719238281
-4.321904400119421,1.5749562738597678,0.9164321916848474,-4.090225214668525,-2.0141343896311996,-1.7537042194879586,-21.162837597719292,-8.843664344991971,25.613306225200876,22.984481983149482,61.76191046136607,69.8361318556722,18.29940620037036,49.40624339644567,-0.11978710895055666,53.40635585784912
-4.325664713336706,1.5762500032078228,0.9200612979950097,-4.093985527885809,-2.0128406602831443,-1.7500751131777963,-20.607566384839878,-8.175984836577122,26.415219853656836,23.30343907736003,61.67178336260507,69.82242544499263,18.213744429401082,49.3809444260228,0.008288103279427084,53.43612313270569
-4.3276253760258845,1.5775564392951926,0.922314773463972,-4.095946190574987,-2.011534224195775,-1.747821637708834,-19.784175252891075,-8.02060263928793,26.848563101909928,24.09776102375509,61.62394101532726,69.80709947836549,18.1634381608976,49.36155051223956,-0.05040154247484807,53.448615074157715
-4.332888597033327,1.579279033670586,0.9275295276292527,-4.10120941158243,-2.0098116298203816,-1.7426068835435533,-19.767590573509473,-8.208175096815483,27.00643591501911,23.53661331798732,61.492893735089226,69.788066964306,18.041580891024452,49.32716541544916,-0.036244274603288495,53.49275827407837
-4.336525546720999,1.5804413568503435,0.9317527177553967,-4.104846361270102,-2.008649306640624,-1.7383836934174093,-20.73225384766435,-9.433139730408875,25.71869770143011,22.535969504781104,61.3829416299826,69.77197590709854,17.947207045487687,49.30459207623359,0.007170396973264381,53.530511140823364
-4.3395728507184215,1.5821693589770065,0.9354679904699191,-4.107893665267524,-2.006921304513961,-1.7346684207028868,-20.185980213626216,-9.48363196120959,25.898008606818227,23.0021014181753,61.298031782858644,69.75005900038607,17.865698595132216,49.27784211272308,-0.005805606321381163,53.55515670776367
-4.341184554342128,1.5824260284396985,0.9368528645655513,-4.109505368891232,-2.006664635051269,-1.7332835466072547,-20.270586074671602,-9.281992952550262,26.12518750709678,22.71404864407993,61.260415994403665,69.74798882758392,17.831921502486626,49.26981719846533,-0.08665312827362737,53.56786632537842
-4.344342848587465,1.5835012206872128,0.9403341924515324,-4.112663663136569,-2.0055894428037546,-1.7298022187212736,-20.340565965834625,-9.282463064576316,26.19193781518155,22.43297067166128,61.17249592976603,69.73426843771043,17.753349396416148,49.249109840612356,0.008893480211892957,53.593408823013306
-4.345641030384995,1.5838739199755276,0.9419757257536966,-4.113961844934098,-2.0052167435154398,-1.7281606854191094,-20.22881316615104,-8.92498260851971,26.539428345666803,22.443581208073045,61.128784171650224,69.72821747102296,17.717541679132427,49.24163841051071,0.11551503324128642,53.606871366500854
-4.3487967244593415,1.5852803710955032,0.9461427724723371,-4.1171175390084445,-2.003810292395464,-1.7239936387004688,-20.38873428724099,-9.327433085230476,26.086573053888806,22.390661688244606,61.02558339495022,69.70761620746887,17.627912468082947,49.2183524458502,0.05561204967487221,53.63480067253113
-4.350308540095076,1.58598439787538,0.9481413453635515,-4.11862935464418,-2.003106265615587,-1.7219950658092544,-20.471103741554767,-9.469538387087544,25.869225587584562,22.414042239737945,60.97670926847181,69.69742813107167,17.58499117811339,49.206854762739376,0.10078161613674919,53.64746141433716
-4.354317543138538,1.5877248932233308,0.9524726031963607,-4.122638357687641,-2.0013657702676366,-1.7176638079764452,-19.491793752100186,-8.408588045730276,27.173667232707768,23.063447214679652,60.87514463208683,69.67668414577477,17.487319182697963,49.176239848761426,-0.8697243263777379,53.67323565483093
-4.355788212520829,1.5883079650272582,0.9547152251647658,-4.124109027069933,-2.000782698463709,-1.7154211860080402,-19.659056194305,-8.478013705975629,27.16291714819604,22.69271801890816,60.81704518957729,69.666205288234,17.440632396850493,49.16652815387773,-0.8715111022024775,53.68839073181152
-4.358504977757195,1.5894847538304357,0.9585836773378443,-4.126825792306299,-1.9996059096605316,-1.7115527338349616,-19.677267331855088,-9.18376493477814,26.530229083911884,22.810230136916175,60.7200325949719,69.6472769371129,17.359067214493994,49.14708391703992,0.14338029284538845,53.71319079399109
-4.362459384905641,1.5909391295090771,0.9628024507053988,-4.130780199454745,-1.9981515339818903,-1.7073339604674072,-19.637724736158454,-8.950896166374129,26.91471430572619,22.45013361185929,60.61810358067569,69.62962376005898,17.263794177224042,49.119449952314476,0.008298064631617308,53.739784240722656
-4.363541794948939,1.5913868050191184,0.9647309591456751,-4.131862609498043,-1.997703858471849,-1.705405452027131,-19.469077656149377,-8.915145767426568,26.967682194391877,22.662607236842316,60.56754542473551,69.62024154448683,17.224915358188753,49.11243621320886,-0.13862580187690288,53.752601146698
-4.369392511720271,1.5940278575109343,0.9721169875761712,-4.137713326269375,-1.995062805980033,-1.6980194235966348,-19.118308872265096,-9.057526577834178,26.98856606271924,22.916786708015117,60.39119305380131,69.58325973607953,17.065612047287214,49.067749991448146,0.09417744013185203,53.795186281204224
-4.370810625698423,1.5946885470880678,0.9741805825865552,-4.139131440247527,-1.9944021164028995,-1.6959558285862508,-18.976520926463735,-9.081878747333029,27.02947141768876,23.022529259258604,60.34070475903878,69.5726452083978,17.022527024776284,49.05704619936316,0.05021756296538982,53.8076229095459
-4.374307991650956,1.5959769780164983,0.9785868789728848,-4.142628806200059,-1.993113685474469,-1.6915495321999212,-19.680436192567814,-9.349532505380985,26.67696761809242,22.079239789400088,60.23146752094432,69.5533722804455,16.927488473243187,49.033295960436256,0.05126552873042378,53.83533477783203
-4.37624306558276,1.5964401339667662,0.9804676777118316,-4.144563880131864,-1.9926505295242012,-1.6896687334609743,-19.505386042137122,-9.053067310603705,27.06836167462365,22.032543273027308,60.18379862195008,69.54807254020339,16.884048447499467,49.022037978531664,0.05912691930491398,53.84777235984802
-4.379382472646849,1.5980847018786417,0.9852659213630207,-4.147703287195952,-1.9910059616123257,-1.6848704898097853,-19.287724983579956,-9.303971832337698,26.789355183971466,22.48982561173289,60.069103886943275,69.52152598692732,16.78523158715843,48.99655129308543,0.0644186276971297,53.87472462654114
-4.381388191085601,1.5986743403342416,0.9873790479710073,-4.149709005634705,-1.9904163231567258,-1.6827573632017987,-19.174993661596318,-9.11762160799251,26.949555601916263,22.593504987015116,60.01689400930353,69.5140797545959,16.737663933505466,48.98388354688255,0.06267266459049647,53.88771677017212
-4.385185089832671,1.6001139327767469,0.9925969268260765,-4.153505904381774,-1.9889767307142205,-1.6775394843467295,-19.793321309368963,-9.08805527446213,26.823158267678338,21.749925536538093,59.887352089446416,69.49035034232679,16.627724758601747,48.95800614964265,0.12883738157257074,53.918285846710205
-4.3867271079776495,1.6007770456630104,0.9948537640871676,-4.1550479225267525,-1.988313617827957,-1.6752826470856383,-19.85602215618983,-9.397188330601043,26.428236757635123,21.908636299101662,59.832112706840334,69.47920809226478,16.580886799182906,48.94681144217062,0.0050085408358171435,53.93097138404846
-4.390193691073887,1.6022287580012613,0.9992846843429656,-4.15851450562299,-1.986861905489706,-1.6708517268298404,-19.374076959757012,-9.115898831092318,26.71317949992372,22.491168603175346,59.72676395099347,69.45794533377922,16.486331255637417,48.921169590962286,0.0012508652516309837,53.955724239349365
-4.39214961168423,1.6028046994390504,1.0017777264959187,-4.160470426233333,-1.986285964051917,-1.6683586846768872,-19.30213064954642,-8.873518378456493,26.95586854318837,22.46201596409568,59.663618943467355,69.44831450623428,16.432978650337994,48.90925810174796,0.06500104966110154,53.970959424972534
-4.397854326840492,1.6049513992246283,1.0094810484476446,-4.166175141389595,-1.9841392642663391,-1.6606553627251615,-19.380262391481683,-9.08776532873347,27.00202564293801,21.896800845040136,59.47526887302354,69.41335517492777,16.270759045781606,48.869951028485104,0.13854292504661192,54.01451325416565
-4.399319406896716,1.6057639219325432,1.0120141091007855,-4.167640221445819,-1.9833267415584241,-1.6581223020720204,-19.264030997157626,-9.253314689383824,26.925177538134907,21.993927939918375,59.41514618533661,69.3988751538002,16.22013921997004,48.857725892934056,0.047306398763532265,54.02751588821411
-4.402698161175774,1.6073112126876563,1.016744381178408,-4.171018975724878,-1.981779450803311,-1.6533920299943978,-19.300139292909417,-9.33616386253597,26.86936011151042,21.86594983641835,59.304133026006056,69.37457085879508,16.12170441516624,48.83157081816086,0.010492366417911292,54.05271363258362
-4.407326234100887,1.6088633782714503,1.0231536587510828,-4.17564704864999,-1.980227285219517,-1.6469827524217233,-18.867041265608613,-9.378244524922572,27.12165399389825,22.022487599295427,59.14526002661203,69.34702094547586,15.987803995648964,48.80159004836291,0.0758928452024783,54.090362787246704
-4.410151186322534,1.6095288490106183,1.0269691403234926,-4.178472000871638,-1.979561814480349,-1.6431672708493135,-19.294557238523534,-9.668672821456898,26.801089869536334,21.458787120966797,59.04671927791862,69.33337220273009,15.907564960046267,48.786114409215216,0.05435328678248297,54.11476922035217
-4.413329420208799,1.6108625771083356,1.0317949731546894,-4.181650234757903,-1.9782280863826318,-1.6383414380181165,-19.63588410752902,-10.08169499691357,26.34636099397807,21.109035291556513,58.93060875320586,69.30952632691718,15.80900123272731,48.76302915418657,0.017670574925675808,54.14035964012146
-4.415136789223881,1.611526311069914,1.0339014989772393,-4.183457603772985,-1.9775643524210533,-1.6362349121955666,-19.393362581101133,-9.837448390133904,26.539511054737996,21.433796551889028,58.881709784975634,69.30032221228596,15.763511171540834,48.75013071074844,0.034674955119954554,54.15271806716919
-4.416674547722645,1.6120956248488316,1.0361991607310754,-4.184995362271748,-1.9769950386421358,-1.6339372504417304,-19.28532490430562,-9.786226602264593,26.70897206220407,21.364791020987468,58.82558500487856,69.28968851392791,15.71645001280795,48.73968377376354,-0.01871375593167013,54.165621280670166
-4.420077705197425,1.613278695097829,1.0406529034031067,-4.188398519746528,-1.9758119683931383,-1.6294835077696994,-19.164116493094305,-9.797776523043186,26.70989381540559,21.480751723577363,58.718694337846394,69.27029935013185,15.622802608806897,48.71659686875507,-0.02224596965191239,54.19075393676758
-4.42303549153474,1.6144005903563996,1.0449704164009148,-4.1913563060838435,-1.9746900731345678,-1.625165994771891,-19.05392383766805,-9.643918280733052,26.897491753477517,21.477426953017318,58.61481857358979,69.25009535220548,15.534177195087365,48.6959843273239,-0.016242873731986407,54.21549987792969
-4.424490008979671,1.6148019693581868,1.0468585458453905,-4.192810823528775,-1.9742886941327806,-1.6232778653274156,-19.298241104571417,-9.642435000132505,26.934188579107868,20.990163936412518,58.56807653639587,69.24285270687236,15.494404007104874,48.68716395522337,0.029253017505387113,54.22767210006714
-4.427705610495046,1.6159535184978788,1.0513260269574092,-4.19602642504415,-1.9731371449930886,-1.6188103842153967,-19.149358899142026,-9.665917094254084,26.881820676640473,21.232719386242206,58.46107134446796,69.2227238312871,15.401909451708422,48.66512930129067,-0.016468697193214865,54.253363847732544
-4.4376224636385615,1.6195587571836962,1.06543306373321,-4.205943278187665,-1.9695319063072712,-1.6047033474395962,-19.264231980122595,-10.086411704419412,26.530320808633757,20.946396304024724,58.12505502006045,69.15813446062869,15.111945621387385,48.59653257046651,0.07108023691497145,54.3380081653595
-4.439789138674572,1.6202143890925218,1.0679056570596215,-4.2081099532236745,-1.9688762743984456,-1.6022307541131846,-18.94379269653967,-9.791216490338192,26.76011863763614,21.387744177689395,58.06720606543013,69.14858999527998,15.058727480747844,48.582222334535395,0.09257530878001408,54.35324263572693
-4.441401811593418,1.6210993440659767,1.070342137601339,-4.209722626142521,-1.9679913194249907,-1.599794273571467,-18.4034766792104,-9.474956333177534,27.152802515621634,21.958128635225712,58.01412925968434,69.13448232526449,15.009619394866537,48.567949975172056,0.0295042965555794,54.3658881187439
-4.446289953311185,1.6225010364758994,1.0764816939418833,-4.214610767860288,-1.966589627015068,-1.5936547172309228,-18.428140705102955,-9.48463419081889,27.283367390227458,21.603904824065474,57.86711108714008,69.11050573070347,14.880443648894824,48.536951126799195,-0.012701710793679766,54.40703105926514
-4.450212423806836,1.6234618946170456,1.0806000423933546,-4.21853323835594,-1.9656287688739218,-1.5895363687794513,-19.151980689722038,-9.500249964481728,27.27953055824466,20.30911440526076,57.769599607726505,69.09724019512824,14.79020841299109,48.51291658700882,0.059184298288933235,54.43417716026306
-4.453758423679052,1.6253530240437297,1.0868781048928886,-4.222079238228156,-1.9637376394472377,-1.5832583062799173,-18.42423650346536,-9.937111600431983,26.966886381134014,21.452982348144644,57.62757942633943,69.06152138584243,14.667383946545627,48.48278708473376,0.016633724038903175,54.47253370285034
-4.458129630945477,1.6262734544820026,1.0921043771425678,-4.226450445494581,-1.9628172090089648,-1.578032034030238,-18.471102629763454,-9.584536914218843,27.341270605909873,21.094634101951858,57.4994059384347,69.0444910651775,14.556481342525933,48.45806949463808,0.1442305423696597,54.50980472564697
-4.461048177192047,1.6274535315077838,1.0969792848835902,-4.2293689917411506,-1.9616371319831836,-1.573157126289216,-18.940831234032718,-10.449399859223998,26.415895826015724,20.786970725272425,57.385231911864665,69.02012179042254,14.460131971748062,48.43682105892638,-0.04243313931377557,54.539148807525635
-4.463004190765506,1.6283902113268929,1.0993785532182234,-4.231325005314609,-1.9607004521640745,-1.5707578579545827,-18.35307255217461,-10.221573667150636,26.837553292069344,21.268472605075505,57.33564953656966,69.00730877758126,14.410133352932302,48.42015839879574,0.025841562206641022,54.55178260803223
-4.465120684490197,1.6287069555305222,1.1017280763211348,-4.2334414990393,-1.9603837079604451,-1.5684083348516713,-18.484937486315566,-9.775402112842887,27.178677144580877,20.982739863767375,57.27690234608989,69.0012138871832,14.35948361814266,48.40930264122344,-0.07431375472774171,54.566813230514526
-4.467526995853843,1.6296203375046938,1.106078678245893,-4.235847810402947,-1.9594703259862736,-1.5640577329269132,-18.66678708790339,-10.197005685637755,26.724993395250745,20.894063934939215,57.17323926825063,68.97975036464126,14.274683759362299,48.39260795890606,0.11487978746542371,54.59224486351013
-4.473008820676447,1.6312002703092687,1.1125968574517713,-4.24132963522555,-1.9578903931816987,-1.5575395537210348,-19.128169156423347,-9.715890555398149,27.153569083449838,19.86212887669338,57.023249461312865,68.95448255189505,14.137429454199225,48.35662198104842,-0.007412452906960354,54.62938356399536
-4.4757744399471875,1.6319774941414866,1.11715243964866,-4.244095254496291,-1.9571131693494808,-1.5529839715241458,-19.548875017996078,-9.515081952960482,27.138191614843958,19.326149475346167,56.91263051571221,68.93472306058365,14.047305418774549,48.339762117482415,-0.12320723829425617,54.65587377548218
-4.476577623881986,1.6326289160939778,1.1201225276732787,-4.24489843843109,-1.9564617473969896,-1.5500138834995274,-18.863753385422264,-9.932996323416127,26.760513991970406,20.647189223315277,56.84271102897865,68.91577516867666,13.994312705212554,48.33177958086971,0.05763850384542568,54.67136192321777
-4.481180069435962,1.6338674775719721,1.1272401195799246,-4.249500883985066,-1.9552231859189952,-1.5428962915928814,-19.02728215323476,-9.570065671952827,26.868729371884744,20.522506842172042,56.671578896993246,68.88589797617773,13.852184510526126,48.30369052221809,0.0385509620229616,54.709797382354736
-4.488306523929235,1.6367436371714061,1.1404440407925622,-4.256627338478338,-1.9523470263195613,-1.5296923703802436,-20.03691862158505,-11.330005229201587,24.78590207121737,20.12661383827537,56.365906957206505,68.81833976400046,13.597450053866027,48.25147482380257,0.014845862619679906,54.77464509010315
-4.489929677635831,1.6371900216923163,1.143655735300099,-4.258250492184935,-1.951900641798651,-1.5264806758727072,-21.028448955257044,-11.48158505953508,24.428974461306243,18.934730656135965,56.28754138636321,68.80362059078098,13.535908348317497,48.24189586579801,0.031464066356495124,54.790900468826294
-4.494950025869577,1.638319977066234,1.1528420318235666,-4.263270840418681,-1.9507706864247334,-1.5172943793492393,-19.683694449021036,-10.569344199281772,24.855179563147477,21.28522439174002,56.06199040318879,68.76450219047655,13.357845251979,48.21415006254903,-0.03088832924335705,54.838277101516724
-4.49661476891777,1.6384509818761575,1.1551498822809085,-4.264935583466873,-1.95063968161481,-1.5149865288918976,-19.18047243708452,-9.90567153776692,25.542958383047612,21.724472184426876,56.00306115779534,68.757922006603,13.310814941586283,48.20691259349729,0.023986203221463498,54.85098886489868
-4.498198816547955,1.6389464567519356,1.158304062566816,-4.266519631097058,-1.9501442067390318,-1.51183234860599,-19.00661114056692,-9.941275317749243,25.85212183111483,21.44529858609361,55.92789507342792,68.74280937603761,13.250635915101837,48.196799462911486,0.021840119240104983,54.86606979370117
-4.5003596602370814,1.6399284543661912,1.1634849015657411,-4.268680474786185,-1.9491622091247762,-1.506651509607065,-19.933706760724874,-11.35099834837429,24.569556903457354,20.368434462362806,55.807560432255784,68.71435978911681,13.154392791561985,48.18035828508381,0.09328399089365202,54.89209246635437
-4.50175812624508,1.6399797966640266,1.1657403542014153,-4.270078940794183,-1.9491108668269408,-1.5043960569713908,-19.886419465111604,-11.383235038127903,24.900718737173403,19.874553049851922,55.74890683880256,68.70747365551016,13.109651457223414,48.17507716225615,-0.03940993626243827,54.90471649169922
-4.506446080034081,1.6421628642453865,1.1746376098232374,-4.274766894583184,-1.946927799245581,-1.4954988013495685,-19.075681616977004,-11.676421792946108,25.21911478481854,20.210927561858036,55.552949335531615,68.65870416117228,12.939986053815453,48.13680864398215,-0.04603179843494232,54.94610071182251
-4.509738064925958,1.6428143222588187,1.1801217673954727,-4.278058879475062,-1.9462763412321487,-1.4900146437773334,-18.293929676402833,-10.734499529927168,26.53682761671936,20.377156907439506,55.42077511407585,68.63663810499844,12.832632953547382,48.118641953416805,0.030138424164570132,54.97364687919617
-4.511423162984427,1.642847839443924,1.1822017620772942,-4.2797439775335295,-1.9462428240470433,-1.4879346490955119,-18.00078568555945,-10.133021285310736,27.27605774942608,20.311435221714373,55.36719834743968,68.63220568604395,12.789416568669342,48.111993639478854,0.014838496271210921,54.98556661605835
-4.513475320985241,1.6434127306269257,1.1871535359222691,-4.281796135534345,-1.9456779328640417,-1.482982875250537,-17.81161797917207,-10.054326792304249,27.40446924384044,20.45930606656135,55.24760927641703,68.60804469766374,12.697390504118136,48.09996020278649,0.03981015661223086,55.01272988319397
-4.515151208504532,1.644400949422824,1.1906255658407612,-4.283472023053636,-1.9446897140681434,-1.4795108453320447,-17.587099361477193,-10.003426970412123,27.464290754929134,20.748974970253197,55.174624577458246,68.58699387369428,12.632369514407635,48.08408417338371,0.03714197311792855,55.02765727043152
-4.517635802672512,1.6449169234715406,1.1951769260763037,-4.285956617221616,-1.9441737400194268,-1.4749594850965024,-17.904695726619405,-10.130282401563415,27.394809297904978,20.157444880475314,55.06556613333098,68.5675848820143,12.544778375557147,48.07019236295192,-0.11124435652795661,55.053685903549194
-4.5188252124938915,1.6454079388497689,1.198081021713314,-4.287146027042995,-1.9436827246411985,-1.472055389459492,-18.217871049820744,-10.665083950663432,27.0166106843185,19.640731065599212,54.998854734649846,68.55188323729028,12.491154647195515,48.06139539394048,-0.11322067389632107,55.06858515739441
-4.521867379669649,1.6465562748709737,1.2030257396985586,-4.290188194218753,-1.9425343886199937,-1.4671106714742475,-17.70990111086169,-10.323755468239117,27.677457563445046,19.712970857238894,54.89161924604726,68.52721526175499,12.395074129481397,48.038352993013376,0.04266681768592129,55.093327045440674
-4.522596507126043,1.646716365373464,1.2056021113584112,-4.290917321675147,-1.9423742981175034,-1.4645342998143949,-17.9786407486591,-11.013777347112596,27.009517241624376,19.575152297494274,54.82772529935937,68.51411314921188,12.348883653668773,48.03492343675492,0.07397153508033494,55.10910391807556
-4.5247898724995155,1.6475715295796591,1.2101728744057798,-4.293110687048619,-1.9415191339113083,-1.459963536767026,-18.667720731051606,-10.956859786456656,26.69446997274118,18.99363171081701,54.72522214083905,68.49012667443857,12.263082432674393,48.01856786782162,0.05202618717265306,55.133240699768066
-4.526322317149668,1.6479530917958276,1.2128879087398365,-4.294643131698772,-1.9411375716951398,-1.4572485024329696,-19.221454411127336,-10.689709340101151,26.51543552821462,18.635656638580873,54.66235264666368,68.47805409160937,12.21082754375622,48.00911147485118,0.10183115456784986,55.148441314697266
-4.528277841168945,1.649072207945717,1.2182741351677238,-4.296598655718048,-1.9400184555452504,-1.451862276005082,-18.970508677003693,-10.265076131187818,26.53242647645066,19.46212549886583,54.5439776808667,68.44577255525768,12.11315161182341,47.991426427789655,0.032350297858132926,55.17763829231262
-4.532928325472952,1.6510609678882695,1.2283342591174353,-4.301249140022055,-1.9380296956026979,-1.4418021520553705,-19.12456066285109,-11.127589115559546,25.974638229839588,19.07361716956776,54.32284528787024,68.39100007216975,11.925765066418812,47.95464812199459,-0.030999602365632484,55.23280715942383
-4.533907184453034,1.6512424675286976,1.2305102835752817,-4.302227999002138,-1.9378481959622698,-1.4396261275975242,-19.021618708052767,-11.254870190599306,25.958367589730162,19.105393543117454,54.27078084366579,68.38115198495929,11.88508703627306,47.94942556372533,-0.032341613508796385,55.246830463409424
-4.535182855118661,1.6518046459286109,1.2332638897191286,-4.303503669667765,-1.9372860175623565,-1.4368725214536775,-19.210050611996095,-11.697947529920501,25.56780136855107,18.91586688770594,54.21097312146066,68.3659869377427,11.83387217455967,47.93908639717927,0.059553864624052544,55.26112341880798
-4.539313764805939,1.6531539584032446,1.2430605167990927,-4.307634579355042,-1.9359367050877228,-1.4270758943737134,-19.721664212669303,-11.515601545543722,25.59780599855045,18.167142296269237,53.987394213805175,68.3156017543011,11.652989207664602,47.91092843751089,-0.054765159492612625,55.31346821784973
-4.542635348299425,1.654197237385618,1.2514067290647044,-4.310956162848528,-1.9348934261053494,-1.4187296821081015,-20.140507558127332,-11.617438013886721,25.13984404990413,18.05498125460241,53.796173191017864,68.2725134961123,11.499875492798985,47.88876123249107,-0.09766778971434142,55.35734272003174
-4.5439523854392805,1.654330045999762,1.2537044462010276,-4.312273199988384,-1.9347606174912053,-1.4164319649717785,-19.905517973307855,-11.462749593115605,25.41939296451008,18.122965254689973,53.7411214181104,68.26386487988738,11.455590786762748,47.88240893789145,-0.02867085885033749,55.370394706726074
-4.546995163775525,1.6550224089724894,1.261140783492428,-4.3153159783246275,-1.934068254518478,-1.408995627680378,-19.84040925880357,-11.782155068070319,25.361874604416688,17.917209895671927,53.5677413379493,68.22775009687831,11.318610822882754,47.86457725745528,-0.04266206748282997,55.40876865386963
-4.549056415676448,1.6554721279568965,1.2661582048342988,-4.317377230225551,-1.933618535534071,-1.4039782063385071,-19.660176221722,-12.05702553840754,25.47904932695807,17.683128101314573,53.45094753156235,68.20350810748018,11.226186754055375,47.852602481951344,-0.07390644432947369,55.43437957763672
-4.550287562339153,1.6556493905769614,1.269273801988005,-4.318608376888257,-1.933441272914006,-1.4008626091848009,-19.766954312084124,-12.287272431173825,25.265491828576852,17.584524443267508,53.376766040048615,68.18906114620634,11.16891362057061,47.84644078356783,-0.005374615925642701,55.450090169906616
-4.553496529568992,1.655970991101643,1.2767551652635825,-4.321817344118095,-1.9331196723893245,-1.3933812459092236,-19.73053446936353,-12.053012105737166,25.328381756485335,17.72828893589878,53.197475657684635,68.15636543264975,11.03011534436818,47.83146948407433,-0.10356926888905615,55.48914647102356
-4.557320246440647,1.6560632064544651,1.2853811711993095,-4.325641060989751,-1.9330274570365023,-1.3847552399734964,-20.035887470665504,-12.390598079628303,25.15641474527955,17.075634665755132,52.986826247589136,68.12144070649599,10.869250178529589,47.816395881006926,-0.02394058485174888,55.534266233444214
-4.558716913455871,1.655917014528018,1.2876590562518784,-4.327037728004974,-1.9331736489629494,-1.3824773549209275,-20.226298668515113,-12.291132173682591,25.203600401686092,16.76196430248763,52.92844520151252,68.11546490935176,10.824748965918827,47.812403159947905,-0.2503070795490423,55.546709060668945
-4.561320870129945,1.6558401587337328,1.2931465717106554,-4.329641684679049,-1.9332505047572346,-1.3769898394621507,-19.973087162045047,-12.386404981614069,25.278822639877358,16.9012444452275,52.79280752048262,68.09506834639801,10.72153881863192,47.80331001001734,0.02353585500412425,55.57605838775635
-4.56227592102201,1.65599900873334,1.2959065312382556,-4.330596735571113,-1.9330916547576273,-1.3742298799345503,-19.933705569363877,-12.57067054996849,25.12126650751376,17.00727511375309,52.72820877737564,68.08143558531295,10.671577028824586,47.798243689245616,0.02191118011012705,55.58923888206482
-4.566360548964804,1.655644905124634,1.3042861747735484,-4.334681363513907,-1.9334457583663334,-1.3658502363992575,-19.956704911359733,-12.991407225979403,24.928926351013867,16.753807675589094,52.518017740665115,68.05256888898994,10.513307302923987,47.78613361063484,-0.02936879683513105,55.631696939468384
-4.56752823759268,1.6553975470241251,1.306658696387712,-4.335849052141784,-1.9336931164668423,-1.3634777147850938,-19.946431538164838,-12.853502789063157,25.028060944143718,16.73273953859556,52.45601200986765,68.04563679457736,10.46826119231079,47.7841783309961,0.11494762431920602,55.644397020339966
-4.5701354756180805,1.655351032783686,1.3122699189346227,-4.3384562901671835,-1.9337396307072814,-1.3578664922381833,-20.047195455423438,-13.24712840223263,24.761901882262872,16.532634291735537,52.31944490933834,68.02396231566279,10.363261393538208,47.774478578566786,0.008679034250006268,55.66985583305359
-4.573162507987684,1.6548436113840177,1.3175214317823003,-4.341483322536788,-1.9342470521069497,-1.3526149793905058,-19.9389828009186,-13.216477691628143,24.93184115685267,16.40563674490485,52.18378360556358,68.01024471870312,10.261725387792536,47.76752435875346,0.001452548796178732,55.696004152297974
-4.57430515970023,1.6545442204899132,1.320291953408553,-4.342625974249334,-1.9345464430010542,-1.3498444577642528,-19.917832172524715,-13.486658800313489,24.778800893587466,16.37744898948341,52.11161869371126,68.00106565562324,10.210187362589473,47.76626407252139,-0.0514570483221819,55.70893168449402
-4.577737605355615,1.6542284433692902,1.3264590219822896,-4.346058419904719,-1.9348622201216772,-1.3436773891905165,-19.780905500587615,-13.478924516948473,24.87352327496799,16.38303291377119,51.95810940686742,67.98189591920041,10.092061721059265,47.755529405010826,0.0485922213059613,55.73622226715088
-4.579150431120279,1.6540094674546868,1.3291744768887406,-4.347471245669382,-1.9350811960362806,-1.3409619342840653,-19.665293962772445,-13.436211537775067,24.957400027678126,16.448642496767576,51.88918458210266,67.97360851228594,10.040404597611909,47.75207205102462,0.11763461277815335,55.74893403053284
-4.582711795212979,1.6533999739896321,1.3362057175504534,-4.351032609762082,-1.9356906895013353,-1.3339306936223525,-19.782882434739214,-13.386365533505783,24.680551379818734,16.67710753900769,51.710372302409034,67.95193134012119,9.907098929354888,47.74391677131994,0.11421667955919013,55.779412269592285
-4.584566824394287,1.6531671994695787,1.3397075033316592,-4.35288763894339,-1.9359234640213887,-1.3304289078411466,-19.558136127501804,-13.200457693055005,24.850594369390766,16.918556255265866,51.62290309703685,67.94088798813253,9.84050471327228,47.738670941575066,-0.1362004052461776,55.7949652671814
-4.5861563266559395,1.6528526218969108,1.342415470809569,-4.3544771412050425,-1.9362380415940565,-1.327720940363237,-19.839241351532216,-13.187369630299138,24.768916186011598,16.58895481258776,51.55295372247308,67.93416253018209,9.788145946968907,47.735296861089985,-0.08116196150960064,55.80689024925232
-4.591761826299536,1.65224215546266,1.3523652097820187,-4.360082640848639,-1.9368485080283073,-1.3177712013907874,-19.40732990742214,-13.185669572077101,24.854737451473568,17.01693759845829,51.30677933751293,67.90369275084566,9.597833481473721,47.71801413047473,-0.03926268568945268,55.84840965270996
-4.595154481190275,1.6515547798709944,1.3587758399419259,-4.363475295739379,-1.937535883619973,-1.3113605712308802,-19.635421981971753,-13.359058723364447,24.745948631777832,16.583844260184648,51.143381048712314,67.88525295792012,9.475861084746155,47.71085518139628,0.0234106843612496,55.87594938278198
-4.5973981750787685,1.6512323033838772,1.3618060492285764,-4.365718989627871,-1.9378583601070902,-1.3083303619442297,-19.792373070837897,-13.282422304736833,24.755726585377317,16.35754235127416,51.06659560051078,67.87952351842681,9.415517020979397,47.70442800402512,0.04073789067244338,55.88879609107971
-4.600700826843932,1.650641224436988,1.3687644385328328,-4.369021641393035,-1.9384494390539795,-1.301371972639973,-20.02134899328244,-13.382950793713325,24.35980454653492,16.447791150759137,50.89289754170803,67.85623654301871,9.28518339002444,47.69657554866204,-0.07991987415687607,55.9181866645813
-4.602266000424895,1.6504190361647486,1.37176980650589,-4.370586814973998,-1.9386716273262188,-1.298366604666916,-20.111912045861853,-13.620451673741563,24.066750322263992,16.483517615341626,50.81874285040083,67.84653036272826,9.228393326184129,47.69214421201223,0.049970978933285615,55.930697441101074
-4.606264117902686,1.6498394408712829,1.3785826118202142,-4.37458493245179,-1.9392512226196845,-1.2915537993525916,-19.730214622640762,-13.175535881151319,24.333467854107536,17.042287641343492,50.649835494295594,67.82718827146833,9.097747929329456,47.68071036597776,0.04666633371185913,55.95968437194824
-4.608572759621479,1.6495036209116734,1.3820206944619335,-4.376893574170582,-1.939587042579294,-1.2881157167108723,-19.908254501368983,-12.957703833852628,24.31143787434317,16.983500597778033,50.564120859196606,67.81910994930209,9.030598775680325,47.673992724681646,-0.0018928419929791218,55.97480821609497
-4.610357162220867,1.6494454659068687,1.3849354130070552,-4.37867797676997,-1.9396451975840987,-1.2852009981657508,-19.67068155511495,-12.762546928398136,24.56068041379285,17.134218505261074,50.49574772814138,67.80960010631348,8.974797080268328,47.66667710204847,0.06693499614899334,55.98670959472656
-4.613449824722713,1.6490253866134468,1.3902930769736752,-4.381770639271817,-1.9400652768775206,-1.2798433341991309,-19.543452771420338,-13.059648196730729,24.386934056215406,17.224035351529935,50.36447548046315,67.79367218025564,8.87257204256625,47.657348486850054,0.08777806387638787,56.01010870933533
-4.615423564406768,1.6488606012351246,1.3936026458999717,-4.383744378955871,-1.9402300622558428,-1.2765337652728344,-19.372332043398455,-13.151078393004806,24.49789792078265,17.180531096234073,50.28537036552758,67.78334164475606,8.809371480208812,47.65024774888798,0.039177046140756566,56.02526378631592
-4.618926483116497,1.648294325184006,1.399404048792141,-4.387247297665601,-1.9407963383069613,-1.270732362380665,-19.48838661436593,-13.162302001012565,24.416646709422302,17.046013436662065,50.141893284676875,67.76757249368258,8.698050154611659,47.64045470013497,-0.13716876319109073,56.05194592475891
-4.620480471049595,1.6479096389623518,1.4017091640976576,-4.3888012855986975,-1.9411810245286156,-1.2684272470751485,-19.706162930406883,-13.170993204344649,24.41702425526152,16.670378416369388,50.08206851979937,67.76331655163001,8.652929615539822,47.63746842771628,0.011986354802231425,56.0640606880188
-4.624233977816843,1.6475355769774924,1.4080413621808892,-4.392554792365947,-1.941555086513475,-1.2620950489919167,-19.72859014028683,-13.449853058562542,24.121411206168133,16.724659228441254,49.93072475204674,67.7436886456652,8.532313016816524,47.62436912805056,0.022892595070464594,56.09295034408569
-4.626002286955709,1.6474174567161508,1.4105595942559344,-4.3943231015048125,-1.9416732067748166,-1.2595768169168717,-19.72516892171773,-13.42514821643946,24.23012863054818,16.55446139684262,49.87134734553208,67.7369248300754,8.483336550725426,47.61752202903771,0.02160601816883556,56.105114221572876
-4.62916297942329,1.6469622013046388,1.4154793238786376,-4.397483793972394,-1.9421284621863286,-1.2546570872941685,-19.6350022014581,-13.34640924521528,24.289554918870433,16.620042176617627,49.751291584444665,67.72403235495884,8.388532915757676,47.60782892152236,0.028644515714341345,56.13010859489441
-4.633744962074651,1.646215967428405,1.422689702348126,-4.402065776623755,-1.9428746960625625,-1.24744670882468,-20.0327794276028,-13.661324797575082,24.015121150007815,16.01278692107497,49.57441956380859,67.70539490918237,8.249834025735176,47.594561480146055,0.06280415463584177,56.16665816307068
-4.637121544112659,1.6459688044668404,1.4278184241028158,-4.405442358661763,-1.943121859024127,-1.2423179870699903,-19.450214213979763,-13.54952223616505,24.26071623599326,16.576614009880373,49.45440818531764,67.69039127423157,8.151337740387858,47.58149484417004,-0.07116607454471424,56.192031383514404
-4.64092270660492,1.645495129924152,1.433487834918239,-4.409243521154023,-1.9435955335668154,-1.2366485762545671,-19.111079155658548,-13.462882267830352,24.44402808775988,16.826295637010723,49.31840108573089,67.67562053024673,8.04198446852687,47.56875701805375,-0.07389583305747216,56.22089076042175
-4.642658593885286,1.6452919052044208,1.435887503598364,-4.410979408434389,-1.9437987582865466,-1.2342489075744418,-19.205212316521255,-13.465661387260042,24.42126948907624,16.681628605530797,49.26094700282356,67.66996763591351,7.9952486465045425,47.56277596838997,-0.07505043863007899,56.233330726623535
-4.6439417151759645,1.6450501308748628,1.4383257023708866,-4.4122625297250675,-1.9440405326161045,-1.2318107088019192,-19.430984001984655,-13.70269567415362,24.148737743735015,16.481345124696794,49.20184876762237,67.6621984721169,7.949579338922198,47.55928820321947,0.08333101255951547,56.24605751037598
-4.647126756501849,1.6446044765240708,1.442998298328566,-4.415447571050953,-1.9444861869668966,-1.2271381128442398,-19.630731762482508,-13.723612596146063,24.069367333698125,16.2147058841711,49.08934838365725,67.65057722614688,7.859365099971089,47.54899401887573,0.08112525388754133,56.27067446708679
-4.648807483170277,1.6443784600045592,1.4454020778558023,-4.41712829771938,-1.9447122034864082,-1.2247343333170038,-19.794464060282834,-13.515159661491342,24.163049887776666,15.99991985415465,49.03165883821727,67.64475104007286,7.812840158155031,47.543443297590656,-0.004463224860164594,56.283244609832764
-4.65212833375672,1.6440134597129952,1.4507026431728827,-4.420449148305823,-1.9450772037779722,-1.2194337679999234,-19.63804281370919,-13.843729727705993,23.973760025134972,16.12576775467611,48.90713894597932,67.62899042949142,7.712039689454876,47.53153237859752,-0.021130626229306948,56.311129331588745
-4.653573415094324,1.6436413777444683,1.4528547268634813,-4.421894229643427,-1.9454492857464991,-1.2172816843093246,-19.670363545928225,-13.726858686097028,24.02772097417227,16.08583777950594,48.852475338943655,67.62475645782001,7.6703850315017625,47.52857902290354,-0.04548360633171722,56.32388162612915
-4.657154685482979,1.6435650653404141,1.458107618938607,-4.425475500032082,-1.9455255981505533,-1.2120287922341988,-18.906395030563992,-13.303227618808616,24.49297084339386,16.905064620276896,48.73508495334138,67.60822353093845,7.5700824023844815,47.512313774162415,0.059655458768409275,56.350274085998535
-4.661939861709232,1.6427645348316957,1.4657049199047845,-4.430260676258335,-1.9463261286592717,-1.2044314912680214,-19.566753240000462,-13.847868938966904,24.01500185810826,15.971899782447224,48.552765523061105,67.58762502279492,7.425472378831752,47.49774196783023,0.027998633136528284,56.392131090164185
-4.663723979014717,1.64263902376465,1.4685816405966827,-4.43204479356382,-1.9464516397263174,-1.2015547705761231,-19.656734855644423,-14.00340756965117,23.95133082937672,15.73728369502717,48.48729608941339,67.5782965890225,7.371202017870595,47.49044429563173,-0.16581505805555175,56.40706276893616
-4.6667756043298345,1.6420995189556635,1.4732510425677292,-4.435096418878938,-1.9469911445353039,-1.1968853686050769,-19.503216994989497,-13.81443870490866,23.976496631000053,16.064390553161033,48.37492093075509,67.56641443213098,7.282007528894207,47.48135341548831,0.09480555037759242,56.43327975273132
-4.668002355240824,1.641954739178603,1.475442084183907,-4.436323169789928,-1.9471359243123645,-1.1946943269888988,-19.71841714444653,-14.061466272947182,23.8231985381077,15.69348889551587,48.324298626707616,67.55902063612132,7.241132013186844,47.47688133778569,0.0937388288750789,56.44499731063843
-4.672703480681397,1.6414054903054016,1.4827336865689924,-4.441024295230501,-1.9476851731855658,-1.1874027246038135,-19.553145230235813,-14.162823679826394,23.993034830078194,15.48969950123348,48.155167049634144,67.53778051079482,7.102874079160488,47.459736617281166,0.048005589160987405,56.48359727859497
-4.675832006830609,1.6410671603764801,1.4880443085025408,-4.444152821379712,-1.9480235031144872,-1.182092102670265,-19.603495594108477,-14.453390474178365,23.950708865230883,15.120798054654733,48.033533845071446,67.52036576818543,7.003496845398161,47.44788137955093,-0.03434437965403525,56.51124715805054
-4.677183821913439,1.640808054838567,1.490247331491784,-4.445504636462542,-1.9482826086524003,-1.1798890796810222,-19.637053094682816,-14.566193093216075,23.83933859537429,15.098065839488243,47.980935074268395,67.51427574444965,6.961891675633624,47.443935247934306,-0.035334617013006664,56.523298263549805
-4.6807912912250185,1.6406970592942003,1.4967157553679131,-4.449112105774121,-1.948393604196767,-1.1734206558048927,-19.05894809760788,-14.351731404313638,24.049352815264182,15.792793637047186,47.83918339752332,67.4897178379744,6.8423340813381195,47.42713724715993,0.003532462970032846,56.554144620895386
-4.6825951865046616,1.6404527050126931,1.4996004100583846,-4.450916001053765,-1.9486379584782743,-1.1705360011144212,-19.292196598315627,-14.352561754151736,23.847696651820012,15.709634919155704,47.772476773561934,67.48113017488593,6.788017283842656,47.420746205033794,-0.04005461880305017,56.56917715072632
-4.6873634354061755,1.6399070234482633,1.5073637890176639,-4.4556842499552785,-1.949183640042704,-1.162772622155142,-19.286073713702464,-14.121700938717051,24.046449634767622,15.560874759018745,47.595616361961014,67.45667462281784,6.6425245099077435,47.402661166094894,-0.06255814267732873,56.60889720916748
-4.692183142297145,1.6394958726214484,1.5158465818057327,-4.460503956846248,-1.949594790869519,-1.1542898293670731,-19.664691752083797,-14.055998248216397,24.10909681814895,14.850335562049361,47.40673517211598,67.42657443837963,6.485530238481369,47.38258605736028,0.059918760694904094,56.651485204696655
-4.693734492142852,1.6393727932344953,1.5184723448028654,-4.462055306691955,-1.9497178702564721,-1.1516640663699407,-19.408144284154954,-14.356648775216486,23.976572924235445,15.115385402997212,47.348557805959565,67.41747883153687,6.436795578990067,47.376013057146864,-0.030527039235435538,56.664608001708984
-4.703125015266615,1.6383238773723994,1.5343808519445852,-4.4714458298157185,-1.950766786118568,-1.135755559228221,-19.53624167078769,-14.725437020812741,23.777165990621903,14.663883998984021,46.99222547384954,67.36428219046937,6.14157476547685,47.33900493076949,-0.03818628022711845,56.745203256607056
-4.705823916315184,1.6381548289773558,1.5392044694991145,-4.474144730864287,-1.9509358345136116,-1.1309319416736914,-19.474621888505563,-14.643190767368635,23.814782045099783,14.72779136421885,46.88767164028088,67.34625143306283,6.05304446339387,47.3267804505999,-0.04529812771420971,56.768975019454956
-4.710111399942752,1.6378347694251483,1.5464774433245512,-4.478432214491855,-1.9512558940658191,-1.123658967848255,-19.42962931284929,-14.873332860484926,23.729989021428164,14.607325264393225,46.72940554242556,67.320497084315,5.918890350709518,47.30790258148962,0.12000530373948859,56.80613136291504
-4.713262899289722,1.63753383159447,1.5518327640465168,-4.481583713838826,-1.9515568318964973,-1.1183036471262893,-19.23180017309166,-14.972257443371975,23.78737479228931,14.655507929179432,46.61205951973395,67.30192229780548,5.82013779974046,47.2946203734815,-0.1078003336096982,56.832961559295654
-4.7150828219706655,1.6372080052789677,1.554488314072155,-4.483403636519769,-1.9518826582119997,-1.115648097100651,-19.47041608599082,-14.842358170553823,23.835798018387486,14.316813783418546,46.550665037991465,67.29519650465414,5.770034337442474,47.2886579551369,-0.10896688162236678,56.8484525680542
-4.718245571775046,1.6369019354414145,1.5595631581299143,-4.48656638632415,-1.952188728049553,-1.1105732530428918,-19.2756332922313,-14.718092439825929,23.891366229272123,14.588136680795465,46.43961910516112,67.27850148248496,5.676019094437837,47.275367478068375,-0.09733835550366088,56.87531638145447
-4.720091022632092,1.6366346250866448,1.5623585228102477,-4.488411837181195,-1.9524560384043226,-1.1077778883625584,-19.326304369804365,-14.474083762367428,24.082074310774047,14.425938395184776,46.376714419750826,67.27049002130228,5.623756344085945,47.268569288218856,-0.09861626028703174,56.890294790267944
-4.721717126145935,1.6365584386843974,1.5651569360481576,-4.490037940695039,-1.95253222480657,-1.1049794751246484,-19.078025105289534,-14.591553836603437,24.079550613340473,14.659037545597675,46.31748567385092,67.26001772979298,5.572558060428544,47.26077176846707,-0.020267323953033767,56.905409812927246
-4.7246650725986665,1.6363433740532876,1.5697425996966832,-4.4929858871477695,-1.9527472894376798,-1.1003938114761227,-18.707802856529142,-14.790324906550836,24.202392171593107,14.773073476245752,46.21896879779975,67.2448223504089,5.487661225528226,47.2475802161408,-0.017824431356938675,56.9302544593811
-4.7404222335091495,1.633879520691797,1.5934507163834524,-4.508743048058252,-1.9552111427991703,-1.0766856947893537,-18.308007354916146,-14.910908047004922,24.568370307886713,14.390773755804874,45.687944665515396,67.17776311738443,5.046001585980646,47.19020661532719,-0.0050070827812289664,57.065258502960205
-4.743512987679647,1.6332459227274971,1.5981506437752837,-4.51183380222875,-1.9558447407634703,-1.0719857673975222,-18.146144961221104,-15.212970155331181,24.465769106137785,14.421855756912702,45.58070393243331,67.16520171775689,4.958565717307681,47.18032004256449,-0.06330818335641197,57.09132766723633
-4.744938021832662,1.632897005485919,1.600304517658294,-4.513258836381765,-1.9561936580050483,-1.0698318935145121,-18.54412273832839,-15.34655977668266,24.216954670648903,14.04167638291283,45.530518046465794,67.15988445443986,4.918382873150778,47.176338427819225,-0.026648870838624106,57.10376238822937
-4.751007721155179,1.631633501173895,1.6095380483943789,-4.5193285357042825,-1.9574571623170725,-1.0605983627784272,-18.219177877846693,-15.15576091182352,24.31882545949436,14.439871155381587,45.320514757810734,67.13512600612303,4.746964373207225,47.15689773933782,-0.06808935790013315,57.15468978881836
-4.753014961584557,1.6313622688676024,1.6123162176209695,-4.52133577613366,-1.957728394623365,-1.0578201935518363,-18.06396503456762,-15.119805491784929,24.380498051012342,14.573545950448265,45.25967851732363,67.12772250644475,4.695167728214362,47.14903879517421,-0.06464763369459448,57.16954708099365
-4.754539664493043,1.6307868837655368,1.6142685054706125,-4.522860479042147,-1.9583037797254306,-1.0558679057021936,-18.197482464636078,-15.161037132018109,24.435933435542186,14.225264406121717,45.20954249769813,67.12576198715865,4.657653933866849,47.146970643887805,-0.027723358258249675,57.18253803253174
-4.757472581057646,1.6300351733075198,1.61839267277354,-4.525793395606749,-1.9590554901834476,-1.051743738399266,-18.003169552154958,-15.286757772699783,24.436811239293892,14.328096904653368,45.11272503825234,67.11695378399374,4.5802823390700205,47.13908341419417,0.017584876222090706,57.2077317237854
-4.76414254447702,1.6288877556813184,1.627320305472959,-4.532463359026123,-1.960202907809649,-1.042816105699847,-17.407874416673813,-15.238520038049423,24.921227203731153,14.40889028561509,44.913221245083065,67.09588414027341,4.413203766663253,47.11540341069428,0.01377282825312065,57.26073861122131
-4.767386977224845,1.6280646705188708,1.631755216283782,-4.535707791773949,-1.9610259929720966,-1.0383811948890238,-17.45410734187162,-15.082385677537076,24.86177509393161,14.520374551778163,44.809548079222296,67.0867916569728,4.330026289787624,47.10650432307816,-0.07239253074029683,57.28843069076538
-4.769267232926586,1.6280074852971027,1.6344053664396005,-4.537588047475689,-1.9610831781938647,-1.0357310447332055,-17.182734189211303,-14.929165332795412,25.05293816169432,14.753446945645143,44.75615385091465,67.07802881129207,4.281466392876686,47.096931607539,-0.07371766696322268,57.30361557006836
-4.774783774711204,1.6264989162776036,1.641153383965162,-4.543104589260307,-1.9625917472133638,-1.028983027207644,-17.30893636618991,-14.619347998810483,25.192834031256417,14.564028978854369,44.59418360334858,67.06856284274402,4.15305485424489,47.08322918239763,-0.11367517367560342,57.34916281700134
-4.776281675936888,1.6262913901657845,1.6431751428672547,-4.544602490485992,-1.962799273325183,-1.0269612683055513,-17.35517285544411,-14.906998777902745,25.05961254774612,14.377313160594392,44.5504968149705,67.06327658560878,4.115588540296114,47.07728536179896,-0.11456981042524372,57.361984968185425
-4.779296622996257,1.6254097420928462,1.6469259923505204,-4.547617437545361,-1.9636809213981212,-1.0232104188222855,-17.39224740497335,-15.162614869747632,24.956282111709097,14.163396592720403,44.459939107207546,67.05799190170099,4.044423316142231,47.0702797916115,-0.11588352133609003,57.38845109939575
-4.783849026373472,1.6243332088218922,1.6529615429325557,-4.552169840922575,-1.9647574546690751,-1.0171748682402502,-17.148302855841845,-15.104386324475003,24.999446444745264,14.427147753776172,44.32119370816386,67.04563374069669,3.931634605938685,47.05676919789312,-0.11823118979675051,57.42822194099426
-4.78825167986102,1.6228486091472136,1.6583000159350436,-4.556572494410123,-1.9662420543437538,-1.0118363952377625,-17.099999382294865,-14.88674959925573,25.020683667621853,14.599040005656676,44.18849488910836,67.04004659659795,3.8298771240600686,47.048508128659556,-0.18092799512566327,57.46639156341553
-4.791580028412631,1.622024780694139,1.662946689285083,-4.559900842961734,-1.9670658827968284,-1.0071897218877228,-16.844599203987638,-14.805363107410425,25.20696537023392,14.716551035339982,44.082335928313825,67.02953139924915,3.7438025056525137,47.0387369310512,-0.032596557903929124,57.496665477752686
-4.793534046930808,1.6214616798259047,1.6652836634095478,-4.561854861479911,-1.9676289836650627,-1.004852747763258,-16.930160738326293,-14.781252669306113,25.206367512869775,14.578909764991085,44.026173090167504,67.0265540574805,3.6994924834333065,47.03404975135339,0.051051405468011346,57.51206159591675
-4.794718944496913,1.6209923886089141,1.6672378940314672,-4.563039759046016,-1.9680982748820532,-1.002898517141339,-16.985862764569784,-14.890361649893315,25.09906330638346,14.522222421398823,43.97922723642172,67.02193348874553,3.6636439142402035,47.03216423547761,0.05037852955012845,57.52455973625183
-4.797435166598814,1.6203207621797742,1.6711715775870832,-4.565755981147917,-1.9687699013111932,-0.9989648335857229,-16.916779105489248,-15.076045835637998,25.047455876855206,14.46041764678145,43.89025067189664,67.01229188538764,3.5912727124777923,47.02400472287517,0.04414463714502226,57.549335956573486
-4.799391730850981,1.6195258058000186,1.6739161862774177,-4.5677125454000835,-1.9695648576909488,-0.9962202248953884,-16.699562557317957,-15.059122552361622,25.1618467971522,14.58815169439444,43.82190136559453,67.00805071683129,3.539942141108566,47.02136754346334,-0.003622131858675104,57.56748342514038
-4.80348915225828,1.6180035790569527,1.680299320914779,-4.571809966807383,-1.9710870844340147,-0.9898370902580271,-17.07140785471688,-15.204732433960524,24.929477953054896,14.161349867521997,43.66961248724588,66.99375300034603,3.422583861630481,47.01386875169466,-0.010512189978832076,57.60745882987976
-4.805273379537262,1.617346542615047,1.6831287442933665,-4.573594194086366,-1.9717441208759203,-0.9870076668794396,-17.101134789468027,-15.086368124763624,24.948359025403654,14.17228626354461,43.60260406474844,66.98710796920096,3.370739107780308,47.010473976274405,-0.1287917647037995,57.624977827072144
-4.807827556146079,1.6165195450844385,1.6877728530150384,-4.576148370695182,-1.9725711184065289,-0.9823635581577674,-16.915289756982357,-15.302133485692774,24.840824295353436,14.332849598532741,43.4977094195153,66.97270226817791,3.287218954032758,47.00398640535126,-0.060205444960217847,57.6512725353241
-4.809075888625978,1.6156767794463984,1.689867917965822,-4.577396703175081,-1.973413884044569,-0.9802684932069841,-17.30976984177916,-15.397283281161995,24.610240096641505,13.977809274519142,43.441270631515664,66.96980189595774,3.2482713792378393,47.0054290080518,0.05660627985360289,57.66555833816528
-4.811684219797459,1.6148731278521995,1.694391373596864,-4.580005034346563,-1.974217535638768,-0.9757450375759418,-17.236347317506194,-15.519473760771527,24.608147320277144,13.91502810851009,43.33951366957053,66.95624417643087,3.1667329300037976,46.99845764944653,0.11585722469818904,57.690714836120605
-4.812850319849854,1.614284376574811,1.6964554624602082,-4.581171134398958,-1.9748062869161565,-0.9736809487125977,-17.315374588146916,-15.5918774895101,24.52942934256041,13.8202459070444,43.2887998118246,66.95141930310116,3.129110610793638,46.99765030043687,-0.02084497543036079,57.70308804512024
-4.815491262254941,1.613257550739714,1.7011811542972115,-4.583812076804044,-1.9758331127512534,-0.9689552568755946,-17.615519947363882,-15.66707227577078,24.505884623217487,13.290647197574385,43.179184178189786,66.93803865119294,3.0438269749612106,46.99259197303423,0.2026717684955619,57.73076415061951
-4.816945958434703,1.6125889325758547,1.703859281793568,-4.585266772983807,-1.9765017309151127,-0.9662771293792378,-17.533930300934085,-15.618282811057734,24.424211699136123,13.548043286879766,43.115472139405234,66.93081280749742,2.995435539289156,46.99078111953124,0.10324870668284625,57.74585938453674
-4.819553151025061,1.611400540791457,1.708287004806961,-4.587873965574164,-1.9776901226995105,-0.9618494063658449,-17.65288535582325,-15.606413660145439,24.394423203808646,13.377174278274419,43.00871214434016,66.92032132403615,2.914806072419242,46.98766907506074,0.111209911723404,57.77273774147034
-4.820987439591735,1.6108514814157313,1.7104702062813284,-4.589308254140838,-1.978239182075236,-0.9596662048914775,-17.56275244449739,-15.516655530976038,24.53422743085443,13.363414349365097,42.95689756610037,66.91557734854682,2.8748039892310406,46.98505461339442,0.1104842113544322,57.7859320640564
-4.823173052720483,1.6098799642454293,1.7146421586200145,-4.591493867269586,-1.979210699245538,-0.9554942525527914,-17.443804632325403,-15.753721394058267,24.504705410505164,13.305535183334378,42.8595085584365,66.90336021229892,2.7999185463381977,46.98176991744909,0.10904343609842915,57.81073188781738
-4.824430173979675,1.6093910899362562,1.7168991323159926,-4.592750988528778,-1.9796995735547112,-0.9532372788568135,-17.474150399561246,-15.880803652745916,24.45901110857301,13.178999670278008,42.807639206386874,66.89683814781348,2.759337015330097,46.9792549242086,0.1082395628119448,57.823134660720825
-4.82666909450538,1.608362937262648,1.7210084492748599,-4.594989909054484,-1.9807277262283194,-0.949127961897946,-17.440781705565108,-16.05848002854105,24.401576046863994,13.09338283459774,42.710629404655066,66.8856097115023,2.685295300799471,46.976284329353675,0.10687194848546344,57.8486123085022
-4.827895919970592,1.6077182026217007,1.723040474656159,-4.596216734519696,-1.9813724608692667,-0.9470959365166471,-17.471472808076065,-15.93588832203983,24.408658969160765,13.133302304410293,42.66005632889286,66.88150041342908,2.648109094255803,46.97564644415718,0.06406457904197538,57.861642599105835
-4.83075966805852,1.6065116010594969,1.727355021255046,-4.599080482607624,-1.9825790624314705,-0.9427813899177602,-17.74238251657336,-15.844576885533938,24.24378420492819,13.010938245461746,42.55605852808987,66.87287115945753,2.568980360639729,46.97140580311477,0.1565555633391087,57.88957476615906
-4.831625687938801,1.6059080130991634,1.7294285098585553,-4.599946502487905,-1.983182650391804,-0.9407079013142507,-17.803163123747762,-15.850434694876618,24.181438001030394,12.98909542541853,42.505637099511816,66.86647409355992,2.5321015138074614,46.97192883880772,0.09962326672094601,57.90275263786316
-4.8359934914638165,1.6040769759500233,1.7360702653781286,-4.60431430601292,-1.985013687540944,-0.9340661457946773,-17.53972489187643,-15.78032193337528,24.26516958285668,13.234281224119783,42.346636415814984,66.85267649643663,2.410650741644332,46.96517935874796,0.16791643001086687,57.94778656959534
-4.839404776580264,1.602483827242466,1.7411336587615027,-4.607725591129368,-1.9866068362485014,-0.9290027524113031,-17.702058073960472,-16.162175429192,24.052728829337767,12.870253875612521,42.2218674689379,66.84373861480017,2.3175481274815004,46.96159656401158,0.16646675895131935,57.9859721660614
-4.841799319381095,1.6014394347038603,1.7447432100377265,-4.610120133930198,-1.987651228787107,-0.9253932011350796,-18.14245198356615,-16.606327102051743,23.632616299535396,12.367484327649793,42.13490203274721,66.83654680281437,2.2515446634760337,46.958236733528594,-0.17243519821916298,58.01332187652588
-4.844279169877029,1.600481653012168,1.7480438985642532,-4.612599984426133,-1.9886090104787995,-0.9220925126085529,-18.218874796191656,-16.821417585382328,23.431392492150128,12.29407304681465,42.05547812965073,66.83130862020221,2.1905924785560402,46.9538342062187,0.09869020802770745,58.03935956954956
-4.846846375916612,1.5996611003231203,1.7513446242476087,-4.615167190465716,-1.9894295631678471,-0.9187917869251974,-17.946419397130168,-16.572330007899236,23.543379165985648,12.712919621201301,41.97890158757469,66.82555374625856,2.129830265005997,46.94760325045361,-1.7087284712954034,58.06577515602112
-4.8493124249205835,1.5989568654203485,1.7544075636784608,-4.617633239469687,-1.9901337980706189,-0.9157288474943452,-17.787486624584968,-16.266520358006943,23.676819035168972,12.997897294605542,41.909093664570996,66.82020689880798,2.0734546304280843,46.940830589896755,-0.23187152333957517,58.09007430076599
-4.850585162699006,1.5985655595033499,1.7559158968867643,-4.61890597724811,-1.9905251039876175,-0.9142205142860418,-17.687179523100156,-16.24244422364169,23.71759322581627,13.082192451004758,41.873879485918636,66.8181247961801,2.0454819856710214,46.93767441625973,0.02099849332657122,58.10238838195801
-4.853057116055898,1.5979482608344688,1.7589588401141345,-4.621377930605002,-1.9911424026564986,-0.9111775710586716,-18.00925729781676,-16.29708087778253,23.57969512127529,12.71971276681946,41.806320603715186,66.81234661643266,1.9897079066662098,46.92997300375281,0.01990192667742452,58.12759852409363
-4.856707714876831,1.5970509787590514,1.7634603839462661,-4.625028529425935,-1.992039684731916,-0.9066760272265397,-18.400215597515604,-16.688314680277045,23.07081008218863,12.444332914783006,41.706890392153205,66.80362628997453,1.9073570679224994,46.918407601000666,0.018270878800470847,58.16472911834717
-4.859413293010048,1.5961098191009386,1.7666051705271824,-4.627734107559151,-1.9929808443900288,-0.9035312406456235,-18.458164032914972,-16.392298005453835,23.196017901947698,12.414464683045807,41.631344273718256,66.80024856302661,1.848824720695656,46.91279223772386,0.017348924629697393,58.191686391830444
-4.86061125011469,1.5957679069510051,1.7680190881374762,-4.628932064663794,-1.9933227565399623,-0.9021173230353297,-18.415525154686225,-16.382880038252146,23.23086857484261,12.412285353896287,41.59902459117201,66.79811193569034,1.822761825923577,46.90951693365936,0.01687906227387348,58.203545808792114
-4.863280377236798,1.595138476402465,1.7713799020497114,-4.631601191785901,-1.9939521870885024,-0.8987565091230947,-18.655002072941475,-16.38550861941218,23.05965002280773,12.259879913595316,41.52591866847189,66.7910071000813,1.7616745644129437,46.90066156747468,0.03440377999229316,58.230106592178345
-4.864722277805802,1.5945947977415105,1.7730899557932274,-4.633043092354905,-1.994495865749457,-0.8970464553795785,-18.65066111407275,-16.423665096629836,23.145213164604527,12.077341370690288,41.48434234601598,66.78920179087982,1.7299095367338184,46.898036345219815,-0.06460157787148546,58.244622468948364
-4.867591337230631,1.5938106406142787,1.776379424667636,-4.635912151779734,-1.9952800228766887,-0.8937569865051698,-18.72027231060729,-16.355105432766404,23.162469345392093,11.960546776151714,41.409659914312805,66.78447511968493,1.6692888407996895,46.88987084127182,-0.009397860749209563,58.27095437049866
-4.868632808270696,1.5935342556214596,1.777922125580384,-4.636953622819799,-1.9955564078695078,-0.8922142855924218,-18.722849937179234,-16.517529967850173,23.00919281745718,12.006991684075404,41.3764714118725,66.78025107922196,1.6417279108516751,46.88648918928215,0.032249331353330746,58.28314995765686
-4.871617962331291,1.5925827640711696,1.781365059208896,-4.639938776880394,-1.9965078994197978,-0.88877135196391,-18.673492215014303,-16.391955559497717,23.187890184678526,11.879999936058935,41.29589891600094,66.77600976224427,1.578110031562336,46.879313120549526,0.031191866898248044,58.311145067214966
-4.872962172842703,1.5920798640720628,1.7826846717280267,-4.641282987391807,-1.9970107994189046,-0.8874517394447794,-18.504724288766102,-16.290757975310864,23.330579142820437,11.990056052339588,41.26231845563821,66.77618347559572,1.5530082753218508,46.87704817664649,0.030882644993166508,58.323413133621216
-4.87598644758208,1.5908955325724874,1.7864237237512737,-4.644307262131184,-1.99819513091848,-0.8837126874215324,-18.27671591149887,-16.339813309949392,23.377428049310318,12.152275244989093,41.17200288811615,66.77146634862207,1.484115202476624,46.87173330356819,0.029837756991081044,58.35352039337158
-4.877417807227455,1.5904563991254916,1.7879288486969056,-4.645738621776558,-1.9986342643654758,-0.8822075624759005,-18.27150056621616,-16.25774092490483,23.453488580765555,12.10004883600305,41.13645234431435,66.7703103880557,1.4560689948278738,46.86822892861366,0.17483810542934464,58.36624360084534
-4.879936499353673,1.589311879771419,1.7908445294259527,-4.648257313902776,-1.9997787837195484,-0.8792918817468531,-18.08583089126979,-16.197045005697742,23.722397763843723,11.987166705194536,41.061792373315825,66.76872850677944,1.4015785429861536,46.86556052163874,0.009964816825706713,58.39078736305237
-4.881300206110408,1.5889546246705437,1.792554937927553,-4.649621020659511,-2.0001360388204237,-0.8775814732452529,-17.93757564350572,-16.259595170840047,23.833950384877063,11.95572799738177,41.02428357393981,66.76527267057503,1.3706254807233598,46.86131681994626,0.08912212085891369,58.40306258201599
-4.883921111443041,1.5878373232370748,1.7955745831426322,-4.652241925992145,-2.001253340253893,-0.8745618280301739,-17.75199481589233,-16.543724318054572,23.709593590192636,12.089040079703333,40.948468848251,66.76321198911472,1.3144206060211636,46.8577701304969,0.13530971055726493,58.42853546142578
-4.885338473466342,1.5871582669657116,1.7970030464140607,-4.6536592880154455,-2.001932396525256,-0.8731333647587451,-17.68934752262078,-16.364268594171925,23.83536796812803,12.142770062203448,40.909649715534954,66.76399640205977,1.2871391365436486,46.8568020309373,0.13506849672668686,58.44111442565918
-4.888083542865429,1.5861539782864624,1.7998983282871484,-4.656404357414532,-2.0029366852045047,-0.8702380828856575,-17.61360428458712,-16.086372388863186,24.128396843952952,12.037487246296164,40.838439239065536,66.76262612385385,1.233044760010077,46.85163478755795,-0.043961206002543385,58.4658088684082
-4.890344867902206,1.5849571223795678,1.802534892119346,-4.65866568245131,-2.0041335411113996,-0.8676015190534598,-17.63811276963545,-16.23545828681753,23.891662203509302,12.165234547825918,40.76802688065274,66.76201731189184,1.1836055815835271,46.85085044763945,0.0165464161779445,58.4900758266449
-4.891910172298384,1.5843721042378724,1.8044175864508567,-4.660230986847487,-2.004718559253095,-0.8657188247219492,-17.64319729600396,-16.222400054177946,23.840231672066736,12.216022806332084,40.723166878632284,66.75964602448744,1.1490825274277143,46.847774701785724,0.10515989992370933,58.50490427017212
-4.8943033369145885,1.5831768049107586,1.807116261246704,-4.6626241514636915,-2.0059138585802088,-0.8630201499261019,-17.664891193163648,-16.217714382929326,23.749332064005284,12.27679163955232,40.65182003605456,66.75914982900396,1.0984756564765363,46.846279519549824,-0.08771777745069897,58.528905391693115
-4.897161020929936,1.5818322598255645,1.8101325438740932,-4.665481835479039,-2.0072584036654026,-0.8600038672987129,-17.82177822368027,-16.358315145825184,23.59460155284037,12.086084929327612,40.57200124923104,66.75945754028157,1.0416010921060244,46.84384071026783,0.04308354252264568,58.55701041221619
-4.898723174273593,1.581157078840532,1.8116888786686975,-4.667043988822697,-2.007933584650435,-0.8584475325041083,-17.871971010040077,-16.27887246511345,23.61627780276325,12.028228207489624,40.53122758609358,66.75989020525093,1.012160824707391,46.84198721504586,-0.013522366884133774,58.57231020927429
-4.900183490694136,1.5801714129331934,1.8131414418195448,-4.66850430524324,-2.008919250557774,-0.856994969353261,-17.903384984812945,-16.454236371595226,23.537636404703225,11.903009125773261,40.48608820430873,66.76250748731874,0.9838201093071831,46.84383077787861,-0.022948594480099338,58.58733510971069
-4.903777164159033,1.5786940532934006,1.8170066212253362,-4.672097978708136,-2.0103966101975668,-0.8531297899474697,-18.282169208274997,-16.676864057000415,22.984234024404042,11.877961331915422,40.38895980638485,66.76094494602977,0.9118449626527528,46.83846463332664,-0.0660678090347,58.62479114532471
-4.906219275018854,1.577473918488215,1.819448364994936,-4.674540089567958,-2.0116167450027524,-0.8506880461778699,-18.202600905739153,-16.72651107607609,23.14945778896576,11.662386770714505,40.32194849075784,66.76249932506387,0.8654044654412533,46.837169231383854,-0.06643536159397367,58.64892244338989
-4.907433206759067,1.5769056523947378,1.8204255891687153,-4.675754021308171,-2.0121850110962294,-0.8497108220040908,-18.121926474588218,-16.51236099653347,23.19647466082622,11.893146672324328,40.29355483222671,66.76470030656264,0.8461994514300963,46.83638054942135,0.022617371375337925,58.661168336868286
-4.909933507394809,1.5757391186061571,1.8230394535449777,-4.678254321943912,-2.0133515448848103,-0.8470969576278284,-18.16561948043235,-16.710411899056183,23.11230021704393,11.717537912812649,40.224697841982305,66.76492837775623,0.7971080669113692,46.834075818987486,-0.001329879288273439,58.687044858932495
-4.913597990188649,1.5738425575474657,1.8261962474727849,-4.681918804737752,-2.0152481059435017,-0.843940163700021,-18.026255209369896,-16.590257952170354,23.193945818717726,11.849535286258266,40.13187658375124,66.77114323965601,0.7355110346540076,46.83326038966908,-0.043808950904400845,58.72302532196045
-4.9158634025956545,1.5725097232841272,1.8283906341963148,-4.684184217144757,-2.01658094020684,-0.8417457769764911,-18.207076783662117,-16.777409814769047,22.946737006998884,11.726282360257672,40.06710082035947,66.77421622421876,0.6932118871513258,46.83409558530513,-0.034593717987577044,58.7468638420105
-4.919170617340864,1.5707350470164074,1.83164167410887,-4.687491431889967,-2.01835561647456,-0.838494737063936,-18.141341653620458,-16.570116844850066,23.111042076927617,11.720634911754699,39.97522225523099,66.77726258629355,0.6311942619259132,46.83351417469757,-0.09597136845968368,58.78363251686096
-4.921841105570818,1.5693136571071806,1.8339442710070735,-4.690161920119921,-2.0197770063837868,-0.8361921401657324,-18.07779354006585,-16.82969239134997,22.961923033949688,11.733000767482688,39.906912387462796,66.78190284481745,0.5863284215068466,46.83325218306846,-0.12897174157609648,58.81107449531555
-4.922655482979676,1.568954982417808,1.8351627477904957,-4.6909762975287785,-2.0201356810731594,-0.8349736633823102,-18.284317484400777,-16.899298557622874,22.726666906559455,11.692468055058107,39.87867245618862,66.77918176901477,0.5646374812153668,46.83185918832975,-0.12932658249227114,58.82347130775452
-4.925771096648323,1.567127523030187,1.8378092728188182,-4.694091911197427,-2.0219631404607803,-0.8323271383539876,-18.35325025170414,-16.98393451981267,22.69576113234001,11.502798327010419,39.796349788867325,66.7858553161697,0.51258186087252,46.833264579418426,-0.03554093725677898,58.85666275024414
-4.92693957307331,1.5665675851725802,1.8391553338988444,-4.6952603876224135,-2.022523078318387,-0.8309810772739614,-18.459305610574603,-17.09562882299551,22.524534107249078,11.468890962487684,39.76192336389305,66.78506330443231,0.4877748764017125,46.83214028069949,-0.03581950375363707,58.871729612350464
-4.928393204057093,1.565666816821242,1.8403002253569034,-4.696714018606196,-2.0234238466697256,-0.8298361858159025,-18.421972285753473,-17.045085268202186,22.585629046097115,11.457257773105884,39.72412479644067,66.78908420785754,0.4648264653917408,46.83336377662198,-0.08268308710762629,58.88692569732666
-4.931523438527198,1.5638996865632189,1.8432718094391083,-4.699844253076301,-2.0251909769277487,-0.8268646017336978,-18.27731386783814,-17.091937937247,22.670827127964344,11.441875586413234,39.63753941198624,66.79304826597766,0.4078523343807756,46.83369265586123,0.05312728226603358,58.92330884933472
-4.93385624563053,1.5624968820963951,1.845105049872097,-4.702177060179633,-2.0265937813945722,-0.825031361300709,-18.264829029154992,-17.251587067195793,22.731399754369377,11.182121828978731,39.577868105768076,66.79920882743738,0.37126789562780477,46.835201530595434,-0.0078056240130770504,58.94840955734253
-4.934740218715809,1.5619866726399678,1.8461106744372566,-4.7030610332649125,-2.027103990851,-0.8240257367355492,-18.269264995474565,-17.257371893186498,22.733197093542376,11.151654616258321,39.5503643287236,66.79918868046244,0.3525355948569167,46.83521130704865,-0.11586170198504675,58.96112060546875
-4.9369865560524975,1.5605328445736846,1.8480347979700062,-4.705307370601601,-2.0285578189172826,-0.8221016132027996,-18.05373657298796,-17.201238717665138,22.92716046960272,11.19553033727907,39.488141868103526,66.80457399772774,0.3145727777684063,46.83750094574644,-0.10173754341835117,58.98584771156311
-4.9391814799415386,1.559336855381727,1.8497182747048546,-4.7075022944906415,-2.0297538081092403,-0.8204181364679513,-17.96675619031705,-17.182227247169973,23.15152286706235,10.977588608459023,39.43526141942734,66.80985443684328,0.28119042480286105,46.837695977698935,-0.12520287484871329,59.01015281677246
-4.940121680603303,1.5585825160142681,1.8506282076566847,-4.708442495152406,-2.0305081474766995,-0.8195082035161212,-17.919728411653605,-17.36181159445178,23.028091751446535,11.036863553790011,39.404501797982356,66.81222349122275,0.2632970482773421,46.83998737962673,0.006233651007889307,59.02244424819946
-4.944873771571685,1.555895783623831,1.8543313342627372,-4.713194586120789,-2.0331948798671364,-0.8158050769100686,-17.25284859338292,-17.271197198403108,23.61522942241614,11.152650843344597,39.28713841053341,66.82372404414099,0.18997590452887989,46.84127006081241,-0.05942816784964844,59.07451629638672
-4.945804535211016,1.5552794617561114,1.8553148456887332,-4.714125349760119,-2.033811201734856,-0.8148215654840727,-17.04500250155705,-17.09475131958578,23.808930049663633,11.322114890693683,39.25794535811164,66.82465979664825,0.17131536365278777,46.84212399291639,-0.05949044173387463,59.08694767951965
-4.947452292760658,1.554398789962372,1.8563517047200175,-4.7157731073097615,-2.0346918735285957,-0.8137847064527883,-17.10926382432785,-17.250915987547504,23.764051706340354,11.119596517658078,39.22251497445238,66.83007625833018,0.1499724155373299,46.8423240449396,-0.13915473080709084,59.101943254470825
-4.94903767517829,1.553396084890999,1.858090478968856,-4.717358489727393,-2.0356945785999683,-0.8120459322039499,-16.88829384873396,-17.339962994292225,24.060955822948014,10.89858975113274,39.17269586620837,66.8309062370552,0.11733209208414022,46.843222070494484,-0.04079669562388144,59.126232862472534
-4.952319088998047,1.5517550540393792,1.8605854683822738,-4.72063990354715,-2.0373356094515884,-0.8095509427905321,-16.497939450769515,-17.33964611696163,24.330530185635393,11.01433503349361,39.09717449356951,66.83787812964285,0.06838850155319477,46.841978608300785,-0.12534584190769493,59.1629376411438
-4.954280127734302,1.5505086888730044,1.861771009727811,-4.722600942283405,-2.038581974617963,-0.8083654014449948,-16.61151221767415,-17.478469059672772,24.483087776241096,10.469311026350004,39.051848401299786,66.84580108553608,0.04332179100908442,46.8442265898284,-0.12507468701578084,59.186424016952515
-4.956786060367852,1.5494539769675189,1.8635980409203645,-4.725106874916955,-2.0396366865234485,-0.8065383702524414,-16.439993944428092,-17.33898274375478,24.59897348393291,10.636061439715638,38.99957153013539,66.85044935406297,0.007755421430891636,46.84136636553766,-0.11586033049762001,59.212833404541016
-4.957773723428442,1.5489792600552286,1.8645024561893342,-4.726094537977545,-2.0401114034357386,-0.8056339549834717,-16.416801987558596,-17.360181852182482,24.535743460165254,10.72338357104385,38.974662960908674,66.85130665568171,-0.009313688320685149,46.8406125701831,-0.11597805047658039,59.22548031806946
-4.9591933938709865,1.5482528194639522,1.865091748089991,-4.72751420842009,-2.040837844027015,-0.805044663082815,-16.33101478219479,-17.256569714838935,24.59537903560603,10.834221044966416,38.949977319302945,66.85788950364928,-0.022728044744147337,46.84078555309907,-0.14391821206695088,59.240325927734375
-4.9613233285097875,1.5472214500773476,1.8665969230708543,-4.729644143058891,-2.04186921341362,-0.8035394881019515,-16.444267988280405,-17.340860285307595,24.558129673708702,10.608943381256399,38.90364818276275,66.86295070686174,-0.05249220626977947,46.839740245157024,-0.09703000783216265,59.26519751548767
-4.965089566748735,1.5452596782477819,1.8686244033603567,-4.733410381297838,-2.0438309852431855,-0.8015120078124491,-16.578654544314723,-17.54569058849706,24.383767885029535,10.412249136753818,38.82963589820472,66.87722746345244,-0.09541383702452418,46.83998710358843,-0.17643741401904833,59.307060956954956
-4.966308199103271,1.5447087469760998,1.8692628318473132,-4.734629013652375,-2.0443819165148676,-0.8008735793254926,-16.81893358134363,-17.79989595247002,24.104501758576603,10.21220369573168,38.80769132846933,66.88146398263196,-0.1087968114979156,46.83924990911229,-0.2514392621729993,59.31970238685608
-4.968881522158279,1.5433911294013511,1.8702535680207095,-4.737202336707382,-2.045699534089616,-0.7998828431520963,-16.821660381561017,-17.591404793170145,24.249790669083502,10.148778080626872,38.76422792580525,66.89387497817091,-0.13179674036989866,46.83964035469681,-0.2510200335942141,59.34601640701294
-4.970372169133189,1.5427926162555583,1.8708609612340652,-4.7386929836822915,-2.046298047235409,-0.7992754499387407,-16.84798419219748,-17.33488162337402,24.28952045321192,10.265056943462001,38.74183908745598,66.89983702897611,-0.1452159157859414,46.83818753653598,-0.2509043036520868,59.36105823516846
-4.973034722687088,1.541166690751722,1.8716730536518758,-4.741355537236191,-2.0479239727392455,-0.7984633575209301,-16.866848350475916,-17.43110992059768,24.24599504127454,10.167884760602318,38.695083389267374,66.91572783702479,-0.1662914132106704,46.84144254635372,-0.1798139360983564,59.388654470443726
-4.97432213312985,1.5403992398973696,1.871923238387164,-4.742642947678954,-2.048691423593598,-0.7982131727856419,-16.91950476845215,-17.345125218437776,24.267280232718175,10.117836538672854,38.675242033106336,66.92431476099236,-0.17418340902078344,46.8429947770092,0.0457931042763855,59.40062236785889
-4.976621549594539,1.5389854631413165,1.8727003402945286,-4.744942364143643,-2.050105200349651,-0.7974360708782773,-16.895689289127823,-17.375971803856817,24.184230214235075,10.208023423469177,38.633365768404055,66.93751865937304,-0.19357657555524382,46.84580344478955,0.04637808180451142,59.42556023597717
-4.9783325205128826,1.5379499469891655,1.8730457952156159,-4.7466533350619855,-2.051140716501802,-0.79709061595719,-16.836217506456432,-17.219396688920753,24.18569280653638,10.41051516049143,38.60643671918087,66.94890654217521,-0.20429194368355957,46.84799970539801,0.0281491866023984,59.44109630584717
-4.9809014338823125,1.536345223947253,1.8738043200442172,-4.749222248431416,-2.052745439543714,-0.7963320911285887,-16.782733438087384,-16.93558996259419,24.30167432401098,10.540782757185474,38.56093976230709,66.96455553186807,-0.22426654773024915,46.85150555831758,-0.088421660737378,59.46658658981323
-4.982080630437156,1.5354392275895294,1.8739831838161995,-4.7504014449862595,-2.053651435901438,-0.7961532273566063,-16.815125553742128,-17.130052768620228,24.09790753327496,10.591383890779477,38.5394216478318,66.97394709621366,-0.23120059149799208,46.8549908316566,-0.0878934778939966,59.479201793670654
-4.986088380460078,1.533378523596717,1.8745362875150855,-4.754409195009181,-2.0557121398942506,-0.7956001236577204,-17.665143735407547,-16.52352770160759,24.38017738012161,9.359976677095716,38.487992520484006,67.00022167992158,-0.2512790181369906,46.85679778856621,-0.016377901227107472,59.50623154640198
-4.986375092591116,1.5322953629559974,1.874737862956139,-4.75469590714022,-2.05679530053497,-0.7953985482166668,-17.222018328385712,-17.065757453947256,24.058536478569557,10.037801231792665,38.46243192753344,67.00644083914885,-0.2576538455058041,46.86600155565141,0.04524296007972417,59.52119970321655
-4.988831624960277,1.530412127528795,1.8750406713616883,-4.7571524395093805,-2.0586785359621724,-0.7950957398111176,-16.737566200656286,-16.815827893318286,24.105685882543423,10.87847703967489,38.418756764606144,67.02642135541774,-0.2709612740869631,46.873279739818855,0.06513951630228476,59.54586625099182
-4.993266637001522,1.5270064101374496,1.8753176672061285,-4.761587451550625,-2.0620842533535177,-0.7948187439666774,-16.61220897607734,-16.847307272260334,24.479540862418727,10.411121566789113,38.34418874777154,67.06440882235312,-0.2907409469687214,46.886770740253134,0.13299683337657164,59.58606028556824
-4.997364433776552,1.5231765013952183,1.875670268536067,-4.765685248325655,-2.065914162095749,-0.7944661426367388,-16.35714505591694,-17.32916838764415,24.355515228216085,10.45168874250207,38.2594719966471,67.10274150457,-0.3122550391500512,46.90583864958651,0.018115996734019646,59.62649369239807
-4.999558032680447,1.5212783624849133,1.8756699608974596,-4.76787884722955,-2.067812301006054,-0.7944664502753462,-16.43160684258321,-17.298547644626932,24.297856460579265,10.421635068709932,38.220341986054194,67.12370304727817,-0.3204076285297409,46.91475236556316,0.010013890799599245,59.64477562904358
-5.003122338924321,1.5176807602455935,1.8761433477335303,-4.771443153473424,-2.0714099032453737,-0.7939930634392756,-16.13397797941457,-17.230042675299284,24.159485128920775,11.051443293500656,38.13813575454209,67.15729193958225,-0.3423815588319408,46.93371381039405,0.002821260573043105,59.68396472930908
-5.01248039398903,1.5119087954953196,1.8761862734276935,-4.780801208538133,-2.0771818679956477,-0.7939501377451124,-16.957009846053456,-16.280199353868678,24.626876277840736,9.871509759453494,38.01783058633728,67.23247470064933,-0.37178021898639,46.94863090184299,0.1756038270593594,59.74016046524048
-5.011982489102397,1.5092593204163836,1.8761813837895471,-4.7803033036515,-2.079831343074584,-0.7939550273832587,-16.224573875104625,-16.920540394371915,24.482678760256928,10.609483944718757,37.96292113638772,67.24569813835936,-0.37775153599347083,46.97691264621276,-0.2261240457799083,59.76891613006592
-5.013137876434766,1.5081915624786484,1.8763664350298068,-4.781458690983869,-2.080899101012319,-0.793769976142999,-16.042547852454003,-17.042051199454058,24.309150280745147,10.989892579811887,37.937633391154996,67.25571741267444,-0.3850962931041762,46.982018875532205,0.06070002587318424,59.78112292289734
-5.015745948833532,1.5058634316443738,1.8763810492236002,-4.7840667633826355,-2.0832272318465934,-0.7937553619492057,-15.510961975427886,-17.063877347478364,24.462097453603114,11.461730374570786,37.88892902144612,67.2807546938973,-0.3951518724121919,46.99320515920316,-0.03158007451733358,59.805607318878174
-5.019790330516832,1.502142565443305,1.876892367634282,-4.788111145065935,-2.0869480980476625,-0.793244043538524,-15.432161943649508,-17.858314925128067,24.473769165821626,10.744439226493544,37.80281379504413,67.31661481809432,-0.4186490980711234,47.01102724142542,0.05042416770627778,59.84502196311951
-5.024243379105428,1.4984263022760482,1.8774205438870912,-4.792564193654532,-2.090664361214919,-0.7927158672857146,-15.190608140221274,-17.809396259863536,24.539592254093165,10.961959492396485,37.716336521872016,67.3540571652851,-0.44296700429277436,47.0269182282979,0.052655679248100995,59.88757848739624
-5.02557391520269,1.4974339145169127,1.8776675067620965,-4.793894729751793,-2.0916567489740547,-0.7924689044107094,-15.008837909294309,-17.62126997091365,24.62754788014547,11.245619801257087,37.691450160810945,67.36389814883634,-0.45131539959958206,47.03039726507331,-0.07816941025111657,59.90006685256958
-5.028353468622299,1.4954826251839386,1.878197656490058,-4.796674283171402,-2.093608038307029,-0.7919387546827479,-14.90150222467204,-17.48696847175598,24.581888636970636,11.536482655763722,37.64174003826133,67.38362628898795,-0.46865268288188155,47.03644704241878,0.20438488293611812,59.924973487854004
-5.030307231152218,1.4943079852097922,1.8786219758856584,-4.798628045701321,-2.094782678281175,-0.7915144352871475,-14.839005429904542,-17.681065105948413,24.70053224043066,11.247719018443107,37.6100411103442,67.39596460569759,-0.4811297406467899,47.03870546188458,0.17212307201035681,59.94249701499939
-5.033082898141969,1.492522762855526,1.8793456979487635,-4.801403712691073,-2.096567900635441,-0.7907907132240424,-14.94986936424434,-17.49084959722213,24.879847702914446,10.987856102004564,37.560531933983675,67.41326101705371,-0.5010238214589469,47.04290228017697,0.16827381824337184,59.96657943725586
-5.035843305136487,1.490676787432592,1.8799370282726162,-4.8041641196855895,-2.0984138760583755,-0.7901993829001897,-15.115838446530422,-17.440661380189898,24.601355659969048,11.147120238119987,37.5119124007514,67.43177337592684,-0.518968365729213,47.04791076393739,0.14576131845586193,59.99259305000305
-5.0373911076964815,1.489951201891443,1.880306015407172,-4.805711922245584,-2.0991394615995245,-0.7898303957656339,-14.991960021862422,-17.586369938427968,24.500037931381907,11.292518914178466,37.49051607103807,67.44009140536662,-0.5288106308588603,47.04764816877194,0.14606821325525932,60.0055034160614
-5.042016079917637,1.4873678650235511,1.8814503072413316,-4.81033689446674,-2.1017227984674163,-0.7886861039314743,-15.118741082327475,-17.10815763967269,24.396466992724626,11.642659081434084,37.41712754742095,67.46698147045825,-0.5598995535756022,47.050860312162634,-0.08734916126238712,60.04767894744873
-5.0431621899762655,1.4867252709839887,1.88182686070546,-4.811483004525369,-2.1023653925069787,-0.7883095504673459,-15.261185272470145,-17.190449957003626,24.129715417967656,11.715356517374625,37.397340418192606,67.47297066544367,-0.5690484776016889,47.05156597356359,-0.08710284069054008,60.06010293960571
-5.0464490099867305,1.485462781475644,1.8825108493643152,-4.8147698245358335,-2.1036278820153234,-0.7876255618084906,-15.70046719181953,-16.522807657551073,24.281459468965984,11.480784949831776,37.3593534204314,67.48968744756922,-0.5876148739662541,47.04840403393763,0.16676629669500986,60.08485460281372
-5.048470962902552,1.4844989872598542,1.8829685937935454,-4.816791777451655,-2.104591676231113,-0.7871678173792604,-15.768957294955193,-16.843253287807045,23.887961321760326,11.600345855217766,37.3314226065574,67.50075827794467,-0.6000792838946789,47.048238212058145,0.1202703703488952,60.109681129455566
-5.049658779513689,1.484057931729487,1.8833561568000419,-4.817979594062793,-2.1050327317614803,-0.786780254372764,-15.929188380676855,-17.111453490377727,23.5949356060721,11.509903771206513,37.31568567974733,67.5056771022462,-0.6089194651080658,47.04677839117697,0.0124671005819037,60.12227916717529
-5.053344222204519,1.4832489096638068,1.8839074602363026,-4.821665036753623,-2.1058417538271605,-0.7862289509365032,-16.361419724079266,-16.493008755948317,23.68957069054541,11.302736232301223,37.28941474658866,67.52247139332094,-0.6247690222593721,47.03758976982648,0.012745534089843247,60.14606070518494
-5.053414762180209,1.4829586060494329,1.88415958984868,-4.821735576729313,-2.1061320574415348,-0.7859768213241258,-16.260016045521166,-16.7538808977406,23.399366720724533,11.60566564940706,37.27912379456261,67.52260002757545,-0.6295298250180799,47.03979739394141,-0.7660173707858098,60.16065573692322
-5.055558638493947,1.482545501562163,1.8845634093656356,-4.823879453043051,-2.1065451619288043,-0.7855730018071703,-16.190350085838556,-16.738265532056396,23.242323057713534,11.900827080522284,37.263678387526646,67.53142374107411,-0.6398775491924718,47.0337957352204,-0.33898332612935356,60.18534469604492
-5.058525580721232,1.4819329509362462,1.884541094389637,-4.826846395270336,-2.107157712554721,-0.7855953167831689,-16.77315489163201,-16.629883241596307,22.58477470539272,12.063134959609364,37.2510383926279,67.54808961964434,-0.6452714826936317,47.02659615949226,-0.6857499971705936,60.221752643585205
-5.060646572396544,1.4818235729726092,1.8842407310322082,-4.8289673869456475,-2.1072670905183584,-0.7858956801405976,-17.14273872889269,-16.44373961362524,22.37650059352403,11.988851855602867,37.253631829551665,67.56019465569295,-0.643870193174629,47.01860402746594,-0.7981288190095226,60.24791502952576
-5.061825277270609,1.4817694669684813,1.8838122934564798,-4.830146091819713,-2.107321196522486,-0.786324117716326,-17.34486458365813,-16.43888182927198,22.399527642804944,11.662148233571573,37.25953657399305,67.56878507618674,-0.6390219340217264,47.0144160779742,0.11231972454318839,60.262529134750366
-5.06359646234319,1.4818746521885946,1.8834505826753856,-4.831917276892293,-2.1072160113023726,-0.7866858284974203,-17.321953763010328,-16.565635790547347,22.416038095230363,11.524655630276474,37.26768664304327,67.5785716639681,-0.6356336158974962,47.00597340545286,-0.009555713422957801,60.28724002838135
-5.064717513338713,1.4817991853132502,1.882933412552366,-4.833038327887817,-2.107291478177717,-0.7872029986204399,-17.61578978942434,-16.436025559933935,22.318858155528414,11.35330720802459,37.27461450777558,67.5876703896062,-0.6293910575902851,47.00236016333436,0.12680841503426699,60.30215001106262
-5.0666220961584925,1.481784297054914,1.881953904867081,-4.834942910707595,-2.1073063664360534,-0.7881825063057248,-17.961792255359246,-16.5863289541617,21.9196478312447,11.259812426489786,37.29045493427122,67.60321001973584,-0.6169417511193901,46.995244904852214,0.2258240313021913,60.32883548736572
-5.067335647156513,1.481829272346656,1.8815842250367583,-4.835656461705617,-2.1072613911443114,-0.7885521861360476,-18.17285465146594,-16.791097078700137,21.758577602342054,10.984873186849326,37.29750536838541,67.60876115051101,-0.6121094421260156,46.992092356667996,0.0007703274980688235,60.34079599380493
-5.0703182105780495,1.4821724839639216,1.8794211947889434,-4.8386390251271525,-2.106918179527046,-0.7907152163838624,-18.653450326480044,-16.971104112462708,21.45299846712572,10.524589793960857,37.34052022407457,67.63555647049682,-0.5819802851119393,46.97815571157115,0.13765835873087262,60.384809732437134
-5.072652646201987,1.4820967055177972,1.8772399975905798,-4.840973460751091,-2.1069939579731702,-0.7928964135822261,-19.25601444641561,-16.939295114800235,21.26042946879595,9.923714226253924,37.37506691105501,67.66202073040505,-0.5517655075816408,46.97117901167616,0.04493268620065827,60.421457052230835
-5.075262070524373,1.4819951499521435,1.875012409758523,-4.843582885073476,-2.107095513538824,-0.7951240014142829,-19.375841401459276,-16.881848015937976,21.079900173119,10.031691043042256,37.409894753467555,67.69014560669208,-0.5213284497544886,46.96329170190617,0.046081515458806344,60.45889139175415
-5.082656320745664,1.4795903825049035,1.868569526454436,-4.850977135294768,-2.109500280986064,-0.8015668847183699,-19.686566216605584,-16.585741249190594,21.0373618008409,9.802593781841422,37.466278793453256,67.7827767260507,-0.43864190089075533,46.96160994970046,0.046096272523071136,60.56341004371643
-5.084523592576292,1.4783849107213018,1.8669008938574945,-4.852844407125395,-2.1107057527696655,-0.8032355173153114,-20.201111547133376,-16.652328098185833,20.74969947126865,9.366536226963714,37.46858439680444,67.80986984169357,-0.4186750945983272,46.9670189904672,0.14153196893101772,60.59103441238403
-5.085776225707821,1.4777870571752194,1.866118385408245,-4.854097040256924,-2.111303606315748,-0.8040180257645608,-20.038972647866473,-16.65095329939397,20.734104019247535,9.62277474689277,37.46896762557778,67.82438934288376,-0.4099465460242562,46.96820701540884,0.14230391198304027,60.605748414993286
-5.087804792185684,1.476244295189876,1.8645814004775199,-4.856125606734787,-2.112846368301091,-0.805555010695286,-20.08500544210853,-16.2495783072348,20.990918357203658,9.495673912839306,37.4619029431763,67.85313980662967,-0.39311602531013023,46.97600388201021,0.09714352582216979,60.62982153892517
-5.088856108258467,1.4755010500824663,1.8639745850037097,-4.857176922807571,-2.113589613408501,-0.8061618261690962,-20.15818316616037,-16.307772173672067,21.006489016921787,9.28590678861712,37.4562517110632,67.86633662024276,-0.3871780982496933,46.979274387420354,0.09792528763680508,60.64315605163574
-5.090893724044857,1.4736943366933377,1.8625831205425043,-4.859214538593961,-2.1153963267976295,-0.8075532906303016,-20.11250970272341,-16.108611024600595,21.07868721988798,9.397375871959824,37.44110216723817,67.89556385582517,-0.3732835219040457,46.989399305346524,0.09978412625909083,60.66803050041199
-5.091972602518871,1.4726067700874041,1.861992862827674,-4.860293417067975,-2.1164838934035632,-0.8081435483451318,-20.012832162870822,-16.19604643576554,21.079288734650216,9.457014203010297,37.42781921158089,67.91071929970316,-0.3685151296529446,46.995850534446035,0.00694797035564676,60.67984080314636
-5.094004047035921,1.4706127834218257,1.8608298474693425,-4.862324861585025,-2.1184778800691415,-0.8093065637034633,-19.899248082512777,-15.977713310069543,21.08646889374785,9.796935886955522,37.40478235078101,67.93931310455102,-0.35861111953163255,47.00752748110341,-0.7137138738258537,60.70471382141113
-5.097279227259287,1.466579893131099,1.858904713791874,-4.86560004180839,-2.1225107703598685,-0.8112316973809319,-20.316305628935247,-16.195380269658838,20.63008880684245,9.605985703534236,37.350883414457016,67.99042097446221,-0.34394367096157796,47.03427894949471,0.15783545368906982,60.743335247039795
-5.101070256301507,1.461986521442347,1.8570598316423936,-4.86939107085061,-2.12710414204862,-0.8130765795304122,-19.679163788718242,-15.977183542967257,21.00814522470131,10.154441022735924,37.28338292373247,68.04630935532437,-0.3326885004258517,47.06401861258294,0.002212777200792715,60.78477931022644
-5.104411577569277,1.457505177035616,1.8558944476748662,-4.8727323921183805,-2.1315854864553514,-0.8142419634979396,-19.536083566174288,-15.770707848571153,21.081552675846755,10.403940961136248,37.20658928004294,68.0946242830695,-0.3309435958803194,47.09381531515133,0.00570563184189421,60.82108235359192
-5.106399535352608,1.45406254481281,1.8550133234243495,-4.874720349901712,-2.1350281186781572,-0.8151230877484563,-19.813539390087314,-15.50696443362628,21.109325547243845,10.143243807750943,37.147184525052424,68.12912440565387,-0.3289706578046197,47.119201833212756,0.008380858119202195,60.84507489204407
-5.109465153633762,1.4486544223827234,1.8540316286918395,-4.877785968182866,-2.140436241108244,-0.8161047824809664,-19.36259175165807,-15.22591091504808,21.597896490267797,10.298277504070825,37.046763876604146,68.18007712940016,-0.3319716517388388,47.158809759342326,0.049920454524952085,60.88101077079773
-5.111903663371554,1.4448380166715717,1.853521460565779,-4.880224477920657,-2.1442526468193956,-0.8166149506070268,-18.66049818925192,-14.895557277173648,21.959188166792906,11.113025292777836,36.97257394301987,68.21581958865956,-0.3372972086568016,47.1852924690242,0.019813336340051002,60.90723967552185
-5.11314141880521,1.442490291863674,1.8532646824278007,-4.881462233354314,-2.1466003716272937,-0.8168717287450051,-18.218009171717924,-14.88772624180895,22.208741022624018,11.400603942137426,36.92588456278559,68.23625122482133,-0.3410640478116402,47.20265659502829,0.12937896031657115,60.92273473739624
-5.115941382895539,1.435512717342557,1.8519150761977388,-4.884262197444642,-2.1535779461484106,-0.8182213349750671,-18.417597040501853,-15.30632664463679,21.92154944558512,11.088159949432537,36.79655655853081,68.29745702897064,-0.34196322860539213,47.25873488319905,-0.029632177126038606,60.964951276779175
-5.116711771866566,1.4332625429968937,1.851799751167801,-4.88503258641567,-2.155828120494074,-0.8183366600050048,-18.62005997927364,-15.684243194177242,21.741135619214706,10.681407063941544,36.74933751753638,68.31426108946685,-0.3469728255981055,47.27701436786228,0.1267189903505681,60.97758507728577
-5.118546120294116,1.4287411937508467,1.850946030589733,-4.886866934843219,-2.1603494697401207,-0.8191903805830729,-17.96860483832099,-16.19631016819683,22.048417054549304,10.684100833609119,36.66468061783239,68.35377047480833,-0.34790450273224205,47.313155756043855,0.10661620761193635,61.002344846725464
-5.1212088874750945,1.4222295486364176,1.8497527355467316,-4.889529702024198,-2.16686111485455,-0.8203836756260743,-16.991791506015346,-16.216503266882345,22.887691580994204,10.82521574729456,36.541643653981545,68.41041163989328,-0.3498335936807404,47.364988181351,-0.005865895147117328,61.04081320762634
-5.122843459335073,1.4180659729996326,1.848851978541362,-4.891164273884176,-2.171024690491335,-0.8212844326314439,-16.53328197693036,-16.20304533931908,23.12832800767705,11.129260437337244,36.464974579244085,68.44730656652014,-0.3488513639341919,47.3985360134897,0.1192609861221996,61.064544439315796
-5.124727531893445,1.4112404329649595,1.846864253036442,-4.893048346442548,-2.177850230526008,-0.8232721581363638,-16.107482678043457,-16.569302336541984,23.378939459618117,11.00348659239052,36.347371106019274,68.50814399164273,-0.3382227769609852,47.45755166935639,0.06835652252404323,61.1020028591156
-5.126156709760121,1.4070095840039374,1.8453591659288784,-4.894477524309224,-2.18208107948703,-0.8247772452439275,-15.800628008845983,-16.09852038728661,23.747681050666618,11.341366078773902,36.27870951998771,68.54893898162734,-0.32782099007789,47.49323007563924,0.09528754068222955,61.12641477584839
-5.126979281317894,1.404424520273352,1.844614386334174,-4.895300095866997,-2.1846661432176155,-0.8255220248386319,-15.657075433131643,-15.924722255640441,23.96901439628147,11.382391346202626,36.23369894938312,68.57234454697435,-0.3240768113445071,47.51503563723295,0.11609178065040826,61.14105725288391
-5.1286326325998886,1.3998923409266626,1.8428431856606524,-4.8969534471489915,-2.189198322564305,-0.8272932255121537,-15.488608034199377,-16.364595534689425,24.160672395531922,10.905400808283387,36.1623574181904,68.61769228190698,-0.31066921812417553,47.55281501845982,0.2277939517766363,61.166807413101196
-5.129028642267504,1.3975056612271346,1.8418262802851983,-4.897349456816608,-2.1915850022638326,-0.8283101308876075,-15.63630853205381,-16.27615373089266,24.10652130046409,10.847651464248424,36.12611176098325,68.64020073078702,-0.30161340617155297,47.57489324748229,0.2298346953961854,61.17889595031738
-5.130385537554772,1.3928676449951218,1.8399409312496529,-4.898706352103875,-2.1962230184958456,-0.830195479923153,-15.386300677840527,-16.5378248987415,24.065019636507966,10.99863372937762,36.053885256089714,68.68571059899524,-0.2862734714810421,47.61504687170851,0.17744887467756598,61.20616316795349
-5.129763982570955,1.3926334911053113,1.8397735122658858,-4.898084797120058,-2.196457172385656,-0.8303628989069203,-16.716225436839622,-17.85705268060469,21.9896930992061,10.787742663261785,36.05148599411228,68.68566180043558,-0.28336599632019277,47.62022347670029,0.10261999816819944,61.21867251396179
-5.133379672495199,1.3858601975974814,1.8365888809377,-4.901700487044302,-2.203230465893486,-0.8335475302351061,-14.816452345954644,-17.32301673324696,24.216154886953277,10.797918512672245,35.95258665334165,68.7621136425959,-0.2567515550017431,47.67197272547902,0.014688340689781754,61.24633502960205
-5.134503209191197,1.3835114516676523,1.8353992418488145,-4.902824023740301,-2.205579211823315,-0.8347371693239913,-15.166333093098487,-16.65974481376991,24.701023314952085,10.222979949511576,35.91958217057761,68.78870148436752,-0.2460194765765213,47.690562242011325,-0.016066103242496688,61.25850296020508
-5.134928133217434,1.3790414512770344,1.8328221513500198,-4.903248947766537,-2.2100492122139332,-0.8373142598227861,-14.95106307692136,-16.696663232624193,24.65690563417924,10.558899447941629,35.86193798835333,68.83450268399598,-0.218219384714362,47.73387978342607,0.20858925865754152,61.287129163742065
-5.135837555087142,1.3768872180118643,1.831736770517571,-4.904158369636245,-2.212203445479103,-0.8383996406552352,-14.491254989008855,-16.36849264478033,25.07972936367945,10.90860488290095,35.83137523015073,68.85833296015916,-0.20828081116229025,47.751423386023696,0.21050144387731162,61.299418210983276
-5.137238096657635,1.3724818343751441,1.8287061862743417,-4.905558911206738,-2.216608829115823,-0.8414302248984642,-14.01123250555496,-15.76739460565931,25.288339037383782,11.852346678896616,35.782382419786124,68.91121406829707,-0.17479371351852432,47.790199903507244,0.12096975371723673,61.32622480392456
-5.138155748683714,1.3708796998195187,1.8278679249312892,-4.906476563232818,-2.2182109636714484,-0.8422684862415166,-13.67053999398555,-15.29284849459335,25.42379062333376,12.589744288145985,35.760020007605206,68.9301613122699,-0.1672889542097664,47.80217568774201,0.12240229592702878,61.33862853050232
-5.139273391723355,1.3663055854566,1.824764084191267,-4.907594206272459,-2.2227850780343674,-0.845372326981539,-13.950203073108637,-15.869046220159147,24.928589661149562,12.315935419862722,35.70808537191559,68.98335134104798,-0.13266057743516815,47.8438083529448,0.056475340485691916,61.3659610748291
-5.1400218016156,1.3641979001338669,1.8233680700363628,-4.9083426161647035,-2.2248927633571007,-0.8467683411364431,-14.014337882003527,-16.111300849991792,24.91963831653084,11.995407302225972,35.68346860723364,69.00856945631801,-0.11758159819222962,47.86189130607226,-0.7062522886286144,61.378551721572876
-5.141907802531915,1.3606156155045281,1.820891384417716,-4.910228617081018,-2.2284750479864393,-0.84924502675509,-14.057319932788424,-16.42899849814687,25.259028992242445,11.129457936812033,35.643211077683326,69.05473909288844,-0.09129162029970536,47.88996264174488,-0.8294403976065636,61.40348434448242
-5.142572012534202,1.3579194881809087,1.8192152359388731,-4.9108928270833045,-2.2311711753100587,-0.850921175233933,-14.146413873129447,-16.753743113032332,25.06300695006853,10.962682286960439,35.60967057474823,69.08496170860626,-0.07323838780591156,47.914235993926894,-0.7095997437902035,61.419644355773926
-5.144329616336471,1.35418717555856,1.816621877932128,-4.9126504308855745,-2.2349034879324075,-0.8535145332406779,-13.830123220777272,-16.40168886167034,25.251349329166427,11.451554763691131,35.567645973506394,69.13229564441421,-0.04533351573414605,47.944348194029914,0.06818294104750411,61.44624066352844
-5.145139525471488,1.3523779994399008,1.8150252174707586,-4.913460340020591,-2.2367126640510664,-0.8551111937020475,-13.777149094312602,-16.429052159140213,25.214092311582334,11.540105059630156,35.552978230041006,69.15761817601141,-0.02652136404583997,47.95947977464675,0.06072733015195109,61.46057081222534
-5.146602361084329,1.3485224365818753,1.8121791083080558,-4.914923175633433,-2.240568226909092,-0.85795730286475,-14.271123453423185,-16.613047549521458,25.028722200358892,10.912326626180926,35.512154610297,69.20631795158315,0.005417812916793149,47.99227109112516,0.06457201705037718,61.48467040061951
-5.149292350067109,1.3433953264472758,1.8076509163180545,-4.9176131646162125,-2.2456953370436916,-0.8624854948547513,-13.828025563443799,-16.95585880633678,25.173935417383568,10.967738021578628,35.47018518279014,69.27972350306902,0.058157724089147,48.03325048147208,0.12163409545775039,61.52414393424988
-5.15083530435769,1.340013766991938,1.8045635452743651,-4.919156118906794,-2.2490768964990293,-0.8655728658984407,-14.071495486640414,-17.19257026920833,25.09955971743862,10.489338482161163,35.44408611062302,69.3279529893856,0.0948473578958484,48.06136356183801,0.1252803768667512,61.549407958984375
-5.151958057990228,1.3383175230437878,1.802958301756325,-4.920278872539332,-2.25077314044718,-0.867178109416481,-14.04180118541527,-17.154782934816495,25.19971672295053,10.410811675975616,35.43188901170761,69.35399422186002,0.11356809036496518,48.07394515609428,0.13651279960479723,61.56440043449402
-5.152905685209401,1.336742313824521,1.8010222050949563,-4.921226499758504,-2.2523483496664465,-0.8691142060778496,-13.904861761573596,-16.97474542492292,25.265918933535314,10.66680872628837,35.428163620513075,69.38115044828899,0.13794590673535168,48.08650775168938,0.08683493908370199,61.57729983329773
-5.154997129419844,1.333467232222441,1.797563824803861,-4.9233179439689465,-2.2556234312685266,-0.8725725863689449,-14.170373623764766,-17.169941999350055,25.01998573278567,10.427717241960533,35.41065321515255,69.43382577742226,0.17970993722453532,48.111455238417555,0.151568038799879,61.604939222335815
-5.158516293772341,1.3287867112551046,1.7924859774419728,-4.926837108321444,-2.260303952235863,-0.8776504337308331,-12.980194995273521,-16.169656802731197,25.757613367057257,11.958141749816614,35.387765471317365,69.5122706205335,0.24059136237044706,48.14478570056113,0.05374402042812232,61.64614510536194
-5.159266320303705,1.3273525917248847,1.7908083495663227,-4.927587134852808,-2.2617380717660827,-0.8793280616064831,-13.083072424714778,-16.144485785798604,25.857471642748227,11.691752919454128,35.38284202830931,69.53589619054351,0.26163613542506026,48.15657238556127,0.17275501361613266,61.65787672996521
-5.16114545791875,1.3237081761433014,1.786961004162615,-4.929466272467854,-2.265382487347666,-0.8831754070101911,-13.919136949748847,-15.71391872730053,25.743213292506955,11.041163920106868,35.36310511451105,69.59268585871513,0.3087634072861789,48.186177428242,0.1769177711796468,61.684489727020264
-5.16222346849141,1.322715200958583,1.7853874753313175,-4.930544283040513,-2.2663754625323844,-0.8847489358414884,-13.85725120288645,-15.703961039610522,25.8773152877886,10.928627033463352,35.36673424670899,69.61441596760204,0.328743244168548,48.19222736008841,0.17829063775022735,61.696911096572876
-5.162749744125422,1.319612220095098,1.7819962098637427,-4.931070558674526,-2.2694784433958697,-0.8881402013090631,-14.260739145131868,-15.673403809978971,25.51895745917416,10.88400271114597,35.35192180102608,69.65932641386438,0.37239040032171483,48.222297359578725,-0.001067458538061672,61.721943855285645
-5.166636743810073,1.3169290319371898,1.7785284425574428,-4.934957558359176,-2.272161631553778,-0.8916079686153631,-13.063922599197832,-15.85740735800051,25.952713981502953,11.760881294955189,35.3480625173434,69.71601459191736,0.4126844800218741,48.2334140838943,0.01631590177905995,61.74734020233154
-5.167808842033977,1.3150512075476795,1.7763066390060396,-4.936129656583081,-2.2740394559432877,-0.8938297721667665,-13.431614784893608,-16.14886599846145,25.74995213125856,11.231757263343164,35.34191308354594,69.74790788421245,0.44027414063605047,48.2479050832195,-0.6101298758972442,61.7629177570343
-5.171247509796567,1.3107456188757847,1.7706646355604256,-4.93956832434567,-2.2783450446151825,-0.8994717756123802,-13.902337995528933,-16.01789581104954,25.659355453025864,10.759096949615412,35.3372274396266,69.82819017289721,0.5106501901523691,48.278234023845314,0.17410390957146404,61.80179405212402
-5.173137695245186,1.3079676262025393,1.7674999436695167,-4.94145850979429,-2.2811230372884284,-0.9026364675032894,-14.357040091698213,-16.324061579263855,24.975647304988623,10.775399148927189,35.32590407519648,69.87506726531043,0.5492868071706597,48.29875452379394,-0.12290659976191964,61.826507568359375
-5.1750164771108675,1.3062045809108143,1.7655407659237223,-4.9433372916599705,-2.282886082580153,-0.9045956452490838,-13.320374461558377,-15.165760987858212,26.088056361442348,11.746538718984125,35.31777386216128,69.9071470308024,0.5718942948792631,48.30866808487114,0.024567035337324405,61.841574907302856
-5.1777641294783745,1.3018684791595292,1.7603840912613955,-4.9460849440274774,-2.287222184331438,-0.9097523199114106,-15.767146530215971,-16.197749278224197,23.817371686290308,10.462615770986746,35.30376846375107,69.98114307661456,0.635814190766081,48.34170131170456,-0.12975829528612337,61.88192701339722
-5.181602685156713,1.2992480463750955,1.7564852667237871,-4.949923499705816,-2.289842617115872,-0.9136511444490187,-12.96410680473738,-15.802827446534536,26.430634452117847,11.061469730894428,35.308836204642176,70.04042870990101,0.6826686023264078,48.352610611999225,0.005064647843164849,61.9099907875061
-5.183641932328008,1.2953706879771267,1.753086669857185,-4.951962746877112,-2.2937199755138407,-0.9170497413156209,-13.554759195482962,-15.892358989183553,25.567097684811127,11.34080523993308,35.27486648522269,70.0957176190231,0.7219062215674156,48.382733146097024,0.03728463779641089,61.9372980594635
-5.186467137831805,1.291463948539575,1.7490162786677277,-4.954787952380908,-2.2976267149513925,-0.9211201325050782,-13.482489786753431,-14.64163537001007,26.2641968136273,11.579648873163336,35.25179982130529,70.15936792178039,0.769978294873632,48.41018242530065,-0.08031674700860325,61.964961767196655
-5.187588082567887,1.2893171315876315,1.7469817444046782,-4.95590889711699,-2.2997735319033357,-0.9231546667681276,-13.86976873961147,-14.284386999139397,26.05726153234211,11.63127672403195,35.235525227142915,70.19110389784684,0.794040367126144,48.42698082846058,-0.08268529105465117,61.980018854141235
-5.191773723381178,1.2837528625034098,1.741501331525416,-4.9600945379302805,-2.305337800987558,-0.9286350796473901,-13.783019132331317,-14.414474480045111,25.612362919387024,12.25141099054093,35.19667168382169,70.27995250999847,0.8573052565471595,48.464891983969466,-0.07660618296912691,62.02522277832031
-5.193362888809177,1.2824693339969493,1.7398862320239377,-4.961683703358281,-2.306621329494018,-0.9302501791488684,-13.397708988760604,-14.283830082929686,26.17583145073641,12.087538680860753,35.193841411687586,70.30555565327523,0.876154871819983,48.4711497222322,-0.03752185782704842,62.037357568740845
-5.195677141696119,1.2792326965118508,1.7370308301920434,-4.9639979562452226,-2.3098579669791164,-0.9331055809807627,-13.001172744929743,-14.791445931840757,26.330529135920457,11.920012925754117,35.16515378149886,70.35420802710786,0.9080419096967836,48.49335830159438,-0.43763776699656365,62.06402897834778
-5.196917975545169,1.277743408906317,1.735646913270621,-4.965238790094272,-2.3113472545846503,-0.9344894979021849,-13.036248515727653,-15.00660342766807,25.961414735103396,12.181317025721754,35.15314107317255,70.3778104834084,0.9234666895262287,48.50284006912823,-0.19208549991602553,62.07684898376465
-5.199256883068334,1.2742910673250687,1.7320356859596715,-4.967577697617437,-2.3147995961658987,-0.9381007252131346,-13.06497136534521,-14.434072222595614,26.599351345521765,11.712518502594918,35.13243482865569,70.43349098385846,0.9663204649772728,48.52755633108858,-0.22574966646504357,62.10242581367493
-5.202371218058858,1.2695632676464648,1.726960595908786,-4.970692032607962,-2.319527395844503,-0.9431758152640202,-13.062639060280608,-14.557389934092567,26.244859325923976,12.084263604763708,35.10622728676511,70.5103760265311,1.0271109580040256,48.56183143091155,0.004814401627841747,62.139644384384155
-5.204601500202623,1.2657268581177377,1.7232810460691996,-4.972922314751726,-2.32336380537323,-0.9468553651036065,-13.132885310852034,-14.193071117587115,26.15683433621062,12.433525409109116,35.07697234884197,70.5682578820686,1.0702510253201578,48.590509856349115,-0.12710126364024532,62.16439509391785
-5.206995142951943,1.2623967520493244,1.7196321663868832,-4.975315957501046,-2.3266939114416427,-0.9505042447859229,-12.830604315163734,-13.806036051176756,26.74684766859837,12.341819246496051,35.059578583385395,70.62373994295608,1.1137950864869746,48.613706968850785,-0.09046143236322024,62.19065189361572
-5.208226284874556,1.2608449175277157,1.7177353061547698,-4.97654709942366,-2.328245745963252,-0.9524011050180363,-12.803090635839824,-13.714562087943825,26.91321466134564,12.198329586183748,35.054967042923074,70.65153980296007,1.1368650860092444,48.62415379230481,0.08030038402465145,62.202935457229614
-5.2110876032093225,1.2560293473585924,1.7122373167575864,-4.9794084177584255,-2.333061316132375,-0.9578990944152197,-12.92471265734523,-14.27323706621097,26.166946858347494,12.552114076758901,35.03365208317491,70.7311381012947,1.2042517758562725,48.660449379433075,-0.13929462156223682,62.24079656600952
-5.213375925287671,1.2517105636319716,1.7071710378716913,-4.981696739836774,-2.3373800998589958,-0.9629653733011148,-12.90060569912854,-14.063276191590226,26.182775517568974,12.737012713749339,35.016872064895885,70.8024981989724,1.2672379218301575,48.69426577897846,-0.08258468615157266,62.27038884162903
-5.214779822022474,1.2499492005663737,1.7049719180325393,-4.983100636571578,-2.3391414629245935,-0.9651644931402668,-12.933586514504661,-14.238096727080553,26.11747152136713,12.591682154372226,35.01236085265319,70.83442226899759,1.2940690992391404,48.70603755356924,-0.2540541907318312,62.285300493240356
-5.215934513009368,1.248793938486433,1.7031206403520334,-4.984255327558472,-2.340296725004534,-0.9670157708207727,-12.107449964862814,-13.866981856510858,26.761806445252443,13.208964875770288,35.01680189442906,70.85938521427292,1.3174582922131215,48.713049620423625,-0.09295425789373812,62.2979519367218
-5.218088530383592,1.2446003491629618,1.6981850630984394,-4.986409344932696,-2.344490314328006,-0.9719513480743665,-12.754067171610611,-14.394497053792241,25.995260991872247,12.828876729268123,35.00064605609477,70.92854677816642,1.3789402076085444,48.746049494688876,0.06682960240268976,62.329296350479126
-5.219209174140872,1.2431117803956382,1.6960897923272418,-4.987529988689975,-2.345978883095329,-0.9740466188455641,-12.597893756484407,-14.547713146628919,26.158315504798413,12.652074027650094,35.0011168536532,70.95708595557285,1.4053184076219702,48.756435157648525,-0.20807600260274484,62.34265184402466
-5.222522548672933,1.2378069097960693,1.6888085547993406,-4.990843363222036,-2.351283753694898,-0.9813278563734655,-11.911835319254553,-13.715154157445152,26.98682764202189,13.219330947583279,34.999462059160024,71.0547828428551,1.4977318244056652,48.79623011746744,-0.26233606904805207,62.3849310874939
-5.223282419727855,1.2360918542105226,1.6869940648312585,-4.991603234276958,-2.352998809280445,-0.9831423463415474,-12.636414091289305,-14.091944349531913,26.42971144760266,12.586739523376483,34.98904057659204,71.08105120631835,1.519975360708228,48.81001408173968,-0.1994125980218424,62.3976628780365
-5.226708455736004,1.2309457166247528,1.6795079373902957,-4.995029270285107,-2.3581449468662146,-0.9906284737825104,-12.634637370915215,-13.545326334202821,27.056554422218486,12.118511536630189,34.99515046849693,71.17988398078353,1.6155742607198889,48.84780684904324,-0.2630739748170985,62.44055390357971
-5.228773007554449,1.2281151414919214,1.6751784084520494,-4.997093822103552,-2.360975521999046,-0.9949580027207565,-12.116564799073789,-13.415483779233163,27.080854551331413,12.977966843176613,35.002444165170026,71.23655326348735,1.6709962447803575,48.86788531543958,-0.18422191032523472,62.4662880897522
-5.229724581932774,1.2266051624692373,1.6732112954843479,-4.998045396481878,-2.3624855010217303,-0.996925115688458,-11.890931199294013,-13.214467490765767,27.11175918007233,13.457298539666214,35.00001383133161,71.26358951685297,1.69563135537636,48.87897442312396,-0.19643641790886868,62.478553771972656
-5.231479410013511,1.2234722425508668,1.6684409198300427,-4.999800224562614,-2.3656184209401006,-1.0016954913427631,-11.76997581913378,-13.330733825333745,27.244355688414963,13.297147869356898,35.00778904224926,71.3241597003517,1.7576423052356003,48.90346156954358,-0.19224155571797485,62.50553584098816
-5.2323108811502355,1.2220660068559812,1.6662881975315158,-5.000631695699338,-2.367024656634986,-1.00384821364129,-11.928679916195412,-13.187739592650125,27.230420246807732,13.209457344382116,35.011505374499414,71.35160255420355,1.7855575225911282,48.914244399629254,-0.19035577388376979,62.51803278923035
-5.234268118714541,1.2192752267463494,1.6622046856560342,-5.002588933263644,-2.3698154367446183,-1.0079317255167717,-11.458447379303987,-13.070032738036904,27.51512507692174,13.57734163915059,35.0153548941252,71.405764352364,1.8374600858472163,48.93408594392634,0.005645217894109322,62.542853116989136
-5.23680617524505,1.2147528334200353,1.6555816816268023,-5.005126989794154,-2.374337830070932,-1.0145547295460036,-11.964150464578012,-13.089957681707755,27.362060213038095,12.982134958720362,35.02180901749705,71.49122041895187,1.922875750350338,48.96897267996563,-0.20425505502015096,62.58194589614868
-5.238088203289007,1.213246115728829,1.6532050974371213,-5.006409017838111,-2.3758445477621386,-1.0169313137356848,-11.586426312342176,-13.186880284772123,27.86143779670585,12.677321115781979,35.02712806487244,71.5226245289056,1.9530253184223545,48.97874266959374,-0.20222146255463347,62.5971839427948
-5.23902812952544,1.2100144851408152,1.6489459118291836,-5.007348944074543,-2.379076178350152,-1.0211904993436223,-12.152511902497716,-13.316435356755496,27.139463412299307,12.773635202198209,35.022950090754755,71.57681830075875,2.0086024651363332,49.007117986238924,-0.08088780991883127,62.62203645706177
-5.241686481439606,1.205997780795396,1.6426316776065053,-5.010007295988709,-2.3830928826955713,-1.0275047335663008,-11.440338169096824,-13.065675797161798,27.836966805608917,13.004885360246655,35.036907738779874,71.65757128228341,2.0901291724159035,49.03638596625897,-0.16928588568122205,62.65980839729309
-5.243584274597328,1.2033496062818625,1.638379135912646,-5.011905089146432,-2.385741057209105,-1.0317572752601598,-10.926088150391509,-13.085174272839625,27.897563580386517,13.64295862990716,35.04786565125977,71.71203925260394,2.144909833209813,49.05503660020626,-0.09998312658872077,62.6876175403595
-5.245345844012021,1.1997030383128335,1.6331573421860068,-5.0136666585611245,-2.389387625178134,-1.036979068986799,-10.763391184408466,-12.687984819490667,28.365914507900165,13.553543720062487,35.05103717340131,71.77902811624176,2.212448835097322,49.08399590009554,-0.14687595322026326,62.71913409233093
-5.2467415421692225,1.1971488020262422,1.62907273124369,-5.015062356718326,-2.3919418614647254,-1.0410636799291162,-10.880893024816162,-12.744875621798508,27.923920531891934,13.964679712525815,35.061429962618796,71.8298458220392,2.2658878391582897,49.10380843914414,-0.12930373050012633,62.74348735809326
-5.247811626242505,1.1957338869863123,1.6268499899071087,-5.016132440791608,-2.393356776504655,-1.0432864212656972,-10.49986176099847,-12.288523294326529,28.438305412246304,14.210972363408477,35.06641724902807,71.85877783635975,2.2942528238237023,49.11340831451752,-0.11332468992628186,62.75596594810486
-5.250914076921161,1.1899453314483925,1.6176501713394207,-5.019234891470265,-2.3991453320425746,-1.0524862398333852,-10.887291072694223,-13.028699155243611,28.27344411212142,13.074524472214723,35.08915928470855,71.97331304143015,2.414539312752467,49.15831295901218,-0.11481599324741953,62.80837154388428
-5.250910317374083,1.188846783902821,1.6154300054139719,-5.019231131923187,-2.4002438795881464,-1.0547064057588342,-11.012087431636221,-13.409940975987816,27.70817877022468,13.356112490637493,35.10273601384846,71.99655918668186,2.4458200858240122,49.169777288177436,-0.11306624351678352,62.821149587631226
-5.2526576902293565,1.1858235720974237,1.6105853756799449,-5.02097850477846,-2.403267091393544,-1.0595510354928612,-10.601320562473752,-13.245520291193595,27.82182237922354,13.928126806190676,35.11555064199712,72.05717148656734,2.5089416951832315,49.19256743895947,-0.10893549402190317,62.8476939201355
-5.253159954544946,1.1843529559433472,1.6077654933269487,-5.021480769094049,-2.4047377075476204,-1.0623709178458574,-10.74723108752024,-13.234993791332382,28.094080228023405,13.315823870396517,35.130859500279975,72.08897644618366,2.547414970027934,49.20549021407797,-0.10669070682885451,62.86026167869568
-5.254769966877011,1.1812085281609552,1.602720093048967,-5.023090781426115,-2.407882135330012,-1.067416318123839,-10.63747847786765,-12.386176835164136,28.595600890964192,13.546039499103975,35.144504411985416,72.15133668224408,2.6135828025933865,49.230019761793514,-0.1023846996327773,62.88595914840698
-5.25537838309986,1.179872390722818,1.6004721968249913,-5.023699197648963,-2.4092182727681495,-1.0696642143478146,-10.383993082210754,-12.552783809423806,28.768715759771133,13.492201971166363,35.15237291316086,72.17836892749801,2.6434348085643022,49.24082727834077,-0.11457801188782035,62.89832925796509
-5.256347295361438,1.1768918920028542,1.5954635308181122,-5.024668109910541,-2.4121987714881135,-1.0746728803546937,-10.985626726106569,-12.879222998134834,28.186318975048636,13.117327453975523,35.16993837756873,72.2372390992218,2.7107844414208313,49.26661849385335,-0.13851504319429075,62.92300367355347
-5.257328610071472,1.1756710847648983,1.5929061154222808,-5.025649424620575,-2.413419578726069,-1.077230295750525,-10.329508091396791,-12.356667503861482,28.81152585706358,13.676445441904614,35.187063341924656,72.26736985933458,2.744743382862331,49.27486999868043,-0.07089515889363351,62.93554329872131
-5.258477391992714,1.172331284598698,1.5873871461930102,-5.026798206541818,-2.4167593788922694,-1.0827492649797956,-10.589212166775539,-12.551122004976676,28.414223272382724,13.671255513962384,35.20513415247598,72.33287233504682,2.818638488485511,49.303314411795064,-0.21166875969153676,62.96388816833496
-5.259449484599446,1.1708531614648647,1.5844103784036543,-5.02777029914855,-2.418237502026103,-1.0857260327691518,-10.038331965927481,-12.237751654807619,29.02740162094919,13.877828254175112,35.223710203886945,72.36766089056651,2.858395366180659,49.314132887298946,0.14720069101287248,62.97722911834717
-5.2601409009010744,1.1678464609309347,1.5791841726551463,-5.028461715450177,-2.4212442025600325,-1.0909522385176598,-10.750519034088745,-12.9158149574682,28.16311672813899,13.412007183431136,35.245349982547914,72.42742967632806,2.9295821625952057,49.34131955145267,0.01548182230930717,63.004355907440186
-5.260859846381864,1.1662526115021201,1.576337418379786,-5.029180660930967,-2.4228380519888475,-1.0937989927930198,-10.556994026592463,-13.166272671757087,28.271273333528786,13.27752703603097,35.258371896796426,72.4609714494259,2.9676777968994563,49.35417274269077,-0.04319228680564802,63.01875829696655
-5.26243241206133,1.163197077205535,1.5711951826140735,-5.030753226610434,-2.4258935862854325,-1.0989412285587323,-10.064054834367594,-12.143097187245568,28.755441453375877,14.299140327644889,35.27714879397463,72.5235377989129,3.035478755105541,49.37770170878756,-0.19373631223393506,63.04609560966492
-5.263076455306528,1.1614854522777707,1.568444563406354,-5.031397269855631,-2.427605211213197,-1.1016918477664521,-9.975278732811466,-11.965922221785764,29.153279316598606,13.993868220833495,35.28514257620357,72.55674472404499,3.0720251121002486,49.39183415336002,0.04320208322391661,63.05825209617615
-5.2638077188187005,1.158844618055995,1.563919492846297,-5.032128533367803,-2.4302460454349726,-1.1062169183265091,-9.786733316370029,-12.093257243509315,28.925554897992058,14.487023386747952,35.303221118758245,72.60923838499468,3.1332696694968054,49.41493217453624,0.07981664551714385,63.08293175697327
-5.265216540314219,1.1556946355637223,1.558730900083543,-5.033537354863323,-2.433396027927245,-1.1114055110892629,-9.370880849132154,-11.883081283092816,29.3255009537664,14.702195545625951,35.32066014955054,72.67215468191267,3.201912589871949,49.439897858884414,-0.056566622311310155,63.10929846763611
-5.265175763761194,1.1542561806540939,1.5563371025017734,-5.033496578310298,-2.4348344828368735,-1.1137993086710327,-10.070076075886782,-12.389634694560234,28.798183186805133,13.923638290625428,35.32922519421416,72.6986673696839,3.2352185548709427,49.45434532412729,0.16129874964539592,63.12091422080994
-5.2658052268309365,1.1513080908136122,1.551667143378861,-5.03412604138004,-2.437782572677355,-1.118469267793945,-10.850154959026652,-12.89656942597154,27.974236625347594,13.464991759552873,35.3420028882379,72.75371244171946,3.2982521241571776,49.48059186892396,0.08557653814042432,63.14528799057007
-5.2666681612266135,1.1503944796527739,1.5495637148201222,-5.0349889757757165,-2.4386961838381938,-1.1205726963526836,-10.43545801262326,-12.630874986102587,28.316523028953345,13.828577845914,35.3592715570941,72.77820911153937,3.3261468184650065,49.48608618461849,0.02141539610247989,63.15728497505188
-5.267354820628425,1.1472714135677344,1.5447429722844288,-5.035675635177529,-2.441819249923233,-1.125393438888377,-10.790562601191224,-12.799441043114209,28.003652612005283,13.580578704532803,35.37039579461967,72.83564242243892,3.3909604437988,49.51364316893009,0.025629918316049327,63.18214535713196
-5.2704321836486745,1.1431290484086014,1.5353283834633715,-5.038752998197777,-2.445961615082366,-1.1348080277094343,-9.487095349945614,-12.645707155193106,29.274333928975338,13.735644726150506,35.447191635389146,72.94284593596768,3.517435807299325,49.54198224767743,-0.01439853116247125,63.232632637023926
-5.270341806278265,1.1399522161325557,1.5319829680333124,-5.038662620827369,-2.4491384473584117,-1.1381534431394935,-10.107520092724625,-12.535003069026974,28.714195927070385,13.752511975693086,35.426808216962584,72.98649031224261,3.5616831679220136,49.57256300692999,0.040803652084591135,63.25063157081604
-5.27068236299304,1.138483795934973,1.529313836857447,-5.039003177542144,-2.450606867555994,-1.1408225743153588,-10.453668629566039,-12.95591787666961,28.209209449039143,13.559940525624208,35.440530694239,73.01671375976207,3.598201611884093,49.58554415154083,0.08050613583410549,63.263103723526
-5.270955948552168,1.1365692376149072,1.5265046379847815,-5.039276763101271,-2.45252142587606,-1.1436317731880243,-10.664319521380072,-12.723064476396768,27.95582624545758,13.85162845588707,35.444599073893535,73.05033193340189,3.6360845200874112,49.602869682916115,-0.010809174650597164,63.27822661399841
-5.272137019409052,1.134002912040541,1.5217863046098001,-5.040457833958156,-2.4550877514504266,-1.1483501065630057,-10.449353996699571,-12.415613190305555,28.218945775145052,14.070236748928345,35.46982820343298,73.10562914124324,3.6992900478220347,49.622885860704606,0.06334558616091979,63.302101612091064
-5.273368199213334,1.1301264300437617,1.51529564906672,-5.041689013762438,-2.458964233447206,-1.154840762106086,-10.399448265243935,-11.889915760077937,28.289925278715604,14.551218400278316,35.494982042406825,73.18232709264224,3.7864754837902335,49.655181804428686,0.07816633748518242,63.33827829360962
-5.273174666899939,1.1279359296157416,1.5102055596415886,-5.041495481449043,-2.4611547338752255,-1.1599308515312174,-11.743712365760492,-12.923750269964524,26.635957915791987,13.959665040689423,35.53925766636233,73.23366663688284,3.8594495864802,49.67802127102156,0.0819638323996923,63.364121437072754
-5.27493641185146,1.1254329326107404,1.5076586894522692,-5.043257226400564,-2.463657730880227,-1.1624777217205369,-10.89342738097241,-12.502199643387636,27.775788531735888,13.926431992743796,35.52107844630741,73.27378076370091,3.888481568546629,49.69368703413273,0.08463637134314528,63.376304388046265
-5.275742055444528,1.122367467676629,1.502000142257748,-5.044062869993631,-2.4667231958143385,-1.1681362689150578,-10.46497629261557,-12.493817162336804,27.890772249783147,14.384073874781825,35.55248392165648,73.33799922786258,3.9657802641338185,49.72003100897045,-0.018720482064510158,63.40385317802429
-5.276146760176333,1.1206367720973016,1.4994536277467887,-5.044467574725436,-2.4684538913936658,-1.1706827834260172,-10.246419307635014,-11.726616623256705,28.42411701793513,14.690782389418144,35.55658489149021,73.36905808390846,3.999752098622853,49.7348045650813,0.03984818905391485,63.41618728637695
-5.27733497929201,1.1179699882341207,1.4949808531734412,-5.045655793841113,-2.471120675256847,-1.1751555579993647,-10.134695174893565,-11.380862543077944,28.74151352729467,14.710064754654889,35.57455978889098,73.42312509867978,4.058964558000654,49.7552498314332,-0.7587273236608247,63.44102740287781
-5.278488011411554,1.111340150647257,1.4844224860403057,-5.046808825960657,-2.47775051284371,-1.1857139251325004,-10.771865563906852,-12.11585000394398,27.565583404892887,14.737803429506428,35.607874830806026,73.54710669936398,4.202260191861917,49.81366537177844,0.05733978151095798,63.495896339416504
-5.279659075013905,1.1078351063696719,1.478839184710313,-5.047979889563008,-2.4812555571212958,-1.1912972264624928,-10.384898284811795,-12.201603551525327,27.909653895753774,14.689594845226642,35.62567836304793,73.61461545551794,4.276601622431735,49.84191843578043,-0.022348209084482207,63.5237934589386
-5.281668532472815,1.1009471714889312,1.4679829210495638,-5.049989347021919,-2.4881434920020364,-1.202153490123242,-10.079875495516372,-11.425736172240008,28.749900417546296,14.637296789751163,35.658611741000975,73.74546752831678,4.4216856619055624,49.89845567262507,0.2215595997578319,63.575642824172974
-5.282949777464898,1.0936432898204689,1.4564804598699568,-5.051270592014002,-2.4954473736704985,-1.2136559513028493,-10.18757305244777,-11.372751330755138,28.351445748486768,15.1019607570497,35.69400300747469,73.881421989327,4.577634958331999,49.961852993514654,-0.678715291297614,63.63033175468445
-5.283431861568491,1.0908310429592378,1.4516696870303551,-5.051752676117594,-2.4982596205317296,-1.2184667241424507,-10.459401251003458,-11.702458508183744,27.667833054997278,15.358940337121261,35.71621975430399,73.93675086231102,4.643489047324084,49.986352293017156,0.014975237904714334,63.65575289726257
-5.284108046278872,1.0878171583429554,1.446759101581259,-5.052428860827976,-2.501273505148012,-1.223377309591547,-10.437203860383418,-12.35640272623124,27.379915117476077,15.11557515478369,35.734763424950444,73.99469171741896,4.70994197274346,50.01174530929683,-0.12161743783831724,63.681118965148926
-5.285787989401171,1.0824579032467525,1.438558396170916,-5.054108803950274,-2.506632760244215,-1.23157801500189,-10.18291093102536,-11.093921199141136,28.23456072937704,15.507980875568181,35.756188958686515,74.09521264273961,4.818796704869455,50.054434366687495,-0.0019051694913061468,63.718886852264404
-5.2862301828214004,1.0781083778826515,1.431344465660593,-5.054550997370503,-2.510982285608316,-1.2387919455122132,-11.076451361532916,-13.018627516651186,26.3562920553523,14.92491920330228,35.786389577660266,74.17815933740911,4.918082408771176,50.09323684548308,-0.04272703283548118,63.757863998413086
-5.2870777557042565,1.0751705924894224,1.4263662379166013,-5.05539857025336,-2.513920071001545,-1.2437701732562048,-10.68117966882461,-12.538331094133778,26.84135955663564,15.272564565714614,35.80931152468576,74.23684962036427,4.985238274262041,50.11694611684318,-0.005758870490651269,63.7832305431366
-5.28757929941717,1.0726591910793062,1.422914075135714,-5.055900113966274,-2.516431472411661,-1.247222336037092,-10.891924495037825,-12.579023984109753,27.01003881085945,14.683847489547226,35.81089482379913,74.2800266818759,5.031140633890637,50.137925114374255,-0.01197851071201761,63.79596447944641
-5.288228649088436,1.0701690771645662,1.4186702446674624,-5.056549463637539,-2.5189215863264014,-1.2514661665053435,-11.123768788251075,-13.317958313586649,26.061869134431877,14.911500239986607,35.83107754830964,74.32976649928383,5.088617406262098,50.15824717876961,-0.03661780233042222,63.82081151008606
-5.289778272963572,1.0642834759745596,1.4096809028877941,-5.058099087512675,-2.5248071875164078,-1.260455508285012,-10.49012275957118,-11.731698882928507,27.48461341060855,15.396919476439939,35.8554843337249,74.43929398917949,5.208715746884739,50.20575190907869,-0.03350583366169957,63.861345529556274
-5.290505895818219,1.0622045886237477,1.4062852734108038,-5.058826710367323,-2.5268860748672197,-1.2638511377620023,-10.691828182926029,-11.698594643857026,27.360778232771324,15.302254122334192,35.86922881216955,74.48030844862346,5.25394941001124,50.22173063509159,-0.45761135542087406,63.87732410430908
-5.291035917737611,1.0587435477356286,1.4004879548106164,-5.059356732286714,-2.530347115755339,-1.2696484563621895,-10.4928431174462,-11.135111223210753,27.566510961384626,15.861021373791148,35.89565664168688,74.54753025548955,5.333356510903688,50.251346956821074,-0.3213877947735124,63.90730166435242
-5.291532402761402,1.0566403259413273,1.3974867545375402,-5.059853217310505,-2.53245033754964,-1.2726496566352656,-11.01986601512179,-11.813808849154809,26.831047073565877,15.44585066045279,35.89975695945022,74.5848768272019,5.373252387347988,50.26839544759767,2.6934150093934504,63.92256140708923
-5.291680647998517,1.055440803914526,1.3952211615092787,-5.0600014625476195,-2.533649859576441,-1.2749152496635274,-11.3476978688071,-12.35775525964264,26.137811106088684,15.396699727960904,35.91494127362937,74.61008185051801,5.404742594663023,50.278842985241624,-0.10107145937319828,63.935410022735596
-5.292921096216363,1.0514223995385672,1.389266401469909,-5.061241910765466,-2.5376682639524004,-1.280870009702897,-11.072107066650165,-11.50893472107422,27.30804291898824,14.949084965455903,35.92802996637894,74.6841415499422,5.483456251694795,50.310056968446595,-0.12400371437214552,63.960819721221924
-5.292913900675491,1.0499832421234228,1.3865969991151794,-5.061234715224595,-2.5391074213675444,-1.2835394120576267,-11.640624690816928,-12.272493716529903,26.53368578939654,14.467071284069354,35.945310873628074,74.7134271325531,5.521038819396867,50.32334922588621,2.6791351930185927,63.97597336769104
-5.294883226740882,1.0446772396887223,1.378584027658484,-5.0632040412899855,-2.5444134238022453,-1.2915523835143219,-10.197272879025421,-11.523650608541583,27.951308647762694,15.231490315609085,35.96644093714157,74.81351743737332,5.626258872959359,50.36291101620187,-0.11961108315566005,64.01441526412964
-5.29562744784948,1.0409147686358597,1.3723651648075958,-5.063948262398583,-2.548175894855108,-1.2977712463652102,-10.16247307274147,-11.933649766352204,27.365907679644636,15.679417214743689,35.9943376794573,74.88664731346248,5.710850424189436,50.39387712760802,-0.11439739508989266,64.04657936096191
-5.296055199913833,1.0389214233886006,1.3690065261497693,-5.064376014462937,-2.550169240102367,-1.3011298850230368,-10.44465361521125,-12.006836576596836,27.01387606091738,15.689840212017263,36.010742806887556,74.92601348851487,5.756531727246425,50.41010470817378,-0.16790997946711617,64.06206440925598
-5.296337087728064,1.036737659466452,1.3658699527100593,-5.064657902277167,-2.5523530040245155,-1.3042664584627466,-10.316399828596648,-12.11366545844585,27.12941413626525,15.587303787865878,36.01592131516938,74.96430228508889,5.798954272481347,50.428584785645654,2.1244852334907245,64.07729935646057
-5.297373059775234,1.033287263499305,1.3607448774331008,-5.065693874324337,-2.555803399991662,-1.3093915337397053,-10.327360160637369,-12.12207485759897,27.03674096498366,15.667693038853647,36.02815032990413,75.02801869967293,5.86678324440937,50.45511841072948,-0.13246820336830734,64.10154509544373
-5.2971598562362106,1.0301810697038185,1.3540093311494572,-5.0654806707853135,-2.558909593787149,-1.3161270800233487,-12.108541275634538,-13.553234285628807,24.99581693912933,14.557129376251304,36.09029468952166,75.09843593488023,5.96321421969311,50.484402435910624,-0.09919932954791033,64.13962292671204
-5.299348518283115,1.026277434092918,1.349537477660037,-5.067669332832219,-2.5628132293980492,-1.3205989335127688,-10.809035806257913,-12.166463863165788,26.943822158775866,15.02630516765103,36.07251760386839,75.16336474849756,6.0169203705395375,50.50950012369938,-0.11830490869192989,64.15701675415039
-5.300259382721616,1.0231622404587217,1.344349512401672,-5.068580197270719,-2.5659284230322457,-1.325786898771134,-10.22489813999613,-11.52901616084396,27.90949489882452,15.104077029085747,36.09752531278938,75.22527474690432,6.086651321448256,50.53344374157572,-0.02486090256748419,64.18166947364807
-5.3003284754820275,1.0217747969755724,1.3420123904035641,-5.068649290031131,-2.5673158665153952,-1.3281240207692417,-10.573513129366091,-11.65259483265874,27.459810199353026,15.12001904703434,36.10940468842286,75.25201102049087,6.119126539850456,50.545591822400574,-0.2058842126771907,64.19420838356018
-5.300966965348505,1.0178495359210942,1.336156505412827,-5.069287779897609,-2.5712411275698734,-1.333979905759979,-11.038579192736591,-12.220095569787633,26.771168248954456,14.840399770320643,36.1247404937875,75.32312628670749,6.198290511500489,50.577813190689724,-0.20074521504675502,64.22113752365112
-5.303366701242127,1.0115614275070706,1.3262091645758392,-5.071687515791231,-2.5775292359838966,-1.343927246596967,-9.758143381854751,-11.245434204700187,27.90546961958832,16.00361876936395,36.16348092511805,75.44583992561822,6.329393364824853,50.62314931145697,-0.32374036606868106,64.2713475227356
-5.303638465920986,1.0097895567270503,1.3234755920893004,-5.0719592804700895,-2.579301106763917,-1.3466608190835054,-9.556964541617564,-11.215673897759043,28.067500402192017,16.081054942632935,36.17283363368581,75.47863318679838,6.36653298170944,50.637675446172,-0.18531868852800226,64.28373122215271
-5.304240544162261,1.0082908415066267,1.3209564072510638,-5.072561358711364,-2.580799821984341,-1.3491800039217423,-9.175951957946573,-10.666813748402571,28.645184547370835,16.35854787011449,36.1858781696249,75.50915190167966,6.399904716271444,50.648305392148984,-0.18325787298705354,64.29597353935242
-5.305074269084066,1.0050200708660988,1.3159146972198568,-5.073395083633169,-2.584070592624869,-1.3542217139529493,-9.221814777066756,-11.337500895598941,28.232709117260924,16.159565921204496,36.20321707630988,75.57070319248446,6.467362495302258,50.67355220627986,-0.2727691374984129,64.32274174690247
-5.305804320789667,1.0034112417645948,1.3131951078932018,-5.07412513533877,-2.5856794217263728,-1.356941303279604,-9.41855276039044,-11.452030428411854,27.92109070235841,16.186118974695365,36.217758210437296,75.60385243550985,6.503141752872209,50.68453787036817,-0.16264843192736933,64.33773732185364
-5.306719148017519,0.9998769046848329,1.308010236250587,-5.075039962566623,-2.5892137588061344,-1.362126174922219,-8.210138344871222,-10.273732534643438,29.33226898009617,17.113309347021808,36.230173865239024,75.66836782978271,6.572025325021718,50.7116243070302,-0.11118637881706217,64.3619921207428
-5.3071547005567705,0.9981939033433328,1.3054194015843277,-5.075475515105874,-2.5908967601476345,-1.3647170095884782,-8.123575416490953,-9.779043827990186,29.90052907170618,16.923046124796063,36.239191151666304,75.70005550639786,6.606656096313822,50.72450502855794,-0.23564383222105878,64.37432408332825
-5.3075858481596185,0.9952593926435476,1.3006229478861502,-5.075906662708722,-2.59383127084742,-1.3695134632866557,-8.661943525513916,-10.36314806624614,29.393441358447117,16.239053156903953,36.2620879879362,75.75651661621393,6.672267223172845,50.74840089303979,-0.05801877403671174,64.40057611465454
-5.309216720665854,0.9900340502682736,1.2928545227046264,-5.077537535214957,-2.599056613222694,-1.3772818884681794,-8.592891939671023,-10.33037315198466,29.28894815526725,16.489235067949892,36.28358758309872,75.85364187290126,6.774751285348465,50.78692469446343,0.047241048838594146,64.43827891349792
-5.310023498808509,0.9870800656752148,1.2881717722511543,-5.078344313357613,-2.6020105978157524,-1.3819646389216518,-7.602890428800964,-10.158190655811508,29.893839963575925,17.209609447131076,36.30332671922088,75.910510900454,6.837415647401466,50.80915387213467,-0.056719369147331555,64.46169567108154
-5.310193221730048,0.9852700964314746,1.2855163414269026,-5.078514036279151,-2.603820567059493,-1.3846200697459035,-7.941164285123312,-10.390821716390167,29.67343680534971,16.78409910474165,36.31004606341774,75.94270261417361,6.873644809924015,50.824186924353455,-0.054370056544723155,64.47414541244507
-5.311468697218173,0.9818583207514365,1.279883711533384,-5.079789511767276,-2.6072323427395308,-1.3902526996394218,-8.243754799703416,-10.639999068129901,29.203739102056396,16.73023101204433,36.338885300473876,76.01121501827187,6.948264472146608,50.848223964231714,-0.14826512339253473,64.5018482208252
-5.312103125074373,0.9783334260828933,1.2745208525773033,-5.080423939623476,-2.610757237408074,-1.3956155585955026,-7.329437111219646,-9.957755832450541,30.32526470905157,17.1328823308729,36.35720018555442,76.07637463035053,7.020710603159543,50.876015424120965,-0.09671461531439984,64.52768754959106
-5.31258549683791,0.9762462237038304,1.2714760693451161,-5.080906311387013,-2.612844439787137,-1.39866034182769,-7.401742911472588,-9.570486062057043,30.570280671453016,17.063142217295862,36.36472149189279,76.11425888244037,7.061300186330608,50.89196005045041,-0.18787865815222204,64.54019379615784
-5.314176435079713,0.9719203133954764,1.2646138598175432,-5.082497249628817,-2.617170350095491,-1.4055225513552627,-6.8320173817668,-9.22165617999762,31.18549315479994,17.32938695497927,36.394828901775284,76.19890645842494,7.151751724184915,50.92228668668102,0.0383697282520723,64.57614350318909
-5.314575423400511,0.9682672564989332,1.2593229166013988,-5.082896237949614,-2.6208234069920344,-1.410813494571407,-7.039016190039617,-9.694503486087523,30.962738212499822,16.82548125500017,36.407357691263,76.26363790255515,7.223675663572558,50.95201903533422,2.9144237568163627,64.60227823257446
-5.315164322500234,0.9668179506861413,1.2568187007108276,-5.083485137049338,-2.622272712804826,-1.4133177104619785,-6.923640839585996,-9.672946803456057,31.061907743535798,16.858454802421274,36.423009506316674,76.29379497034674,7.256860422836008,50.961865354925465,-0.10506240516890664,64.61467218399048
-5.315715334857465,0.9633832755764158,1.2516830868941997,-5.084036149406569,-2.6257073879145514,-1.4184533242786062,-6.955917996258495,-9.964743299591527,30.567943148554836,17.20612302495824,36.43925294488198,76.35648394227722,7.326320228710093,50.98892873829348,-0.006757803567356113,64.64141869544983
-5.316473132250239,0.9615410465113198,1.249073207678641,-5.084793946799343,-2.6275496169796475,-1.4210632034941648,-6.833792626789151,-9.908197164173739,30.707643081922928,17.22314658803843,36.444147667437434,76.39033539360386,7.359867209377374,51.001363965557594,-0.04669937093088539,64.65523791313171
-5.317345735175938,0.958172669333116,1.243417273826891,-5.085666549725042,-2.6309179941578513,-1.4267191373459152,-6.434671182390447,-9.743495031816135,31.0887085304472,17.399007747686955,36.47681652951438,76.45770930364436,7.4361507301627245,51.0262894072818,-0.02798782366943975,64.68469977378845
-5.317635786191912,0.9565774291998178,1.2410753454016366,-5.0859566007410155,-2.6325132342911495,-1.4290610657711695,-6.599029103738238,-10.093660527814917,30.53173125408712,17.574395795791045,36.48339079173959,76.48660784022708,7.467645707639213,51.038633574361484,-0.04939667068372433,64.69673442840576
-5.318828076767049,0.9520572804827286,1.2345337440542727,-5.087148891316152,-2.6370333830082386,-1.4356026671185331,-6.550422951800843,-9.740543468897018,30.670837345129865,17.789647589966506,36.49960449390647,76.56885354336546,7.554224256742952,51.07188936795574,-0.06712965907814539,64.72875666618347
-5.31937344651403,0.950388478133864,1.2319716049184648,-5.087694261063134,-2.6387021853571033,-1.438164806254341,-6.452472346959439,-9.509747881489968,31.134328493362226,17.496762527489413,36.509609073887866,76.60069201743474,7.588029978885426,51.08365900725003,0.024184829077837477,64.74147462844849
-5.319766383452877,0.9494911226335372,1.2300899407330812,-5.088087198001981,-2.6395995408574304,-1.440046470439725,-6.59727099221388,-9.85119389627462,30.90429370688787,17.245700019206975,36.5286512945284,76.62208106499283,7.613411595416058,51.089498244771704,0.06311083814548102,64.75384736061096
-5.32067448759003,0.9454238019109293,1.224602399256511,-5.088995302139134,-2.643666861580038,-1.4455340119162952,-6.402370030644614,-9.758630540556567,31.19165775318273,17.180438652444785,36.53278395522827,76.69250446369126,7.685888460997102,51.12002421164249,0.06808791757396637,64.77880120277405
-5.322436325778992,0.9406663136733571,1.2169531064961419,-5.090757140328096,-2.6484243498176103,-1.4531833046766642,-5.954287840819695,-9.361040954099945,31.68585239137904,17.493210719997645,36.57139087751211,76.78664262065453,7.786667221153612,51.15238661085642,0.08379130412627767,64.81778526306152
-5.32343318281494,0.9375610624062926,1.2121542214065433,-5.091753997364043,-2.651529601084675,-1.4579821897662628,-5.694629007013574,-8.876977040305425,32.05447735805121,17.8265751054068,36.591548600155726,76.84612933669275,7.850050834533849,51.17413246483951,0.0033866930049226696,64.84214925765991
-5.3234475836593536,0.9364548657457318,1.2099852535650553,-5.091768398208457,-2.6526357977452357,-1.4601511576077506,-5.789423571375168,-9.05673169229169,31.548433485441617,18.22890340646886,36.61150645910835,76.86997918528985,7.880675316174568,51.18332512038608,0.037918444702786935,64.85426211357117
-5.324794757996266,0.9329914896344597,1.2044694961304323,-5.0931155725453685,-2.6560991738565076,-1.4656669150423736,-6.004943027784318,-9.193733254767467,31.42665364619708,17.911019214783085,36.638881989013164,76.93830999137889,7.9529749173965545,51.20641458000179,0.08001484511182788,64.88195180892944
-5.325486823732281,0.9313865121723799,1.2018836503489365,-5.093807638281384,-2.6577041513185877,-1.4682527608238694,-5.873298658899995,-9.06900634849544,31.67175704323233,17.863116010739574,36.65249117574197,76.97040620211168,7.986679080174354,51.21678396132933,0.21819598351543235,64.89437627792358
-5.326390037757461,0.9266828965736225,1.1937921927329849,-5.094710852306564,-2.6624077669173447,-1.476344218439821,-6.82639725789288,-9.8392735559461,30.202773684279652,17.741448888267346,36.707286343085286,77.06535288877721,8.097027969837722,51.25199476979292,0.1027735423470375,64.93528270721436
-5.327423732989613,0.9235745514428247,1.1885246533997695,-5.095744547538716,-2.6655161120481425,-1.4816117577730366,-6.310116988351614,-9.012605269789209,31.055730588011233,18.121692725879083,36.74166630906913,77.12872276351703,8.167213207046387,51.27324953466998,0.031957653709624445,64.96101403236389
-5.3274658536845445,0.9228066004834321,1.1866175402229513,-5.0957866682336475,-2.6662840630075353,-1.4835188709498546,-6.352306102848336,-8.902486873458585,30.88503896098362,18.421587244664657,36.7674069794256,77.14856564639844,8.19434742889952,51.27933986927475,0.10837948762260918,64.97325897216797
-5.328778609935252,0.9181528195824431,1.1797230521574553,-5.097099424484355,-2.6709378439085243,-1.4904133590153505,-6.629358543820654,-8.805708574475988,31.152379147106473,17.686686095214174,36.79144270420808,77.23497593351105,8.285414139656805,51.312214703778814,0.08146257535086665,65.00407481193542
-5.329016607586593,0.9173138625732707,1.177850310187813,-5.097337422135696,-2.6717768009176965,-1.4922861009849928,-6.6649188686725775,-8.822098477955825,31.02527262288848,17.798175191707507,36.81384473078532,77.25553614295461,8.311223458192199,51.318011431846024,0.040596368141121886,65.01619052886963
-5.329965859749883,0.9144804783283812,1.17310141031528,-5.098286674298987,-2.674610185162586,-1.4970350008575262,-6.383131498406149,-8.967594103340954,30.724553758587287,18.46259441634708,36.84461674978765,77.31293626331934,8.374341178875566,51.33718048732345,-0.0447028387070576,65.04427647590637
-5.330579470765635,0.9132675283493261,1.1706933056691193,-5.0989002853147385,-2.6758231351416413,-1.4994431055036865,-6.19966932090329,-8.911598028326937,30.921190945524422,18.489934303040744,36.868691023430294,77.34105005846705,8.406208707769302,51.34438089802964,-0.04290593063466108,65.05771017074585
-5.331204217128558,0.910332340427676,1.1659818291808097,-5.099525031677662,-2.6787583230632914,-1.5041545819919961,-5.893612626707651,-8.148455920773012,31.75067085492007,18.535955273428847,36.89503544130605,77.39788632471026,8.46975236523217,51.36578256393804,0.18152798336764597,65.08184385299683
-5.331024757323463,0.9093679243308063,1.163724152468823,-5.099345571872566,-2.679722739160161,-1.5064122587039828,-6.4155323854730275,-8.712673215852776,30.824481045444724,18.5096658164949,36.924409805239,77.42110494753634,8.502597491248094,51.3743629362994,0.03304953995574156,65.09637665748596
-5.331322296222796,0.9062246300999343,1.1585445790160271,-5.099643110771899,-2.6828660333910332,-1.511591832156779,-7.810700592244815,-9.570128886685827,29.495795958828694,17.468158589370194,36.957040045741785,77.48203276164507,8.573986112047553,51.39880896790002,0.03265640720518981,65.12288403511047
-5.331526708332829,0.904876407453865,1.156244666722693,-5.099847522881932,-2.6842142560371025,-1.513891744450113,-8.476130551812416,-9.704887405813881,28.955329654035836,17.132667405299355,36.97342878258712,77.50900317355924,8.60549562451917,51.40891665135705,-0.05930764018898049,65.13547730445862
-5.3316945280449275,0.9017828988670131,1.1495500626271715,-5.10001534259403,-2.687307764623954,-1.5205863485456343,-8.768647802807335,-10.883700348511297,27.468095583329504,17.524156036705424,37.053207179331686,77.58126871910096,8.70001434196322,51.4330688255909,0.001974745142652168,65.1753876209259
-5.333006809637807,0.8983868350991018,1.1444016717009151,-5.1013276241869105,-2.6907038283918654,-1.5257347394718908,-7.432754241260234,-9.702683937482423,29.26329667815825,18.125495032041286,37.076279620819946,77.64633185695077,8.766843857592852,51.45500721598849,0.04852443659524042,65.20169806480408
-5.33336290478691,0.8969458966450615,1.1419842022466407,-5.101683719336013,-2.6921447668459058,-1.5281522089261652,-6.820338780130221,-9.171435078076684,29.94967217170224,18.582795255690318,37.093103597972934,77.67523300536178,8.799400314315053,51.465126235973074,0.02702909917470997,65.21399164199829
-5.333619991271755,0.8940680622681443,1.1368969144153311,-5.101940805820858,-2.6950226012228233,-1.5332394967574747,-7.2278012700695236,-8.930296026269739,29.840364343942596,18.405659783955684,37.13474369801593,77.73377674204372,8.869949371912913,51.487235133719956,0.012352114693793048,65.24148535728455
-5.3336159470402515,0.8924837768432696,1.1343571664466503,-5.101936761589355,-2.6966068866476975,-1.5357792447261556,-7.521049217209426,-9.021862071054993,29.803618068959356,17.9287539742277,37.150000591689384,77.76356087723666,8.905443498081217,51.50009040358758,-0.05118606267996739,65.25379514694214
-5.334137811088858,0.8899736515062494,1.129510705259972,-5.102458625637961,-2.699117011984718,-1.540625705912834,-7.085294271436784,-8.43043932310229,30.469936643394558,18.210098872253205,37.199179043640726,77.81868564447441,8.971967130933646,51.51786973211679,0.027603777336806523,65.2807104587555
-5.3337029386425,0.8881337697909568,1.1251092826830051,-5.102023753191603,-2.7009568937000106,-1.5450271284898007,-8.558088035700763,-9.954982804384988,28.299261300342387,17.56827266260512,37.26137272919969,77.86359537809295,9.036407162645878,51.534245264175645,0.030814609561670814,65.30718779563904
-5.334375261349436,0.8864365691089121,1.1225617029509127,-5.102696075898539,-2.7026540943820554,-1.5475747082218934,-7.665448447413637,-9.511319156203447,29.07489169884212,18.18871179048297,37.27293165103006,77.89598540737916,9.06933288053462,51.54499673477253,0.0329565425336007,65.31961727142334
-5.33495667474314,0.8821170394590802,1.114739289910283,-5.103277489292243,-2.706973624031887,-1.5553971212625228,-7.649183912109501,-8.84365532249655,29.55161926930655,18.22533400228403,37.343868802654036,77.98596762629097,9.177263749846654,51.57688077713912,-0.14852010314628128,65.3614022731781
-5.335277802054052,0.8809604468978569,1.1125437352123053,-5.103598616603156,-2.7081302165931103,-1.5575926759605006,-6.99122553534841,-8.461875143812856,30.219789153253867,18.615041781551845,37.36615969482272,78.01130582130526,9.207039295451574,51.58463251404555,0.059603200754676955,65.37359619140625
-5.335263391035998,0.8780931487068026,1.107540920265658,-5.103584205585101,-2.710997514784165,-1.5625954909071478,-6.913884369677057,-8.49856525518868,30.51687826339457,18.237520677733748,37.40819649500496,78.06850142248933,9.27737065978643,51.60751480869966,-0.07708311734532458,65.39822578430176
-5.335427621451911,0.8756413123372603,1.1025691463550649,-5.103748436001015,-2.7134493511537072,-1.5675672648177412,-7.629907479948044,-8.932883744997593,29.829489536082445,17.70650388467484,37.466138643831535,78.12336764014007,9.347161041994475,51.62603281978395,-0.07330667806500824,65.42572402954102
-5.335179421014071,0.8736198471672244,1.099436880285496,-5.103500235563174,-2.715470816323743,-1.57069953088731,-8.03660474758192,-9.192870340330046,29.586222196395532,17.17488291241717,37.48400436820827,78.15997711887388,9.391795653385241,51.643264476256036,0.01385573728082612,65.4388644695282
-5.335492168956715,0.866461953947046,1.0870972847057878,-5.103812983505819,-2.7226287095439217,-1.5830391264670183,-7.807102200172738,-9.00082293729351,29.765920282885677,17.410813730307456,37.58786654423624,78.30269494626857,9.56388405980756,51.698384422775575,0.08957273582097436,65.50225615501404
-5.335953937139333,0.8651738517968991,1.0849973483318505,-5.104274751688436,-2.7239168116940684,-1.5851390628409556,-7.405509964798736,-8.632379424531686,30.46120049790846,17.349342832469432,37.602970697577085,78.32850137640823,9.591494744188939,51.706518634102146,0.058431805074022236,65.51441478729248
-5.335163825181018,0.8619726759634894,1.0800331344403924,-5.103484639730121,-2.7271179875274782,-1.5901032767324137,-8.342055125638485,-9.478930442695976,29.11552901852547,17.048341232752293,37.632698605675735,78.38558320375884,9.66384246023404,51.735319852731564,-0.002916121031983465,65.53904676437378
-5.336285578205367,0.8585763005729029,1.0748831304350621,-5.104606392754471,-2.7305143629180644,-1.595253280737744,-7.070259323174315,-8.655972923339094,30.646750859183832,17.51058068757389,37.66073529754787,78.45036002095377,9.731258689004544,51.75721132119971,-0.06897748906748813,65.56576919555664
-5.336292202253251,0.8564325930285671,1.0720180955925582,-5.104613016802354,-2.7326580704624,-1.5981183155802476,-6.991222500446194,-8.39417696002983,31.027465312201077,17.317339967666186,37.6661218955574,78.48639360456072,9.770819191291563,51.774230126364394,0.008718461653195675,65.57841610908508
-5.335948823543576,0.8508539461239819,1.0643048750398045,-5.104269638092679,-2.7382367173669855,-1.6058315361330016,-7.826317542986482,-9.266596617542833,29.734138187794404,17.050474596891394,37.68873595794493,78.58132206587574,9.879043062054546,51.819898011558735,-0.021818482468429323,65.61694002151489
-5.336518918840838,0.8469091964329605,1.0590789939728595,-5.104839733389941,-2.742181467058007,-1.6110574171999466,-7.47761045950789,-9.05735508772823,30.005050415588176,17.362406782722193,37.69742383936989,78.64878385934142,9.949003556043875,51.84860196887177,0.13775268414719566,65.64441990852356
-5.3368114105837865,0.8444644899487865,1.056496961291678,-5.10513222513289,-2.744626173542181,-1.6136394498811282,-7.165184015624996,-8.612657349114555,30.49613974107592,17.557557427637153,37.68118050842799,78.68526429393913,9.98285775158201,51.86688846134954,-0.014432279648476154,65.6570177078247
-5.337365849184063,0.8406590819735972,1.0516014336871335,-5.105686663733167,-2.7484315815173703,-1.6185349774856725,-6.646587399303702,-8.342440785270131,31.096984695911562,17.696896607810835,37.684753702511365,78.74924138148145,10.04817468472542,51.89450735687203,-0.014620194193393665,65.68297505378723
-5.337955617370945,0.838844363891781,1.0493547565969523,-5.1062764319200475,-2.7502462995991865,-1.6207816545758535,-6.221953677343488,-8.216255785287972,31.683578315942388,17.565503294524813,37.683534348132255,78.77989068071874,10.07672291621761,51.90625834422179,-0.05947103389609776,65.69547319412231
-5.338002960248838,0.8347383348789198,1.044867417472703,-5.106323774797942,-2.7543523286120477,-1.6252689937001028,-6.0932457875256745,-7.823151533755773,32.08697896515998,17.53906867748516,37.66084441666482,78.84127517848952,10.137612718309764,51.93871595125523,0.020154663860949107,65.71981596946716
-5.338100765357779,0.8326541236438066,1.0424175198196806,-5.106421579906883,-2.7564365398471606,-1.6277188913531253,-6.554462478517808,-8.228272162757243,31.539002109207168,17.220692424348613,37.655001126269426,78.87399362968009,10.17078769681761,51.95476681490284,-0.13698261372279408,65.73279666900635
-5.338344015465549,0.8273842509791538,1.0371809208857745,-5.106664830014653,-2.7617064125118134,-1.6329554902870314,-7.253417566784002,-8.292534384047501,30.755362583558224,17.25281310831719,37.60770626187568,78.9491597427872,10.240498155299228,51.99571387380628,-0.13139999710860373,65.76066088676453
-5.338198384132248,0.8256687042018884,1.0350797648514227,-5.106519198681351,-2.763421959289079,-1.6350566463213831,-6.994354094937881,-8.28813472014086,30.692040690165605,17.75104207666266,37.60558971122721,78.97621468237931,10.269987406302043,52.009835272805546,-0.2748180624091887,65.77584409713745
-5.338637946754228,0.8213912838940177,1.0308532240752557,-5.106958761303332,-2.76769937959695,-1.6392831870975504,-6.44177198802197,-8.36917579077499,30.648902496025656,18.523664529229517,37.565777423580926,79.03768067447204,10.32527221046542,52.04191642990272,-0.10142748881087815,65.80112481117249
-5.339713465179702,0.8163037616676914,1.0260266418749096,-5.1080342797288045,-2.772786901823276,-1.6441097692978965,-6.076514690011939,-8.321106121727116,31.046151595746014,18.48889400714417,37.51094791228199,79.11059187589193,10.385828379431842,52.0776510576775,-0.09625510207461829,65.82745575904846
-5.340198427485464,0.8109554796064995,1.0212469940947821,-5.108519242034567,-2.778135183884468,-1.648889417078024,-5.870981017659452,-8.283970413143324,31.4616848743294,18.185441408972007,37.44241850234443,79.18331008618473,10.447762962012902,52.11810901350465,-0.05334143701181571,65.85733890533447
-5.340858776920319,0.8044727642821351,1.0154071358225658,-5.109179591469422,-2.784617899208832,-1.6547292753502403,-6.331451335891588,-8.47075896848452,30.80458323481415,18.230121590500126,37.3596823510094,79.2720227463527,10.523261382875537,52.166688206820496,-0.2532510881791481,65.89446640014648
-5.341437140861871,0.8000326611310639,1.0115755330333132,-5.1097579554109736,-2.7890580023599036,-1.6585608781394927,-6.665085677998141,-8.325426824605174,31.072390843712796,17.450461862818155,37.29635337970312,79.33176303596923,10.571979499917123,52.19941317661892,-0.11281501004265326,65.91909766197205
-5.341895889809374,0.7946539789939905,1.0068573522620436,-5.110216704358477,-2.794436684496977,-1.6632790589107624,-5.957366516820626,-7.975600559216693,31.25353146924659,18.596260981312096,37.221358732588904,79.40416069129796,10.633148982629338,52.24000397214968,-0.10745258928068147,65.94830775260925
-5.34227297517688,0.7930630987249975,1.0052557378123383,-5.110593789725983,-2.79602756476597,-1.6648806733604677,-5.8119734148631075,-8.073503200756146,31.20397893226006,18.761585042199037,37.206174168483365,79.42781105946312,10.653305964424327,52.25082531978891,-0.10580396174423523,65.96075987815857
-5.342881228678865,0.7905010483124325,1.0029217993418142,-5.111202043227968,-2.798589615178535,-1.6672146118309916,-5.709575908899087,-7.960022037372655,31.401056036883304,18.725744562481477,37.17296093618052,79.46394000965736,10.682125063896793,52.268355138407266,-0.09387879206588323,65.97335624694824
-5.345542188786112,0.7765047101196555,0.990108234418894,-5.113863003335215,-2.812585953371312,-1.680028176753912,-5.164589839261817,-7.53864128123008,32.19633308271831,18.704616610179798,36.98973598886861,79.66022109452848,10.843274923049671,52.36663866836376,-0.07989743962116425,66.0545802116394
-5.346412611778686,0.7720813245359388,0.9859243022129957,-5.11473342632779,-2.8170093389550286,-1.6842121089598103,-4.873808594089053,-7.104270196218915,32.51327020675468,19.110205911703723,36.935172279408256,79.72340677149433,10.896085525525665,52.39736961671627,-0.005051229523961531,66.08235573768616
-5.346065615135107,0.7704414302239541,0.9843719350141275,-5.11438642968421,-2.8186492332670134,-1.6857644761586785,-5.155812177185133,-7.332142089892526,31.929473962477633,19.304553489033736,36.91487005404039,79.74525152335008,10.918493219869374,52.411694854841194,-0.10652458793864206,66.0946683883667
-5.347084509040953,0.7662981303757217,0.9803641088555027,-5.115405323590057,-2.822792533115246,-1.6897723023173032,-5.666676687119604,-7.628775013695367,31.47670159130307,18.853008168226957,36.8660935703701,79.80564320579577,10.96843359878722,52.43945469136222,-0.008492651509391713,66.11909770965576
-5.34857012839772,0.7602263775000183,0.97406149613874,-5.1168909429468235,-2.828864285990949,-1.696074915034066,-5.6383793370511786,-7.826695996814749,31.042474265659123,19.254918054337107,36.80915093894407,79.89758500049233,11.048008315150737,52.47982428174718,-0.06314443054056174,66.16116118431091
-5.348914472739034,0.7583371071728264,0.9720903925327385,-5.117235287288138,-2.830753556318141,-1.6980460186400674,-5.492545095473836,-7.736321732110183,31.221720104265792,19.29117720382592,36.79159517719726,79.9259990262632,11.073414406929277,52.492872265891215,-0.06115236734166629,66.17325711250305
-5.350308784921794,0.7528631606750316,0.9663292706890084,-5.118629599470898,-2.8362275028159356,-1.7038071404837976,-5.643330416812394,-7.480635594833958,31.099373266559574,19.482627635858762,36.74196130505271,80.0096643523009,11.146085713025933,52.52883104226434,3.0646084014574946,66.2117223739624
-5.351378818437045,0.7483808095302129,0.9614783649857949,-5.119699632986148,-2.8407098539607545,-1.7086580461870111,-5.4927101726272,-6.796439159434478,32.13933373229267,18.86595486072831,36.70562322937249,80.0790889009033,11.20786693965508,52.55843329121296,-0.031883254148676876,66.23831963539124
-5.352353588888863,0.7437164997570564,0.9562335749431278,-5.120674403437967,-2.845374163733911,-1.7139028362296782,-5.481281559205687,-6.633844193119008,32.08091658961793,19.11414741636487,36.67459383894611,80.15261123441189,11.275659184646768,52.58965112479704,0.015404891897478734,66.27407193183899
-5.354396152753178,0.7330115208446424,0.94357193783514,-5.122716967302281,-2.8560791426463252,-1.726564473337666,-6.5487913428384585,-7.384449488262783,30.44313584621337,19.048895997300935,36.62517971693555,80.32601378619027,11.441311038894042,52.661449606277706,-0.3433312416168697,66.34956431388855
-5.354722968271143,0.7307950005324642,0.941020243448527,-5.123043782820247,-2.8582956629585032,-1.729116167724279,-5.723367698514831,-6.734424902568535,31.611730032439436,19.236394021465678,36.612082364970256,80.36114493542432,11.47498981960771,52.6767226055091,0.03914713503945588,66.36469340324402
-5.355344499903044,0.7282527742330263,0.9383386813892879,-5.123665314452147,-2.860837889257941,-1.731797729783518,-5.603913119477066,-6.58188253239766,31.83482269937586,19.223108223000676,36.58759292735662,80.40001602439618,11.508926155337551,52.69328598484971,-0.056721665575326874,66.37954688072205
-5.355774167775865,0.7231916759553454,0.9325986643739282,-5.124094982324968,-2.865898987535622,-1.7375377467988777,-6.01358755084328,-7.123396760422084,30.962439966910164,19.282515748270914,36.553712433801806,80.47884554568239,11.58593178971723,52.72948264969216,-0.06990543709270103,66.41696453094482
-5.356747198006834,0.7184223476505822,0.9278962220451127,-5.125068012555938,-2.870668315840385,-1.7422401891276933,-5.828199750464669,-6.974844252343346,31.359272759158873,19.08799820853116,36.493935930225916,80.54869121970071,11.645589637879135,52.76146317309255,-0.03220559232479747,66.44431757926941
-5.357370050651648,0.7168955204156996,0.9262835277125662,-5.125690865200751,-2.8721951430752677,-1.7438528834602398,-5.453856529599007,-6.9074076861486855,31.689550106166603,19.211826239863395,36.47872016604004,80.57261806568695,11.664912265456916,52.77024867626996,-0.002495950177648254,66.45732617378235
-5.359084984663658,0.7108433057324781,0.9203903108345471,-5.127405799212761,-2.8782473577584895,-1.7497461003382588,-5.264064154976585,-6.233648706925344,32.48060428947735,18.96862398164856,36.398296130118354,80.6617116833755,11.737412441853508,52.80863292540806,0.12554483852848453,66.49874782562256
-5.359271713338853,0.7044493034794138,0.914560494946396,-5.127592527887957,-2.8846413600115537,-1.75557591622641,-5.900374355268454,-6.644024358189261,31.210703500500045,19.453544276358787,36.29631514866739,80.74901637255881,11.815306390425528,52.856451175355964,0.10383536065113486,66.54100584983826
-5.360709170874973,0.6985371497959877,0.9097948117884308,-5.129029985424076,-2.8905535136949796,-1.7603415993843752,-5.1595170526818634,-6.165433640987524,32.35595680277462,19.31161494969812,36.17543333285485,80.82742449021602,11.872550570654026,52.89542885009821,0.11401469220689453,66.57832360267639
-5.361309832120323,0.6943383297840444,0.9067401210871288,-5.129630646669426,-2.894752333706923,-1.7633962900856772,-5.374436853054706,-6.669465665301718,32.06728798722165,18.827783490556456,36.075326936098946,80.87947443765418,11.91019950697382,52.925122699116606,0.0005255139134190401,66.60481786727905
-5.361482218112744,0.6924254236233446,0.9052574802349839,-5.129803032661848,-2.8966652398676227,-1.764878930937822,-5.297322155447784,-6.5837809393883875,32.031933943973705,19.08539579072095,36.03295812924774,80.90370580364042,11.929147763159381,52.93901776005391,-0.025836632942551674,66.61748003959656
-5.362491310438842,0.685599955010057,0.9003524768389884,-5.130812124987946,-2.9034907084809105,-1.7697839343338175,-6.234877679252987,-6.963879203048623,30.91586839982342,18.882550959116806,35.86448225927943,80.98783730537748,11.989340128825434,52.98705791761904,-0.01969019033148367,66.65750455856323
-5.364154001326387,0.6795429547137097,0.8963801142536417,-5.13247481587549,-2.9095477087772577,-1.7737562969191643,-5.879165158846756,-6.653924006267637,31.402020124926388,18.969808004967955,35.69695404288016,81.06096484882366,12.033736794211764,53.02649349100872,0.14968730237716432,66.69408988952637
-5.365378001459742,0.6732119010503783,0.8924994313624149,-5.133698816008845,-2.915878762440589,-1.777636979810391,-5.190673323526435,-6.547829500289842,32.28330078897181,18.73304235697748,35.50811590438942,81.13397816584066,12.078439174395825,53.07007008282285,-0.08424665290988376,66.72817730903625
-5.365986319228855,0.6711073185207327,0.8914122949726807,-5.134307133777959,-2.9179833449702346,-1.7787241162001253,-4.791662982385509,-6.326179349631576,32.57426775753618,19.132197187169098,35.436459981118816,81.1569826225892,12.089405787371302,53.08379666076619,0.07223643551481906,66.74109482765198
-5.366055636180335,0.6691703380976866,0.8901886735695012,-5.134376450729439,-2.9199203253932806,-1.7799477376033048,-4.942783238731864,-6.493877665571241,32.134408756196954,19.379012282766542,35.37925359115916,81.17894352055681,12.104990384200988,53.09841585094303,0.09739042085049654,66.75334811210632
-5.367336172591542,0.6645270465362735,0.8876340929859897,-5.135656987140646,-2.924563616954694,-1.7825023181868163,-4.77059388770014,-6.369396990222978,32.025800337145036,19.899888603916303,35.22543526275756,81.23078449578885,12.131771531732147,53.12880731312966,0.002590544899057079,66.77831745147705
-5.369217206269631,0.6572841952340116,0.8838119368737957,-5.1375380208187345,-2.931806468256956,-1.7863244742990103,-4.240003634889188,-6.007105420606106,33.300238792165786,19.091617777466546,34.97534600023337,81.3099161801544,12.171675805165455,53.17675196295421,-0.015116859196566246,66.81557536125183
-5.3699108581687085,0.6518694873446713,0.8811141675097375,-5.1382316727178114,-2.937221176146296,-1.7890222436630685,-4.343411498776451,-5.799937949080878,33.44670186927887,18.879297289276977,34.77912418570754,81.36613979289278,12.202369097832289,53.21577019666313,0.11119800305523775,66.84103441238403
-5.37069776572892,0.6495247192451581,0.8800419951606958,-5.139018580278024,-2.9395659442458095,-1.7900944160121102,-4.797922527536538,-6.180828176710548,32.729193578747264,18.851985072879533,34.68934633240019,81.39067138569982,12.212053413596509,53.23058230592244,-0.018413524090676425,66.85727524757385
-5.372744377199638,0.6425752979190003,0.8769231314573019,-5.1410651917487415,-2.946515365571967,-1.793213279715504,-4.70523222203016,-6.267690733219663,32.47107239547517,19.242249598263978,34.41800502048156,81.46215269762507,12.241178009139805,53.27571731233607,0.09941027429594396,66.8958113193512
-5.374162924017418,0.6370520226967435,0.874276176736667,-5.142483738566522,-2.952038640794224,-1.795860234436139,-4.0688564207510725,-6.154349422983613,33.17078715465963,19.220506282455524,34.20605463221926,81.51979815174481,12.267752996353314,53.31231267549585,0.10366211884532373,66.92329621315002
-5.3744473970089786,0.6343258632925292,0.8731622592517042,-5.1427682115580815,-2.954764800198438,-1.7969741519211018,-3.551144595251468,-6.0358353663394695,33.31707679465309,19.908972576445294,34.09267372070111,81.54573121747491,12.279911114048945,53.33232284891455,-0.08193524307060684,66.93857312202454
-5.374728025783073,0.6323306904558031,0.872268448582299,-5.143048840332177,-2.9567599730351644,-1.797867962590507,-4.064000659102651,-6.404975904793271,32.695453274414476,19.64299013325344,34.01242693299764,81.56550142072227,12.28964386563788,53.34658224609564,0.03220822737138018,66.95117712020874
-5.37569158483247,0.627668770670737,0.870455840764098,-5.144012399381573,-2.9614218928202303,-1.799680570408708,-4.112443285319371,-6.093485051723158,32.416542423971904,20.299178404865973,33.81212904754507,81.60993658393811,12.306923246777863,53.37872531722828,-0.025355692553547193,66.97654747962952
-5.377863959340601,0.6189478220379205,0.8665119628010832,-5.146184773889705,-2.970142841453047,-1.8036244483717228,-3.033080735342464,-5.377629814923359,33.74437503763391,20.66466100833119,33.45416255348895,81.69822013654834,12.345751368704935,53.436705108978934,-0.04690694479666924,67.01955723762512
-5.37908799956554,0.6161520585757245,0.86531689329725,-5.147408814114644,-2.972938604915243,-1.804819517875556,-2.8748712311199784,-5.271038959451134,34.3488071926409,20.065221230682084,33.33482037919534,81.72692993579145,12.354780417216423,53.45299402578483,-0.08243908780449516,67.03277850151062
-5.383399413199676,0.5967522603397322,0.8576678719264866,-5.151720227748779,-2.9923384031512352,-1.8124685392463193,-2.7907164959272825,-4.977675916385563,34.10558413167229,20.7459198735897,32.45985666638871,81.91111003134587,12.426991341494244,53.58450535743802,-0.02130832963633633,67.13831782341003
-5.383111186667552,0.5948117383272096,0.8569988990648817,-5.151432001216655,-2.994278925163758,-1.8131375121079243,-3.0678084997317465,-5.178930603671211,33.4876921815019,21.02471982714287,32.36654803212756,81.92716941917848,12.436087300527225,53.600863827316296,-0.019820947672762657,67.15075516700745
-5.384304117494661,0.590116040900486,0.8550149312769414,-5.152624932043764,-2.9989746225904814,-1.8151214798958646,-3.084275754775771,-5.287234121766825,33.58182537544143,20.69325649040388,32.153211533384095,81.97284508980778,12.454861153115532,53.63181778076859,0.049332356117465004,67.1769483089447
-5.38586376091528,0.5830573775429777,0.851889658371689,-5.154184575464383,-3.0060332859479897,-1.818246752801117,-3.322718059264045,-5.666811790240907,33.92748199440922,19.29105858729663,31.833924940407048,82.04206163220832,12.486273350232063,53.679188582863205,0.0781000651365682,67.21323227882385
-5.3866892021369575,0.5778797868051431,0.8496592817565346,-5.15501001668606,-3.0112108766858245,-1.8204771294162714,-2.8214182863074195,-5.258679538637335,34.40305072637086,19.75585773023732,31.593844700938817,82.09150917786272,12.509869009449943,53.715328149750526,0.0867039934870446,67.24165320396423
-5.387168529943285,0.5757159250499219,0.8486310592984506,-5.155489344492389,-3.0133747384410454,-1.8215053518743554,-2.6547423255759104,-4.959277152470816,34.68589357520241,19.892743902230524,31.496467348607162,82.11323073215112,12.520536612213064,53.72974992844231,0.06020933061160161,67.25415301322937
-5.387509923154775,0.5712689584089174,0.8466087547729152,-5.155830737703879,-3.0178217050820497,-1.8235276563998908,-1.9065363409187182,-4.555263366273366,35.27006274536922,20.591714861119925,31.291291010158687,82.15575548140892,12.544082576612377,53.7622679637755,0.07774640693703727,67.27968978881836
-5.387633500006606,0.5689975487828669,0.8456768814376362,-5.15595431455571,-3.0200931147081005,-1.8244595297351698,-1.72664738902064,-4.584257401758864,35.031686274351564,21.196869038757793,31.181538663614713,82.17646073973704,12.554854323596683,53.779167528149806,-0.019050268517494473,67.29211354255676
-5.388035514970358,0.56430878842488,0.8435070045334304,-5.156356329519462,-3.0247818750660875,-1.8266294066393756,-1.7026340196885734,-4.64933159457056,35.0067046273192,21.16395576376128,30.963048978940183,82.22155318550304,12.580065024646256,53.81318031938248,0.10659261409896459,67.31938171386719
-5.388693647892854,0.5622087818867726,0.8425227243326116,-5.157014462441958,-3.026881881604195,-1.8276136868401944,-1.6862331968415445,-4.643884356282913,35.04440394423445,21.11666275982613,30.8646206557986,82.24274605692499,12.589339406398222,53.82628315037235,0.02839977492167911,67.33190274238586
-5.389615826215595,0.5566436237743408,0.839861455550572,-5.1579366407646985,-3.0324470397166263,-1.830274955622234,-2.146308175721826,-5.054179602391747,34.9275295086986,20.063919843462777,30.603818350504042,82.29767435980607,12.61849759629572,53.86454723206809,0.1640730228552707,67.36277770996094
-5.3895350135743865,0.5542204881682606,0.8389329055610469,-5.157855828123489,-3.0348701753227068,-1.831203505611759,-1.9633667590609136,-4.996027491395685,34.90294212942737,20.44391107216878,30.480016821255482,82.31859536317188,12.630024182274537,53.883502130937984,-0.026442454997160247,67.38017416000366
-5.390074153717102,0.5521258501559385,0.8380194242245923,-5.158394968266206,-3.036964813335029,-1.8321169869482137,-2.207170804538016,-5.115567999484007,34.83795439378317,20.00641005684265,30.376598566787212,82.33879339531195,12.638813191276501,53.89710388267067,0.06424966157491507,67.3925986289978
-5.389837336688597,0.5479679409004538,0.8361138758391752,-5.1581581512377,-3.0411227225905137,-1.8340225353336308,-2.5714258540104895,-5.38248609083712,34.34660293386919,19.880123906390637,30.174211549613062,82.37713406984821,12.663682875612164,53.92977135350196,0.05818796005748261,67.41687154769897
-5.3907212269755265,0.5414387945083279,0.8331260457490048,-5.159042041524629,-3.0476518689826393,-1.8370103654238013,-1.7408692779249213,-4.381915570981147,35.68364431895617,20.165422323320406,29.851215605498425,82.43951286602521,12.696876222176137,53.97546842500126,3.4365769227249805,67.45462799072266
-5.390146439676546,0.5367284310790387,0.830820493001208,-5.15846725422565,-3.052362232411929,-1.839315918171598,-1.9988832199842352,-4.667434154469113,35.45571961076305,19.763076340967466,29.621699136656964,82.48341468077643,12.728698569559974,54.013617342583665,0.13275676925740676,67.48233199119568
-5.390837437109461,0.5324256280304884,0.8289295216829731,-5.159158251658565,-3.0566650354604787,-1.841206889489833,-1.7301394935934553,-4.533858119637808,35.5464246476684,20.17409403057764,29.400122393219398,82.52380191946492,12.748942790730323,54.043237602204854,0.13600217236624168,67.50936818122864
-5.391466445584864,0.5281440887284045,0.8271879147451424,-5.159787260133967,-3.060946574762563,-1.8429484964276637,-1.8704686244892246,-4.77995427350572,35.46268622526554,19.762327199011466,29.171652675205014,82.56252084495694,12.767295199948837,54.07305275902931,-0.057877487329502486,67.53689646720886
-5.390741842716054,0.5256306063348093,0.8260943285372568,-5.1590626572651574,-3.063460057156158,-1.844042082635549,-2.149103645220368,-5.134827248799773,35.0128815836408,19.627939174154964,29.04002771663367,82.58379023014272,12.784235079737801,54.095315202616106,0.014570386907535315,67.55240559577942
-5.390804302431145,0.5211086034142373,0.8240649092127915,-5.159125116980248,-3.06798206007673,-1.8460715019600145,-2.2082846201371145,-5.088462092545974,34.61655450471804,20.188454779639393,28.802736217503373,82.6250750840961,12.809268509933592,54.12925246922753,-0.10388354138938194,67.57710576057434
-5.3912640810956525,0.5152537156060811,0.8217187657486895,-5.159584895644755,-3.073836947884886,-1.8484176454241164,-2.1548001543503412,-4.637729014382122,35.13834105692622,19.91534807081233,28.479888518352258,82.67652706635637,12.835760611679522,54.17170026418592,3.489699256136264,67.61426067352295
-5.391492810043844,0.5103080507940607,0.8196474800322786,-5.159813624592947,-3.078782612696907,-1.8504889311405273,-1.433996326479389,-4.082081245652643,35.99479961151079,20.302732058600007,28.20730901650882,82.72032648612516,12.860230947023432,54.20814105974086,-0.08165876825702245,67.6431303024292
-5.391235534328761,0.507857884469752,0.8187219796171658,-5.159556348877865,-3.0812327790212155,-1.8514144315556402,-1.4654944876656106,-4.281239712185067,35.99101136319304,20.012678050183396,28.067293097954835,82.740378227721,12.87260985060703,54.227903985095324,0.09381744222003441,67.65815043449402
-5.39030420420163,0.5057338515708435,0.8181685173740433,-5.158625018750734,-3.083356811920124,-1.8519678937987627,-2.0025363702333867,-4.735153830353098,34.88811458231478,20.406339899529335,27.935876090359457,82.75418044277528,12.882987440097057,54.248375797826355,0.07199472012333619,67.67283821105957
-5.390817230749246,0.5016705651765472,0.8167184899003542,-5.1591380452983495,-3.0874200983144204,-1.8534179212724518,-1.9447083704200092,-4.822026766055245,34.75214812199752,20.578725692882486,27.696669061241643,82.78824122969299,12.897861841644295,54.277029433396095,0.028003232491610852,67.69701051712036
-5.3905769073726235,0.498965803412565,0.8157773752175593,-5.1588977219217265,-3.0901248600784026,-1.8543590359552466,-2.051194775388422,-4.976679052214045,34.68344532340765,20.329823358532728,27.53569873083746,82.80956461324418,12.910150867150772,54.29868544731521,-0.8285574654497756,67.71176242828369
-5.390729774144227,0.49402039334115405,0.8143017976775175,-5.159050588693331,-3.0950702701498134,-1.8558346134952886,-2.194897105773713,-4.848739364234121,34.83897393646038,19.972690530117685,27.228634834278395,82.84726273414329,12.926205311897762,54.335838566651574,-0.8250498572639904,67.73956179618835
-5.390725727545086,0.4847445699102289,0.8118470236908079,-5.159046542094189,-3.1043460935807383,-1.8582893874819981,-2.248514619876413,-4.5814590784750875,35.13871590003159,19.647862603953868,26.631815138218194,82.91404256286233,12.953082590007703,54.40698384459193,-0.04911736565330749,67.7943263053894
-5.39039678199163,0.4773855412550438,0.810223692532303,-5.158717596540733,-3.1117051222359238,-1.8599127186405031,-2.825932056705689,-4.8140332512431225,34.22436102837009,19.894550458929167,26.137891714993494,82.9629240006241,12.971164577165485,54.4650660261836,0.06384294592811024,67.83805131912231
-5.390503127253754,0.4749577941221737,0.8096406827198565,-5.158823941802857,-3.1141328693687935,-1.8604957284529495,-2.9646920870328097,-4.856499311373534,34.00330588802274,19.96261039220663,25.975032286197774,82.97976292448067,12.97682370572215,54.48321559072557,-0.06118442025124349,67.85065007209778
-5.389715352469293,0.4692707589172276,0.8079071483284176,-5.158036167018396,-3.11981990457374,-1.8622292628443884,-3.8042735888017702,-5.313107152677644,33.37887308927842,19.067784616014144,25.605544687361853,83.02054349957011,13.000482981803092,54.52998464639302,3.5134486357586994,67.87892770767212
-5.390213939210085,0.46669725126453454,0.8074696564159243,-5.158534753759189,-3.1223934122264327,-1.8626667547568818,-3.3802337018709454,-4.898935935244548,33.88933894228031,19.377507127016226,25.422760504849627,83.03721787306348,13.001975263154604,54.54763616812017,0.019687598834517317,67.8973081111908
-5.390651650634507,0.4637232885245793,0.8066677117316899,-5.15897246518361,-3.125367374966388,-1.863468699441116,-3.2496432198065026,-4.664814276769276,34.1387520535156,19.424850161796446,25.221873847470444,83.0589027749901,13.008768545118844,54.56837778207436,-0.14720975715375584,67.91243815422058
-5.389679179119611,0.45960677355305457,0.805922713561623,-5.157999993668715,-3.1294838899379127,-1.864213697611183,-3.4994623385104733,-5.1255385535910625,33.130123965369975,20.111366267783644,24.929581113707172,83.08258265301764,13.020248953565213,54.60440806890491,-0.03641914225300891,67.93660736083984
-5.390195987269001,0.4529343546523039,0.8046878395366418,-5.158516801818105,-3.1361563088386637,-1.8654485716361642,-3.597667922440087,-4.878411370829046,33.31122177357173,19.90897779554537,24.45002237335464,83.12455835294587,13.0293229364172,54.65342438495005,0.03828236732117052,67.97413182258606
-5.390221498179901,0.44816519904419666,0.8038008507771676,-5.158542312729004,-3.1409254644467706,-1.8663355603956384,-3.7434908625629184,-4.84094363772335,33.43221831896321,19.490682949224823,24.104203005754968,83.15370378109134,13.037518801551048,54.689948088453804,0.08365757803357976,67.99841117858887
-5.391050360341347,0.443217942932224,0.8030119531851578,-5.159371174890451,-3.1458727205587436,-1.8671244579876483,-3.7338621363277267,-4.428338944411924,33.89519440359658,19.16053234654271,23.736577257332527,83.18385154631459,13.040245141122826,54.72434205148031,-0.007107037374428415,68.02583146095276
-5.390564306789917,0.4408631632278059,0.802662921539517,-5.15888512133902,-3.1482275002631614,-1.867473489633289,-3.7261174809970288,-4.4493780798348865,33.559552206805726,19.71282887770905,23.560524300707353,83.1963121066763,13.045349956469472,54.74464982266081,0.06486840105154545,68.03799200057983
-5.390569464531641,0.4381259161323825,0.8022889881496191,-5.158890279080744,-3.150964747358585,-1.867847423023187,-3.97304176614705,-4.71621975240056,33.17598478178571,19.615422599822114,23.35318862547589,83.21141608702428,13.048092016809319,54.76573330189499,-0.0225279401891072,68.0530138015747
-5.3902722814698345,0.4331624379853443,0.8014304522165399,-5.1585930960189375,-3.155928225505623,-1.8687059589562662,-4.3501145525401075,-5.293694503838753,32.533129791173714,19.361758804982543,22.98168424310459,83.23975689704406,13.05722666409014,54.80514646815926,0.12621574630849164,68.07847690582275
-5.3905443881085935,0.4304587219858376,0.8012127568488314,-5.158865202657697,-3.1586319415051296,-1.8689236543239747,-4.149868560418859,-5.220914949040125,32.60803605387631,19.626219647697887,22.768511654061957,83.25346304659607,13.056400257207944,54.8248874585624,0.10436857085794138,68.09333896636963
-5.390845622745839,0.42461388036362263,0.8003679347764336,-5.1591664372949415,-3.164476783127345,-1.8697684763963722,-4.511640265823175,-5.112302875193831,32.546558436624025,19.228637962575245,22.318279311670945,83.2858380782497,13.061574633725382,54.86847633505623,-0.03737955159631845,68.1230399608612
-5.390585056891445,0.4218479442800737,0.7999714334429331,-5.158905871440548,-3.167242719210894,-1.870164977729873,-4.322116166424488,-4.8884984020129085,32.71097603526703,19.51348245800326,22.104099433034236,83.30028790148658,13.065905373543377,54.890892188690366,0.02073778188308495,68.1353931427002
-5.390495903309957,0.41727184197454037,0.7996395614462474,-5.158816717859061,-3.171818821516427,-1.8704968497265586,-3.7865534033679085,-4.478764575028814,33.28202668706417,19.90277807363679,21.73597921976824,83.32148640093892,13.066593618394204,54.92671902105161,0.028231483688071712,68.16106700897217
-5.3903514669171475,0.4149877748108934,0.7994721152343127,-5.158672281466251,-3.174102888680074,-1.8706642959384934,-4.116010295937995,-4.7606195572722685,32.822633157325704,19.778910027649122,21.551542795337138,83.33181117007184,13.067443069938395,54.94503702982297,-3.2968129946436253,68.17265748977661
-5.391254209724827,0.407691242560713,0.7990292200299045,-5.159575024273931,-3.1813994209302545,-1.8711071911429014,-3.9746812358229757,-4.665902747359202,33.27694329410897,19.318303600019746,20.95341576429894,83.36579333650431,13.06224318529155,54.997485575089414,0.015125377418020669,68.20953631401062
-5.390661226318212,0.4027107875748931,0.7988033727651704,-5.158982040867316,-3.1863798759160744,-1.8713330384076357,-4.125579762684225,-4.631737087964611,32.55290708955792,20.272185356205874,20.540878631907983,83.38576883483697,13.063343020135871,55.038730560374795,0.018196300976564217,68.23356699943542
-5.391720322800037,0.3991806058310303,0.7986011140992033,-5.16004113734914,-3.189910057659937,-1.8715352970736028,-3.7227503068746914,-4.380701500124573,33.42770395395883,19.762102932403945,20.24612867292562,83.40265521586262,13.05765888105365,55.061277065159004,-0.15346154967964676,68.25115633010864
-5.391838881740465,0.39130669175813126,0.7986798013097327,-5.160159696289568,-3.1977839717328362,-1.8714566098630732,-4.448003433199035,-5.458471665958715,32.49934572454994,18.817303132393864,19.570052564909503,83.43072569234864,13.047794535609524,55.122041891118634,0.10905966745571583,68.29259991645813
-5.3920139854543585,0.386773306173989,0.7989842906499671,-5.160334800003462,-3.2023173573169785,-1.8711521205228387,-4.121509806086453,-4.735114085518389,32.78693526735079,19.680199393055112,19.169865068654257,83.44413337915033,13.037707351431099,55.156745532133804,3.3206675294461263,68.31725835800171
-5.3919326937045104,0.3840331860584698,0.7988606255676208,-5.160253508253614,-3.2050574774324976,-1.8712757856051851,-4.058634131286247,-4.764284176440442,32.87473936961901,19.59173154115049,18.937042842599922,83.45476669969733,13.037119834502414,55.17827211235747,-0.06983474635280995,68.33019280433655
-5.392013611626112,0.3782794485022107,0.7990453637319677,-5.160334426175215,-3.2108112149887567,-1.8710910474408382,-4.709091061933048,-5.183637026344022,32.02388970526191,19.404213623724523,18.431710951403524,83.47282544298409,13.028004795013707,55.22271384595265,-0.06662577108979129,68.3605968952179
-5.391829660267697,0.3758558888713906,0.7993259601892787,-5.1601504748168,-3.213234774619577,-1.8708104509835273,-4.8166637876964655,-5.155203057230227,31.905662450079767,19.443744453602566,18.212262480470212,83.4779281507059,13.022162804909634,55.242585145911384,0.033201219663161474,68.3736503124237
-5.392433262009793,0.3673812745687166,0.7996372232164191,-5.160754076558897,-3.2217093889222506,-1.870499187956387,-4.3332900647583035,-4.372280724410859,32.53728022445414,20.049283409905602,17.45943030393546,83.50371195004666,13.005791012971525,55.30579607635098,-0.10762466070134735,68.41710996627808
-5.393054851177979,0.3643445902389592,0.799822960040027,-5.161375665727083,-3.224746073252008,-1.870313451132779,-4.562065913691013,-4.602138007774595,32.36376969155093,19.668977364055408,17.185421551730546,83.51262666580566,12.996856740542395,55.32666344414401,-0.10607505794165561,68.43236041069031
-5.393038269792244,0.35971630400904,0.8002108544611147,-5.161359084341347,-3.2293743594819273,-1.8699255567116913,-4.234014049926253,-4.912487143466034,32.50837928600068,19.586593037480057,16.76518896152745,83.52328044500507,12.986280624025234,55.36288332577416,-0.11766601285817213,68.45713019371033
-5.393085148524609,0.35721097333935536,0.8003387063511899,-5.161405963073712,-3.231879690151612,-1.8697977048216161,-3.954779998140774,-4.700993737807022,32.71188412664162,19.93659339089461,16.539310657847373,83.52980890463006,12.981518599999768,55.38215240795921,-0.013076788289872354,68.47010064125061
-5.392801176678475,0.3521721174009248,0.8006349977708906,-5.161121991227578,-3.2369185460900427,-1.8695014134019154,-4.566943474585288,-4.768967206822801,32.01186867094444,19.975456573128422,16.083245420936883,83.54161844854012,12.973158687895566,55.422626967166025,-0.1134905738758949,68.49585318565369
-5.393163023301681,0.34277055884441965,0.8019002677786161,-5.161483837850785,-3.2463201046465477,-1.8682361433941899,-4.1652796736906135,-3.9608183393031933,32.979931716463454,19.929312135095063,15.20765211354413,83.55695178835391,12.942505819389854,55.49467779669992,-0.0852739309666779,68.54818105697632
-5.391829304260227,0.3313958087237413,0.8033360856245723,-5.160150118809331,-3.257694854767226,-1.8668003255482337,-4.056764870551296,-4.06131722178645,32.33370719723744,20.994177187076012,14.148782500671421,83.57151964630619,12.915264366574997,55.58964114850493,0.08504462712377059,68.6127061843872
-5.391856175509217,0.32692279715005723,0.8036532420441791,-5.16017699005832,-3.2621678663409104,-1.8664831691286268,-3.972650865455529,-4.1332609028171,32.67745995881569,20.47515351202911,13.735685452537126,83.58004698338796,12.905620504846608,55.624223282676624,0.021769834096210694,68.63739228248596
-5.3914639900893,0.32416574580418916,0.8039354659482612,-5.159784804638404,-3.2649249176867783,-1.866200945224545,-4.201741445948045,-4.2992308317694325,32.44685523293906,20.275799114578263,13.479321938372424,83.58359209558371,12.900321614906833,55.64745983545501,-0.08462077747351682,68.65317606925964
-5.390684275385388,0.3172873422571042,0.8049993618999784,-5.159005089934491,-3.2718033212338633,-1.8651370492728274,-4.190381723604526,-3.9496790427184485,32.7638387459256,20.156744437721013,12.829941422974034,83.588583262463,12.880679545936191,55.70482012566228,0.06442055174469452,68.69481921195984
-5.390181442054129,0.3148093592172757,0.8052885113138708,-5.158502256603233,-3.274281304273692,-1.864847899858935,-4.209567410678191,-3.922475431345739,32.603125562198755,20.414775467212937,12.59821983064244,83.59076592287708,12.876084649592345,55.726396500027626,0.009495855543295129,68.70969152450562
-5.3890030454845625,0.31040217131048686,0.8059385024386639,-5.157323860033666,-3.2786884921804806,-1.864197908734142,-3.800637420663115,-4.141419168306898,32.26799572557142,21.324623769490355,12.183319093147208,83.5925524535948,12.867209650234624,55.766173140232006,-0.07251670248121656,68.73836708068848
-5.388844248508388,0.30825033168456295,0.8061099416522312,-5.157165063057491,-3.2808403318064046,-1.8640264695205748,-3.771683034478041,-4.061900335942247,32.73917846781359,20.72123113761481,11.982747530282712,83.59546505979593,12.863082692724076,55.78356029320171,-0.047878099296919,68.75064516067505
-5.386475264279822,0.2989771150997437,0.807717135345005,-5.154796078828926,-3.290113548391224,-1.862419275827801,-3.564167586315999,-3.6094787296552657,33.39365618466165,20.50605917374617,11.102964868901976,83.59554605362985,12.840175609680866,55.866900457031576,0.008736104914309983,68.8105800151825
-5.3852942590075195,0.2954964253422485,0.8086739613060095,-5.153615073556623,-3.293594238148719,-1.8614624498667964,-3.631489176264931,-3.8373707715060883,33.167139734027224,20.500014589468755,10.76650310184399,83.59111446750035,12.82758309339417,55.89981741306425,-0.1583918262481605,68.83569812774658
-5.38082764933362,0.2823020143894741,0.8114197805891676,-5.149148463882723,-3.306788649101493,-1.8587166305836385,-3.6397298026061655,-4.689287802906303,33.237232488407955,19.37515473780964,9.50903335135656,83.58133826227159,12.793066735560803,56.02368834779572,-0.062133753933188984,68.91754627227783
-5.379618513262428,0.28005203654705735,0.8120276500003331,-5.147939327811532,-3.3090386269439103,-1.858108761172473,-3.959091655441707,-5.028023542039144,32.565884923110744,19.56290620177247,9.293526486563476,83.57720207531011,12.78718455567903,56.04697940084212,-0.07028402498588093,68.93175506591797
-5.376321457775566,0.2695489821436856,0.8150058286362706,-5.14464227232467,-3.319541681347282,-1.8551305825365354,-4.082792736148781,-4.917378743474379,32.55129274554463,19.505017800538827,8.282340400066374,83.55907902485744,12.746170244105711,56.14503013484248,0.0663512757174809,68.99675679206848
-5.376048736931608,0.2662717068724802,0.8161525579941642,-5.144369551480711,-3.3228189566184874,-1.853983853178642,-3.694806701027399,-4.575573967847067,33.408521434861214,19.10962679271505,7.962821114005024,83.55201578551882,12.726365661440877,56.17232741790874,-0.11052749645016302,69.01739621162415
-5.372444922659337,0.2575017607019993,0.8186090326336438,-5.140765737208441,-3.331588902788968,-1.8515273785391622,-3.463009996450766,-5.041657819382896,33.408534238073194,18.96587287051738,7.126160338110523,83.53374044033697,12.696482968154337,56.25801269805291,0.06763211932950153,69.06904602050781
-5.370709127365265,0.25322618506755457,0.8198611037757009,-5.139029941914368,-3.335864478423413,-1.850275307397105,-3.665866478622875,-5.406865063310027,33.083492656976475,18.75241356132486,6.718892566955781,83.52379988802123,12.680930413942779,56.29972607889109,0.04167871151912905,69.09378218650818
-5.369009228149967,0.24901909565460395,0.8214815412137036,-5.1373300426990705,-3.3400715678363633,-1.8486548699591023,-3.481177258917175,-5.326351187136137,33.2671125547753,18.84742240993203,6.314603108697477,83.509695870298,12.659584499225872,56.34107671995698,-0.045475211395724635,69.11870765686035
-5.368053200069306,0.2464793555789154,0.8225833283042451,-5.13637401461841,-3.342611307912052,-1.847553082868561,-3.79630657933233,-5.561239567690389,32.70211303467649,18.984623082458096,6.069718345893965,83.49986004888706,12.644437929396995,56.365822018097575,0.0776442574870364,69.13423824310303
-5.366256784855391,0.23967932306757317,0.8249060925070083,-5.134577599404495,-3.3494113404233943,-1.8452303186657977,-3.5485268073174208,-5.537724072631018,33.20514234879608,18.589492182528158,5.421700455304569,83.48068211015769,12.609785564307483,56.4279546898088,-0.07870653192970778,69.17154669761658
-5.364227851103914,0.23200916194801374,0.8277840722081392,-5.132548665653018,-3.357081501542954,-1.8423523389646668,-3.734191798084693,-6.220728354450936,32.864708060598076,18.062455332071174,4.692628926223421,83.45536778728516,12.566611439694901,56.49823647786006,0.05143113530335075,69.2133321762085
-5.363101061208293,0.22759106818850916,0.8295685527879192,-5.131421875757397,-3.3614995953024582,-1.8405678583848868,-4.244308255278958,-6.542460302661217,32.36358789159319,17.683545079862103,4.273876992912841,83.43905718086066,12.539519405453794,56.53861586382796,0.053359833273320056,69.23831009864807
-5.362396961165608,0.2252615407173699,0.8304241262707334,-5.130717775714711,-3.3638291227735975,-1.8397122849020726,-3.6341130841679683,-6.268372436416152,32.98958615475679,17.960424023422167,4.054818599852128,83.43102063284199,12.527062682508063,56.560335097146975,0.07320164018074227,69.25090765953064
-5.3617844333637645,0.2200761695167191,0.8323254706822864,-5.1301052479128675,-3.369014493974248,-1.8378109404905196,-3.459562937489072,-5.708504512148964,33.30154495267477,18.34656338752555,3.5664248741438174,83.41438704923242,12.494749197191885,56.60421487145447,0.07541665486391036,69.2778992652893
-5.3610446815317925,0.21723462298456153,0.8332768693201363,-5.129365496080895,-3.371856040506406,-1.8368595418526696,-3.423136208490397,-5.676125976673556,33.561275184866815,18.008384752397003,3.3014824151621283,83.40534677991492,12.480360091686634,56.63005039443406,0.07674525279011135,69.2927839756012
-5.35944651695449,0.21225044608997481,0.8357657134614396,-5.127767331503594,-3.3768402174009924,-1.8343706977113663,-3.4504421873938877,-5.879376934399707,33.09992089598504,18.488821146388457,2.8343696197059285,83.38011832556363,12.443805099106239,56.67748426479046,-0.07605785374666052,69.32129335403442
-5.358604452190699,0.20935156981147557,0.8369841669579198,-5.126925266739802,-3.379739093679492,-1.8331522442148862,-3.898505261989692,-6.3614808785914745,32.212458170855776,18.63601727997572,2.5652191966888154,83.36776918919091,12.425641598521425,56.704451072614035,0.0378065084124346,69.33658933639526
-5.359067072593915,0.20723998020962042,0.8380306014337038,-5.127387887143018,-3.381850683281347,-1.8321058097391023,-3.5509839597271085,-6.079909971807526,32.779618151260614,18.593895444033603,2.366006409125133,83.35880029512651,12.404768549998419,56.71920058267507,-0.07883999200169978,69.34938263893127
-5.357933811040651,0.2026797394510512,0.840209865624621,-5.126254625589754,-3.3864109240399163,-1.829926545548185,-3.618514991658482,-6.187358590391645,32.45179030960536,18.870673889216803,1.9439588326457744,83.33648808856769,12.371124163057727,56.76093022020464,0.035595047306464345,69.374831199646
-5.357177870068036,0.19578699061793683,0.8430876348170676,-5.125498684617139,-3.3933036728730306,-1.8270487763557384,-3.3853441990045203,-5.992379091344703,33.15961113769933,18.32138663695801,1.3098911062081016,83.3079929072637,12.322046539351323,56.8191117919211,-0.08361860233767082,69.41294646263123
-5.356662789423007,0.19109446274817782,0.8449356994168647,-5.12498360397211,-3.3979962007427895,-1.8252007117559412,-3.3901823358568843,-5.63095641872597,33.48712132181818,18.167897039420662,0.8815518313439754,83.28928662765547,12.290300250200954,56.85859179342103,-0.08168363553320113,69.43816232681274
-5.356569140784702,0.18875042676836096,0.8461945889287524,-5.124889955333805,-3.4003402367226063,-1.8239418222440535,-3.3054412458589795,-5.248065768538377,33.56034751596063,18.61049689152941,0.6672044491453806,83.27657298999578,12.26840751350323,56.877828756397356,-0.005827862687707075,69.45108437538147
-5.3556844801266195,0.18437666232290553,0.8480388497411478,-5.124005294675723,-3.404714001168062,-1.8220975614316581,-3.159827847225925,-5.229739220977664,33.38978086461571,19.1377915604168,0.2722963597860218,83.25668979249993,12.238774674972785,56.916596312499685,-0.004003175718488627,69.47634029388428
-5.355126373797532,0.18215069193492595,0.849153481387288,-5.123447188346635,-3.4069399715560413,-1.820982929785518,-3.2169270829026244,-5.6270783668701965,33.12581449973132,19.014275870382143,0.07221966478786147,83.24443250247228,12.221440340862799,56.936979782480144,-0.0031319668555305213,69.48904061317444
-5.355182878334686,0.17728649901513988,0.8514674343093594,-5.123503692883789,-3.4118041644758277,-1.8186689768634465,-3.3819241060214913,-5.9624687366419264,32.969025688590385,18.60079429297456,-0.36612092556860154,83.22074608887175,12.179324762303976,56.97538902013826,-0.00141621400717451,69.5167784690857
-5.354540492311805,0.1753121311859967,0.8525639694895347,-5.122861306860909,-3.4137785323049705,-1.8175724416832713,-3.430189092914284,-6.156233888108169,32.838532282519665,18.512608524318193,-0.541333525774186,83.20827554427784,12.162921605733095,56.994239179783705,0.24330794517410226,69.52930855751038
-5.354271042543593,0.17025400480023914,0.8547827216306102,-5.122591857092696,-3.4188366586907284,-1.8153536895421958,-3.3982374237028545,-6.112378522433615,32.99773874932298,18.339991679466404,-0.9915256362834071,83.18447930033565,12.123523830789077,57.03551253650314,0.24523475916100423,69.55710935592651
-5.353779792183309,0.1676577926304805,0.8558080421737103,-5.1221006067324115,-3.421432870860487,-1.8143283689990957,-3.2512865976134493,-5.777695728000387,33.11723534824413,18.751831205899204,-1.2204338944086768,83.17270068210816,12.106732074902446,57.058250848939714,5.449506362413856,69.57065463066101
-5.353528794661231,0.15978551228742946,0.8599057558748257,-5.121849609210334,-3.429305151203538,-1.8102306552979803,-3.167746504844322,-5.718104895852737,33.21342250290499,18.76530851688461,-1.9118666556966994,83.12807285717805,12.034325771963085,57.12214614018149,6.4046135280540035,69.6182861328125
-5.353014455865774,0.15720052724579944,0.8614483287433824,-5.121335270414877,-3.431890136245168,-1.8086880824294236,-3.220403150917864,-5.713371373520285,32.94939044985798,19.097725665981564,-2.135294559525497,83.11042993652492,12.009464157186999,57.145317505600474,6.4054877547221825,69.63394236564636
-5.352755972086379,0.1505338465180868,0.8644045932557117,-5.1210767866354825,-3.4385568169728806,-1.8057318179170943,-2.8184606973242152,-5.1351024230082665,33.82052593613833,18.97499363386763,-2.712434018350953,83.07688339752983,11.956234342346855,57.199106439630675,0.09287392959552143,69.67135262489319
-5.351990352218586,0.14313101072006706,0.8691670722298227,-5.120311166767689,-3.4459596527709,-1.8009693389429833,-3.282108951567735,-5.618370726192214,33.00027830948056,18.976765714161758,-3.3396957892769086,83.0226096172524,11.87596098128618,57.26227851186928,0.02471051014459924,69.71740388870239
-5.35179201405355,0.1412423666335371,0.8701801283097296,-5.120112828602654,-3.44784829685743,-1.7999562828630764,-3.339378023789231,-5.820951559298312,32.934977319899204,18.755268826108228,-3.4989810251243076,83.01072970551954,11.858640329023864,57.278225265734235,-0.08254646925965226,69.72902345657349
-5.351528615027327,0.13645241336703623,0.8734888939599409,-5.119849429576431,-3.452638250123931,-1.796647517212865,-3.242828470511019,-5.4294072104100435,33.2382968391062,18.850030919365214,-3.897857607813932,82.9730649660937,11.801872552372394,57.31812430607736,-2.09871926481142,69.7587034702301
-5.351670456101129,0.13445969511160596,0.8745220511494768,-5.119991270650233,-3.4546309683793615,-1.7956143600233292,-3.2214298846643867,-5.669500238900562,33.314011312628004,18.480103990573767,-4.064943886944111,82.96129470447276,11.782461198162528,57.33322804835153,-0.46065584088157063,69.77067017555237
-5.350758269540156,0.13005468080170896,0.8778354986321387,-5.119079084089259,-3.4590359826892585,-1.7923009125406673,-3.276999074484964,-5.891573593751627,32.964389208414445,18.692984796172098,-4.4231098432404625,82.92229137414682,11.7290096700872,57.37328157843896,0.005018007606992114,69.79868698120117
-5.350860894951166,0.12801616334793434,0.8791962178133331,-5.1191817095002685,-3.461074500143033,-1.7909401933594729,-3.1948264562204414,-5.83350000014986,32.9626057263825,18.8794194635314,-4.590070185832868,82.90683088650594,11.704506643969829,57.38916253945059,-0.10236654660478628,69.8109188079834
-5.350356227197773,0.12392331426435013,0.8819500090652636,-5.118677041746876,-3.465167349226617,-1.7881864021075424,-3.1650540555076456,-5.809721156680146,32.95444197305743,18.95382445471679,-4.920812355093631,82.87418476420788,11.658244470558841,57.42443038401999,-0.10118523271262347,69.83634638786316
-5.350636319544292,0.12209862109305425,0.8834402950976387,-5.118957134093396,-3.466992042397913,-1.7866961160751673,-3.1099276495805657,-5.803065387695458,33.26325546023313,18.551009549316614,-5.067152712920754,82.85768265471957,11.63108136659934,57.437948232816076,-0.10087098992637777,69.84877014160156
-5.3505440767357735,0.11809271651117217,0.8864858439784796,-5.118864891284877,-3.470997946979795,-1.7836505671943264,-2.644511901803805,-5.534885857326488,33.94311613157383,18.491259301913793,-5.385400980084021,82.82245022108391,11.578278396073264,57.470788473579816,0.0032716573835083196,69.87475514411926
-5.3492184711420965,0.11222982192022908,0.8910274082788084,-5.117539285691199,-3.4768608415707383,-1.7791090028939975,-2.7694003100108207,-5.860137258955493,33.02491789014812,19.36214755338162,-5.8413668902185805,82.76759476312635,11.505062888534031,57.52455678231128,0.13618197791315367,69.91229820251465
-5.3495150619233245,0.10828774056854354,0.8940712644512238,-5.117835876472428,-3.480802922922424,-1.7760651467215822,-2.982744826777191,-5.8758603600825285,33.41564225246892,18.385643880722398,-6.147759657517526,82.73258827106213,11.450367336592027,57.554976178623,-0.01783403524697036,69.93725609779358
-5.348778497782998,0.10630296362278205,0.8959566417394914,-5.117099312332102,-3.4827876998681853,-1.7741797694333146,-3.092507578696404,-6.006156191686626,32.86190590299444,18.937412661843577,-6.295453439940492,82.70971127579257,11.421305550158953,57.57480685888285,-0.18631491668698263,69.95228266716003
-5.348861482541663,0.10367301846299931,0.8976897316669293,-5.117182297090766,-3.485417645027968,-1.7724466795058766,-2.7819273487724625,-5.7555672000076985,33.426681435148716,18.810923524001232,-6.4991796130224655,82.68907022032226,11.390008577447487,57.59538346917333,0.08650149398453699,69.96835947036743
-5.3483998666633505,0.0992356528720211,0.9008301976265228,-5.1167206812124535,-3.489855010618946,-1.7693062135462831,-3.0521401412859026,-5.783060486253548,33.304717287785245,18.531562035054844,-6.836616288316981,82.65076695673211,11.336482186988583,57.63313002881924,0.11115047916248955,69.9960880279541
-5.348635825668231,0.09743511791171151,0.9028327453337718,-5.116956640217334,-3.4916555455792557,-1.7673036658390342,-3.0748797610151226,-5.699391940131547,33.32843480801216,18.542171268741225,-6.967393903748593,82.62834388878339,11.301194102745786,57.64697371432014,0.017395714557710384,70.01085686683655
-5.347654509696234,0.09402224790611882,0.9057126097468512,-5.115975324245338,-3.4950684155848486,-1.7644238014259548,-3.1559771048341125,-6.14058079545608,32.74513298167708,18.832920533085314,-7.217133317562647,82.59275302828429,11.255411955751784,57.67934070287045,0.008841737065041322,70.03495454788208
-5.347529402776149,0.09236967050310274,0.9071220023382537,-5.115850217325253,-3.4967209929878647,-1.7630144088345523,-3.1800380328737514,-6.177065471257803,32.691684305442564,18.832187027085467,-7.338126107700027,82.57591967970546,11.231368104036667,57.69333251128798,0.11238831258748405,70.0480420589447
-5.347277614146171,0.08595310010070038,0.9116812599871212,-5.115598428695275,-3.503137563390267,-1.7584551511856847,-3.0712962759327067,-5.770522185954862,33.36901972452662,18.37081032451362,-7.812407628035127,82.5200987029322,11.151368060048018,57.74576824805423,-0.007968730725596451,70.0910747051239
-5.346670825102444,0.08057015368961351,0.9160869115821225,-5.114991639651548,-3.508520509801354,-1.7540494995906835,-3.0799154728284734,-5.898959553027456,33.36078857754497,18.211294130317196,-8.197645499033753,82.46620525242619,11.076639451813278,57.79204620661799,-0.114694802782358,70.13081526756287
-5.346395664367303,0.0771330249164252,0.9189528204304854,-5.114716478916407,-3.5119576385745424,-1.7511835907423206,-3.4460459331045232,-5.858895731618971,32.99864604576574,18.23888545357954,-8.440536142850807,82.43127178691772,11.027481800915968,57.8210604057401,0.01269339559731808,70.15546178817749
-5.34639376632881,0.0754076142292221,0.9202029160803048,-5.114714580877914,-3.5136830492617452,-1.7499334950925012,-3.241947072276796,-6.047065999071785,33.180374949834125,18.056804514959257,-8.56405161085768,82.41586909581376,11.005177687551862,57.834813839832805,-0.0009684562782776851,70.16777348518372
-5.345887469009094,0.07178330858466407,0.9228862317673688,-5.114208283558198,-3.517307354906303,-1.7472501794054371,-3.495968910509643,-6.499647031402303,33.03483281812117,17.368086078075493,-8.81972823848964,82.38193095442561,10.959648311860462,57.86615745266659,-2.9408767984406836e-05,70.19247913360596
-5.34527583355558,0.06624209456891073,0.9278603379471096,-5.113596648104684,-3.5228485689220568,-1.7422760732256963,-3.40665896832636,-6.269303087280056,32.99031893225114,17.825751468561446,-9.196748632967944,82.32107133337868,10.875190734702516,57.913890968652034,-0.055312049748344805,70.23421692848206
-5.344952304105011,0.06447871481086005,0.9292966074274865,-5.113273118654114,-3.5246119486801075,-1.7408398037453194,-3.0571327055606736,-6.022402605055855,33.4533429385765,17.913706547878796,-9.316800222000886,82.30291708509962,10.85120998112306,57.929582699072384,0.024861212944924382,70.2469277381897
-5.3447434711244375,0.059901606082621905,0.933216268557015,-5.113064285673541,-3.5291890574083453,-1.736920142615791,-3.141464260565651,-6.354617052985476,33.08744544982817,17.979531678501797,-9.625387536486471,82.25478884135991,10.782951683534158,57.96735951087337,0.02572708913069821,70.27927780151367
-5.344447662406958,0.05799322717924421,0.9347783185083128,-5.112768476956061,-3.531097436311723,-1.7353580926644931,-2.949228044924197,-6.321245327154669,33.504712646836374,17.651705325575712,-9.753168801556868,82.23503001427144,10.756559017216187,57.9840568917989,0.026159769240485353,70.2925009727478
-5.343953561495405,0.0540474221342495,0.9382242038004686,-5.112274376044509,-3.535043241356718,-1.7319122073723374,-3.047249830026154,-6.472620811573777,33.4310053860812,17.43420706496727,-10.01300449993688,82.19204634327627,10.697914214555388,58.01814154766464,0.026935712269874124,70.31980633735657
-5.343483598469707,0.04841877720717938,0.9434764353941069,-5.11180441301881,-3.540671886283788,-1.7266599757786991,-2.8898606762445516,-6.1622927091028865,33.659080027777975,17.646716047353408,-10.375142170556318,82.1274314933063,10.607612918066593,58.06579635960715,-0.033145787841007746,70.35921907424927
-5.342867043271348,0.04586651883726481,0.9454243024258012,-5.111187857820452,-3.5432241446537027,-1.7247121087470048,-2.889593645589681,-5.900806426740801,33.746547608201375,17.791442079657713,-10.541816434205966,82.10175229886414,10.575397155760356,58.089037667966096,-0.12160747903579594,70.3744068145752
-5.342723521150746,0.04416042150175746,0.9472528039775528,-5.11104433569985,-3.54493024198921,-1.7228836071952531,-2.894974363893706,-5.975323609889954,33.53072935343634,18.047847095274395,-10.646559558065096,82.07964115962285,10.544147253596526,58.103629227638116,0.07561795120439996,70.38733410835266
-5.342648101230197,0.04035681845122459,0.950964561804709,-5.110968915779301,-3.548733845039743,-1.719171849368097,-2.8300402186269435,-6.179679778816418,33.91173063902554,17.28558916432748,-10.883529005368354,82.03443112789635,10.479200437421634,58.134676514777254,0.07611328855843613,70.41285610198975
-5.341692431983146,0.03379583597056772,0.9573666921667102,-5.110013246532249,-3.5552948275203997,-1.7127697190060958,-2.665354198426949,-6.197218916576048,33.76308432575585,17.7677235624473,-11.283540136729489,81.95466041555325,10.370616773674017,58.192171378419204,-0.14338799361626098,70.45496129989624
-5.3411589033136515,0.03178244194227425,0.9593051653367773,-5.1094797178627545,-3.557308221548693,-1.7108312458360286,-2.8326918506102317,-6.330627653362335,33.577461015961546,17.647655492771435,-11.404370704656612,81.92993453834217,10.338718856304421,58.21095155419247,0.044650324517322204,70.4673080444336
-5.3410276377294394,0.027221235618858322,0.9638235844397883,-5.109348452278543,-3.561869427872109,-1.7063128267330177,-2.786924340172208,-6.1514372459422235,33.8148576654122,17.51714152096004,-11.67678301952872,81.87446085519436,10.259531529317194,58.24826351052444,-0.02515776565035832,70.49618792533875
-5.341275850777366,0.025018654122829664,0.9655905631738452,-5.109596665326469,-3.5640720093681377,-1.7045458479989608,-2.1871682978301417,-5.74408828781334,34.559969170051005,17.717188028958127,-11.813768858712786,81.8524135823114,10.22660237248164,58.264449829671,-0.005993580498600437,70.50838971138
-5.339957592278546,0.01879546016803532,0.9726238691972203,-5.108278406827649,-3.570295203322932,-1.6975125419755857,-2.55741238001894,-6.503519140860689,33.91704662284479,17.315942628923825,-12.161258422969032,81.7654114920682,10.109143180607491,58.32139241736118,-0.0476110264184646,70.54856729507446
-5.338868896776411,0.014061849676937521,0.9774040693480869,-5.107189711325514,-3.57502881381403,-1.692732341824719,-2.6631464940454794,-6.498977404842753,33.85114697925074,17.250688390893664,-12.428843511010568,81.70466715282984,10.02920246445954,58.36467882155694,0.08448778663559331,70.57691144943237
-5.3389305242301965,0.011927337337153704,0.9793685526901165,-5.1072513387793,-3.577163326153814,-1.6907678584826895,-2.625795155697903,-6.566501418199081,33.866053255303825,17.20290104785326,-12.552657658209917,81.68018455262546,9.993801086137339,58.381331618834025,0.023801129263564924,70.58915829658508
-5.338003399402346,0.005457130077754863,0.985791176632944,-5.106324213951449,-3.5836335334132126,-1.684345234539862,-2.274182280813759,-6.195978067066085,34.37531786833161,17.338970271314224,-12.913203685773915,81.59893638734174,9.883527313871578,58.437526286462216,0.0012770032278099919,70.62795114517212
-5.3367550063210585,0.0011992748216555493,0.9903829855528826,-5.105075820870162,-3.587891388669312,-1.6797534256199234,-2.365652891022889,-6.443230448458942,34.054898037083206,17.43989163456344,-13.139287656759269,81.54039701972276,9.80757726582331,58.477829788876456,0.0956876006844336,70.6535074710846
-5.336430448833104,-0.0018076986346630686,0.9933713521996205,-5.104751263382208,-3.5908983621256305,-1.6767650589731855,-2.4227652070848635,-6.6158011381957404,33.971023763260035,17.28416155202478,-13.302610669578291,81.50259984885878,9.755600304010434,58.50334779830362,0.13832407067775776,70.67136240005493
-5.335034804603016,-0.009025780897138819,1.000342196564962,-5.103355619152119,-3.5981164443881064,-1.669794214607844,-2.136709746263812,-6.761615838602681,33.907861220390316,17.666532332086245,-13.690209637850074,81.41248574604114,9.636520469152622,58.56743128330017,0.06444784194463171,70.71286106109619
-5.334244680978924,-0.012798563764998883,1.0042103090116443,-5.102565495528027,-3.6018892272559664,-1.6659261021611618,-2.243441339287144,-6.97856771662685,33.64668026050673,17.662474618620983,-13.885872317004306,81.36284899306145,9.570698620798513,58.601310781803456,-0.08984633506288464,70.73826146125793
-5.334461039544986,-0.01532254441816136,1.0062186993291453,-5.102781854094089,-3.6044132079091287,-1.6639177118436606,-1.8787061419803333,-6.789989790061628,34.23390471259406,17.508978531838675,-14.026878597810228,81.33685553170085,9.532934279028998,58.619904558403384,0.09829348098122459,70.74960708618164
-5.333325137643272,-0.019746373299873887,1.0104340273408896,-5.101645952192376,-3.6088370367908413,-1.6597023838319163,-1.8301420543182043,-7.252702539289182,34.445784608582386,16.737829436442116,-14.256433558798088,81.28127663288323,9.46168539059106,58.66040326020741,-0.07449498340322958,70.77601194381714
-5.332565972285325,-0.025746910297813203,1.0165406833427606,-5.100886786834428,-3.6148375737887806,-1.6535957278300453,-1.9828126325228124,-7.159291453167732,34.17564526834943,17.011615821605403,-14.55906023582038,81.20325669829137,9.35509656334413,58.711592043781266,0.020109075815377686,70.8110933303833
-5.331460483613275,-0.03014167369183074,1.0204078621364334,-5.0997812981623785,-3.6192323371827984,-1.6497285490363724,-1.5985320890605463,-6.805287640282774,34.64143210366158,17.264391618600484,-14.785779951916904,81.15099011462439,9.289139961822649,58.75141142960313,-0.10563241894391329,70.83589887619019
-5.330767394300398,-0.032561048886073085,1.0228649568127786,-5.099088208849501,-3.6216517123770404,-1.6472714543600273,-1.3281676740512571,-7.0473930153298925,34.41552539642566,17.77096843217989,-14.903785131263087,81.11869593867185,9.247714813021918,58.77392383929515,-0.002027782270242362,70.85044932365417
-5.330591898874592,-0.03656809416058615,1.0269763986498548,-5.098912713423696,-3.6256587576515535,-1.643160012522951,-1.499322479281042,-7.346161753425997,34.553264375653185,16.952989742480057,-15.099380248553235,81.06659998777239,9.174233277443681,58.8063366544684,-0.05789759961906782,70.87427258491516
-5.3295642196511634,-0.040504868171829495,1.0308240159831383,-5.097885034200266,-3.629595531662797,-1.6393123951896675,-1.7606010384147073,-7.694231660201517,34.20319487338867,16.709375526419908,-15.290176203485302,81.0155770920104,9.108661262317273,58.842306821333494,-0.04784081003271279,70.89626240730286
-5.329798892232626,-0.04258176974305938,1.0328429143697408,-5.098119706781729,-3.631672433234027,-1.637293496803065,-1.5948680026541,-7.583203028933572,34.497906067662505,16.616431746370893,-15.392304502034328,80.99025271177557,9.070966311315264,58.85736939456709,-0.02417277569907128,70.90802907943726
-5.328955145156676,-0.04648869431456526,1.036921348208668,-5.0972759597057795,-3.6355793578055327,-1.633215062964138,-1.4598938348404777,-7.533714762974767,34.79401974618862,16.40871204707496,-15.574506679272252,80.9372154040424,9.00067582824863,58.892261874337585,0.051412808140570476,70.93212509155273
-5.328142777801899,-0.05121233342251144,1.0412852307382723,-5.096463592351002,-3.640302996913479,-1.6288511804345336,-1.1763720890868703,-7.2735472760578705,35.145721967936325,16.571191749962278,-15.802297800972706,80.8790504838545,8.924058402688662,58.93304434477652,0.05693999263179084,70.95852375030518
-5.327873721094944,-0.05360759310223864,1.0434969456279672,-5.096194535644047,-3.642698256593206,-1.6266394655448386,-0.8868972837211977,-7.176230018238533,35.33529597193015,16.830314821345123,-15.917113757125911,80.84979786438886,8.884576341403136,58.952983724660534,-0.10687581203873808,70.9714674949646
-5.32739675072466,-0.05805073576978609,1.0481320038466002,-5.0957175652737625,-3.6471413992607533,-1.6220044073262057,-0.9014070860118033,-7.3788926744638434,35.20231448303958,16.78475603178628,-16.11896885879715,80.79017995980513,8.80230672262253,58.99009510340408,-0.16268411288127638,70.99748945236206
-5.32711072221623,-0.06030716228664612,1.0504851294039215,-5.095431536765334,-3.6493978257776134,-1.6196512817688846,-0.8127201055379857,-7.86779447761952,35.26784180905713,16.2855406151642,-16.220370265538968,80.75978478373267,8.760659903623257,59.00913786119967,-0.16242545603528669,71.01183199882507
-5.3256103607431875,-0.06720953436434735,1.0570541072419002,-5.093931175292291,-3.6563001978553147,-1.613082303930906,-0.994904665888984,-7.492134843102939,35.15314892093909,16.573517096682085,-16.535821068466124,80.6716477850909,8.646029068105607,59.07012973894593,-0.029866329404863556,71.04890608787537
-5.325394013002556,-0.071467865511424,1.061243301685483,-5.093714827551659,-3.660558529002391,-1.608893109487323,-0.9331893148280692,-7.459557947417342,35.35896893129084,16.362597965555437,-16.72700034513909,80.61721001711778,8.569975744782047,59.10418127350134,-0.05279094790200922,71.07374429702759
-5.324752315979406,-0.07354729452081513,1.0636364473517266,-5.093073130528509,-3.6626379580117825,-1.6064999638210795,-1.0019431891522408,-7.494398732058698,35.204823520347055,16.461167732986304,-16.811934200824144,80.5860592261784,8.529165795348831,59.12366852521357,0.03656276742024911,71.08673167228699
-5.324001609482284,-0.07879643469057349,1.0687970992489477,-5.092322424031388,-3.667887098181541,-1.6013393119238581,-0.9598587748652123,-7.710082838546548,35.051675518941956,16.522301090113874,-17.041927101348634,80.51782962903116,8.43715541052973,59.16797876988488,0.04200601035755014,71.1164960861206
-5.323325230396346,-0.08379102212553374,1.0736607212060534,-5.091646044945449,-3.672881685616501,-1.5964756899667527,-0.8983149684090141,-8.007309206154357,35.079860263347015,16.23993847417915,-17.258652776888976,80.45332041097174,8.350044992206763,59.20985142907677,0.04273283233154768,71.14562654495239
-5.322393414648292,-0.08834259154722243,1.0783908515623333,-5.0907142291973955,-3.67743325503819,-1.5917455596104726,-0.7293553149292709,-8.212314777670738,35.041528363476786,16.331814649654948,-17.44739780365801,80.39083142399768,8.266770294554421,59.24968528847405,0.07616502386025914,71.17277216911316
-5.321361298472378,-0.09470993707772996,1.0842503070766494,-5.089682113021482,-3.683800600568697,-1.5858861040961565,-0.5938226164149045,-7.677252003507905,35.59768942496129,16.234432565701912,-17.721870212177734,80.31128997405229,8.161610636904527,59.30358644632733,-0.04471400667084957,71.20899176597595
-5.320612140801517,-0.09941749810415054,1.0888670616776803,-5.08893295535062,-3.688508161595118,-1.5812693494951255,-0.7843629650021239,-7.60332575046241,35.47118716831951,16.19973098825473,-17.916753030082933,80.2495714838739,8.078842091316032,59.343422265306344,-0.044026568232961694,71.23575615882874
-5.320281592713368,-0.10154356480277807,1.0909062943333154,-5.088602407262472,-3.6906342282937454,-1.5792301168394904,-0.8709706056475706,-7.623594742352945,35.43322244516541,16.093665811176198,-18.004821902036863,80.22213153386812,8.042145179436039,59.36133247485511,-0.04369772067452171,71.24848055839539
-5.318955991760004,-0.1092152394946842,1.098360244086079,-5.087276806309108,-3.6983059029856515,-1.5717761670867272,-0.6547845629204184,-7.571219335243736,35.63261342483834,16.158541826736407,-18.31643085443491,80.12172382927375,7.908358164720699,59.426571218235964,-0.04253021076377461,71.29271101951599
-5.317384477979156,-0.1163342348154911,1.1053345543862538,-5.08570529252826,-3.7054248983064584,-1.5648018567865523,-0.48967556742736246,-7.772072167776001,35.30891944846308,16.698725518972168,-18.598039828372933,80.02702703876841,7.784160622549737,59.48872967415163,0.05242597698024554,71.33277416229248
-5.316147071313058,-0.1228215848008879,1.112398481625429,-5.084467885862161,-3.7119122482918554,-1.557737929547377,-0.7489362025216459,-7.75527565827875,35.179420915022874,16.502734119586115,-18.83737371909004,79.93400540715886,7.657899150613862,59.544532046511115,-0.1486543102933675,71.3732635974884
-5.314623353937744,-0.12817390862537836,1.1177015266207388,-5.082944168486847,-3.7172645721163455,-1.552434884552067,-0.6581514304336455,-7.6213415782752225,35.4614206264064,16.340383385572927,-19.04006229416985,79.86120183582673,7.564255638964846,59.59284665682208,-0.11024181831582247,71.40557789802551
-5.313840842014172,-0.1321758423952017,1.1218387014359044,-5.082161656563276,-3.721266505886169,-1.5482977097369017,-0.47361234590555457,-7.667886520607388,35.63326035146364,16.30156039535823,-19.187436327188497,79.80576562794629,7.489797006981082,59.627152709299885,-0.0018217854955979718,71.43036770820618
-5.31234788583961,-0.13649444760995427,1.1265319799162836,-5.080668700388713,-3.7255851111009215,-1.5436044312565222,-0.4492923773716663,-7.502635466766195,35.503694656784624,16.72241267175373,-19.338745123935983,79.74224316529677,7.407872004562654,59.66753847799672,-0.024707605548902833,71.4571373462677
-5.311585221006061,-0.13849279466515818,1.1286693731156507,-5.0799060355551635,-3.7275834581561256,-1.5414670380571551,-0.5617977362465211,-7.426102712496205,35.39699603340158,16.796786428611863,-19.408604550731358,79.71300259160903,7.370752570602272,59.68656556692345,-0.08071472204720642,71.46915221214294
-5.31071790113253,-0.14248808266793256,1.1331593370477835,-5.079038715681633,-3.7315787461589,-1.5369770741250224,-0.25625156234079677,-7.39373439843552,35.78358980772567,16.697473106611497,-19.544702148251133,79.65380479214025,7.290252685655274,59.721260434614265,-0.0803522923290858,71.4943459033966
-5.310096123857966,-0.14456194639753722,1.135485577321122,-5.07841693840707,-3.733652609888505,-1.5346508338516838,-0.10368696807276835,-7.70990565068507,35.981238848627555,16.281709714227514,-19.614388841939356,79.62272546657236,7.249126188716918,59.74013160009572,-0.06136224653772615,71.50692558288574
-5.308150167338343,-0.14962401450538043,1.1409718359703973,-5.0764709818874465,-3.738714677996348,-1.5291645752024086,0.03869917559348704,-8.402817639222285,35.74780700779974,16.122175797894194,-19.785316078563152,79.54772781660034,7.153423493671409,59.78828464662,-0.06065016974438997,71.53841519355774
-5.3076352169219785,-0.1516383954364574,1.1431990772567193,-5.075956031471082,-3.7407290589274247,-1.5269373339160865,0.38142890659507106,-8.475940368865391,36.149587697616816,15.950979520232064,-19.852488785065876,79.51799423299389,7.113545394325239,59.80609995875932,-0.14488914131612152,71.55145716667175
-5.3064315518089895,-0.15590769464959098,1.1477011372285388,-5.0747523663580925,-3.7449983581405584,-1.522435273944267,0.5772427952677127,-8.828171097832882,36.411353436471295,15.469797220758599,-19.99746389624332,79.45680501171769,7.03304136999017,59.844324477229584,-0.12555302153873793,71.5761730670929
-5.305591748737493,-0.1578404881002543,1.149840393279098,-5.073912563286596,-3.746931151591222,-1.520296017893708,0.3745146247724157,-8.888022165015363,36.24698419307172,15.3485747750415,-20.059906705280905,79.42744878786785,6.995902746571838,59.86317127145452,0.0013942314894981322,71.58814358711243
-5.304222561818774,-0.16212965965707338,1.1543088315716923,-5.072543376367877,-3.7512203231480408,-1.5158275796011136,0.6263297425674875,-8.699282280883708,36.235175040735825,15.948747771260559,-20.203792194189813,79.36604920331888,6.916285640513994,59.902307245724806,-0.0636649539217462,71.61273384094238
-5.303431963576632,-0.16430536555656178,1.1565277380025862,-5.071752778125735,-3.7533960290475292,-1.5136086731702199,0.8062274642704638,-8.385772942660033,36.6053352499632,15.992332117628113,-20.27682548373546,79.33512594624344,6.877001412921039,59.92262321126309,-0.09615050384797286,71.62586069107056
-5.298929531819597,-0.17887323590693432,1.1710994422421628,-5.0672503463686995,-3.767963899397902,-1.4990369689306433,1.749180284536536,-9.666320033867526,37.73804311904693,14.33075803808085,-20.76276047096292,79.13212047793449,6.614811254186644,60.054126809144286,-0.023419322456716074,71.70755457878113
-5.296559331133839,-0.18407885938952817,1.1755900775144648,-5.064880145682943,-3.7731695228804956,-1.4945463336583413,1.9973800872022756,-9.526889973229537,37.443159900130524,15.304630533906336,-20.943945634924095,79.0645671223736,6.535723876189309,60.10475938752779,-0.04087960911227739,71.73449063301086
-5.295889477121262,-0.18660384943408093,1.177903808876608,-5.064210291670365,-3.7756945129250483,-1.492232602296198,1.9604219150061517,-9.56643805534093,37.18539531431541,15.583209301172776,-21.02963070644135,79.03153560991996,6.493216523145907,60.12682988387249,-0.04040052592336174,71.74676752090454
-5.293568754418592,-0.19448016139046204,1.1840928428842186,-5.061889568967695,-3.7835708248814295,-1.4860435682885873,1.5270048405158356,-9.742714998315614,37.50482923723641,14.252363162228932,-21.312879951034464,78.93770336537095,6.378880523124374,60.19652360380213,-0.0008695955165247682,71.78633236885071
-5.292094243276338,-0.19985014564926884,1.1882688217562896,-5.060415057825441,-3.7889408091402363,-1.4818675894165165,1.3000001789623996,-9.881177516137011,37.33745944328004,14.004572006939933,-21.504426285319628,78.87423453579602,6.301049469449649,60.243391467345425,-0.1637234610197993,71.81146955490112
-5.2897712663568885,-0.2083776786721015,1.1943827328714556,-5.058092080905992,-3.797468342163069,-1.4757536783013505,1.4607686506516535,-9.897853987336672,37.50344320710747,13.960576465067557,-21.814330354795384,78.77818643587464,6.185956858595194,60.3174771572447,-0.06281550670401703,71.85158729553223
-5.288351619009847,-0.21166243923463146,1.196622130443501,-5.056672433558951,-3.800753102725599,-1.4735142807293051,1.7055335609579387,-9.977341926947302,37.285404219241435,14.586605013016031,-21.93332557225459,78.74098950307908,6.145352455425058,60.3487097624788,-0.061744814592844754,71.86664867401123
-5.286946438091719,-0.2171293096949407,1.200824729293346,-5.055267252640823,-3.8062199731859083,-1.4693116818794598,2.216398951349917,-10.087192118325746,37.208707992493224,15.31963440186085,-22.122725303643097,78.67663880004437,6.065992570295597,60.395719727197346,-0.11197396623001321,71.89174246788025
-5.2854232987918275,-0.22322958176912938,1.2048596003146774,-5.05374411334093,-3.812320245260097,-1.4652768108581287,2.4804225258973718,-10.398292359893194,37.64864799435397,14.728634136836858,-22.344518743316954,78.611037397976,5.988444157026208,60.44772850539159,0.10566953797630241,71.91849493980408
-5.28420249787637,-0.22644924399912258,1.2069172069115326,-5.052523312425473,-3.81553990749009,-1.4632192042612735,2.2432281193614245,-10.370957010161288,37.44571169332739,14.703897270194583,-22.461003049859602,78.57605253339479,5.950129735225753,60.47733457614319,0.1067446846188469,71.93378186225891
-5.283254918487009,-0.22946996815470122,1.2091658015361166,-5.0515757330361115,-3.818560631645669,-1.4609706096366892,2.1698228785611864,-10.148763696121225,37.439330941954225,14.832047374881718,-22.56388272905847,78.54061500138867,5.907890165582871,60.5041170102128,0.10757166390907713,71.94603037834167
-5.2820149777227545,-0.2348744536393923,1.213533525380074,-5.050335792271858,-3.82396511713036,-1.456602885792732,2.2418255585239697,-10.346127325871912,37.743691306394524,14.270919403574656,-22.740692747099146,78.4749102085345,5.824571724280935,60.549649067009526,-0.04133039583542164,71.9709050655365
-5.279521486517154,-0.2439161077853742,1.2209268180867174,-5.0478423010662565,-3.8330067712763416,-1.4492095930860887,2.606555713259848,-10.350076399296212,37.94240102576738,14.494497747786436,-23.029402516767124,78.36293796974053,5.684647473710056,60.62790314545386,0.026459451461080974,72.01139044761658
-5.277145155547732,-0.2525600887753639,1.2289254851792175,-5.045465970096836,-3.8416507522663315,-1.4412109259935884,2.9683833035396394,-11.0078823437773,38.094438201047865,14.105773080848156,-23.281958011359322,78.24682247540154,5.533953004561632,60.70264680782449,0.0280490276658103,72.0512273311615
-5.275033139765319,-0.260236942314467,1.2367106881728596,-5.043353954314423,-3.8493276058054344,-1.4334257229999465,3.793063451958306,-10.927773022169465,38.68533130518648,14.508271429155993,-23.488683121825826,78.13707077316323,5.387605838977984,60.768961369379625,0.010384535307967013,72.08948683738708
-5.273257861207898,-0.2652609236526355,1.2421703285947752,-5.041578675757002,-3.854351587143603,-1.427966082578031,3.744152476578442,-11.028572011322641,38.72710042892787,14.272249837132563,-23.613830208277985,78.0607718660718,5.286409268842978,60.81440086268246,0.015709501313903473,72.11401677131653
-5.272904795001981,-0.26741250639882586,1.2446428623894836,-5.041225609551085,-3.8565031698897934,-1.4254935487833222,3.9177725530645637,-10.950230003566025,39.48538812973113,13.494251019214316,-23.66522496629128,78.02780089026892,5.239272224451672,60.8316823541537,0.02991486717547609,72.12626695632935
-5.271185325749176,-0.2723558082598856,1.2504544850908044,-5.039506140298279,-3.861446471750853,-1.4196819260820015,4.338132443201445,-10.568894344014621,39.35461901280536,14.689290424538395,-23.777588900126467,77.94857464173035,5.131469642724051,60.87617612100151,-0.030660118557974236,72.15225076675415
-5.270641797718362,-0.2747017190869713,1.2537617691178622,-5.038962612267465,-3.8637923825779388,-1.4163746420549437,4.609287084851025,-10.416618532675837,39.798350414006165,14.594375903415305,-23.82021287582039,77.90645785822107,5.069613829415981,60.895861432499885,-0.030762730625869317,72.1658763885498
-5.269306983337767,-0.27927377764922967,1.2600385775064402,-5.03762779788687,-3.868364441140197,-1.4100978336663659,5.13180968530249,-10.977999044159018,40.023392425634725,14.436710971878687,-23.905126499131555,77.82528043818016,4.952733445901625,60.93559923855244,-0.0308340362935855,72.19305801391602
-5.268319254602356,-0.2813820703965266,1.2627644905493018,-5.03664006915146,-3.870472733887494,-1.407371920623504,5.283360549447413,-11.026110906746164,40.15280725867973,14.420176019547318,-23.946367467790818,77.78850563167879,4.902923722927296,60.955865556362696,-0.030718569979174326,72.20552659034729
-5.267005308261826,-0.28522682954448825,1.268583742968688,-5.03532612281093,-3.8743174930354556,-1.401552668204118,5.440176766934839,-11.358643756134489,40.17517016524161,14.26641462070038,-24.005483714061974,77.71466419708699,4.795324706601915,60.99022784047783,0.08161626454436632,72.23027443885803
-5.265638651830983,-0.2890599359111433,1.273900471342579,-5.033959466380086,-3.878150599402111,-1.396235939830227,5.522860095548591,-11.056201510568846,40.38772424637262,14.393548912465548,-24.07302846054313,77.64545016844508,4.696609385394772,61.02467633197005,-0.08732635860718307,72.25402212142944
-5.264940934502359,-0.2910118175759728,1.2773361400532965,-5.033261749051462,-3.88010248106694,-1.3928002711195095,5.569089243997232,-10.974051009603564,40.79765275186471,13.958141168695871,-24.09298865492419,77.60336445845988,4.633326641524115,61.04223720199375,-0.03606441441343833,72.26954221725464
-5.262971622315531,-0.2951708763669412,1.2837039884034689,-5.031292436864634,-3.8842615398579086,-1.386432422769337,5.338390150065746,-10.74511794643039,40.911297033357414,13.68956400145164,-24.152417349804633,77.52140995909303,4.516702608442625,61.08211936245259,-0.03628294576266189,72.29778337478638
-5.262491890715657,-0.2964289031134885,1.2863205502200379,-5.0308127052647595,-3.8855195666044557,-1.383815860952768,5.976901323784737,-10.872884036031246,40.779553296927446,14.676171995264468,-24.157174033920096,77.49044020583504,4.468713577773066,61.093562324268994,-0.036682774046446376,72.31010222434998
-5.261047227188419,-0.2994847263774294,1.2913509601376818,-5.029368041737523,-3.8885753898683966,-1.3787854510351243,6.394421696531076,-10.533600116353613,40.94543333441316,15.380384120264347,-24.193468355474437,77.42692654229187,4.376473578858813,61.122769922593925,0.16474208838714066,72.33337664604187
-5.260410279510184,-0.30098581075525066,1.2940706288390729,-5.028731094059287,-3.890076474246218,-1.3760657823337332,6.1408249133218975,-10.8403807059097,40.852728413028586,14.841812487857002,-24.20655441154657,77.39358227633156,4.326439946928384,61.13670723568096,-0.0842056209116997,72.345951795578
-5.259197168916206,-0.3038471031276026,1.2993476109043982,-5.027517983465309,-3.89293776661857,-1.3707888002684079,6.7826335518697,-10.912175906679368,41.284131885049675,15.060702084519992,-24.229537043278896,77.32915868027358,4.229277532944956,61.16321935710805,0.051270690628513194,72.37324714660645
-5.258186311192112,-0.3051682549344262,1.3019282378567163,-5.026507125741216,-3.8942589184253937,-1.3682081733160896,6.758670206824352,-10.941974651993425,41.24706557959582,15.05421128542019,-24.23634928819328,77.2969124263401,4.183149747390134,61.17786961764101,0.05571574760932485,72.38556027412415
-5.256602575318005,-0.3081817667691966,1.3072806453122223,-5.024923389867109,-3.897272430260164,-1.3628557658605835,6.396202150907543,-10.790121495995443,41.114164215579876,14.900595351186169,-24.263448482386522,77.23019618890096,4.085124022709432,61.20734468476044,0.06463397957376493,72.41245436668396
-5.256058032902803,-0.3092972712171578,1.3100639623423382,-5.0243788474519055,-3.898387934708125,-1.3600724488304676,6.205981547637948,-10.700780868401297,41.46267065437533,14.22857121708687,-24.258307127399632,77.19810754074996,4.034311276873375,61.21799613359546,0.0640918878374972,72.4258782863617
-5.2544752794689655,-0.3114972954795253,1.3153260496789807,-5.022796094018069,-3.9005879589704926,-1.3548103614938252,6.889069899789356,-10.727621618281209,41.73798688345406,14.79592350174794,-24.251434333448895,77.1356360418194,3.939561826856343,61.241711042161754,0.06322404615053046,72.4525146484375
-5.254145738551373,-0.31251668315919295,1.317677110097629,-5.022466553100477,-3.9016073466501604,-1.3524593010751769,7.47111173753803,-10.686653161574204,42.29878028159961,14.868653668391135,-24.250770885290663,77.10855004474837,3.895968242639926,61.250497049260915,-0.04982066517576467,72.46488404273987
-5.252585156694039,-0.31457276224192543,1.322744046883345,-5.020905971243142,-3.903663425732893,-1.347392364289461,7.320340057082339,-11.03843093756673,42.07842436630063,14.614512533940943,-24.24146029329405,77.0485603408675,3.804762526260251,61.27301366239303,0.047842452658088064,72.48981857299805
-5.251054862887795,-0.31645369932533235,1.3275104333262155,-5.019375677436899,-3.9055443628162996,-1.3426259778465905,7.16486757246977,-11.311491504782888,41.887298836419205,14.395278705127769,-24.230359415614004,76.99218470437344,3.7191320984850122,61.29411337895194,-0.09843259974570007,72.51424479484558
-5.250458228485017,-0.3171934344352988,1.3303861982151908,-5.018779043034121,-3.906284097926266,-1.3397502129576153,7.024660719426026,-11.53145764487999,41.66042674437488,14.295734035217484,-24.207439944791393,76.96067138676733,3.667415695218736,61.30230334014427,-0.06167825259333348,72.52654027938843
-5.249153068550159,-0.31884878558165264,1.335326154322669,-5.017473883099263,-3.90793944907262,-1.334810256850137,7.296977945688184,-11.928961698602565,42.096830587691166,13.675148486265043,-24.18418068257703,76.90420054586356,3.578354529760368,61.320523215034115,-0.043988050161939185,72.5520498752594
-5.248575389641187,-0.319621179768643,1.338466960187028,-5.01689620419029,-3.9087118432596104,-1.331669450985778,7.430874807788794,-12.096595582881164,42.129673908053626,13.650774978477841,-24.158080851010695,76.870125483385,3.5216297418433236,61.32876508934241,-0.04487441498623834,72.56691122055054
-5.246659065142999,-0.3228887439452395,1.3468819687726583,-5.014979879692103,-3.911979407436207,-1.3232544424001476,7.186543143881619,-11.99546196756888,42.5879381335807,12.769920443893554,-24.13879561549518,76.77288407426259,3.367512656269076,61.36105944667554,0.028539232172954065,72.60834169387817
-5.245428851976232,-0.3246062902398686,1.3516710029989882,-5.013749666525335,-3.913696953730836,-1.3184654081738179,6.592122343830105,-12.391892490205944,42.353016521311446,11.851033430193084,-24.12166678544082,76.71776742175378,3.28038031288008,61.379140771235974,-0.03344649565301605,72.63263297080994
-5.245253841946227,-0.325516709381181,1.3546270553459059,-5.013574656495331,-3.9146073728721484,-1.3155093558269,7.393818448703722,-12.446892484568274,43.08950050618836,11.893934832605275,-24.106069931210104,76.6859272617874,3.2252870914291187,61.38605365095038,0.02204646658001419,72.6476845741272
-5.243946986635296,-0.32696692470648786,1.3597218811806129,-5.0122678011844,-3.916057588197455,-1.310414529992193,7.935695110159896,-12.498848857753782,43.24029113468235,12.42703171978773,-24.072320937026213,76.62886525703293,3.1333333054143107,61.402573130961244,-0.11996916212959619,72.67335748672485
-5.243479514171071,-0.3284715981206497,1.3629990357296697,-5.011800328720175,-3.917562261611617,-1.3071373754431364,7.961044705618364,-12.234525418970438,43.35808039815302,12.55780007734526,-24.075423632012665,76.5907954095474,3.071651450083398,61.41509774071319,-0.12054409557327173,72.68854665756226
-5.242078395692476,-0.3304005183736124,1.3678720309562107,-5.01039921024158,-3.9194911818645797,-1.3022643802165954,7.777462099266396,-12.473141553787599,43.461730508668715,11.906990727086468,-24.065729994582604,76.53357296333888,2.982534845846096,61.435388211611034,-0.12142999609332517,72.71345281600952
-5.241748570749714,-0.33127989523894563,1.3703932796044227,-5.0100693852988165,-3.920370558729913,-1.2997431315683832,7.979819539344254,-12.509577199655276,43.644288287418206,11.901539120140516,-24.056624393701668,76.50552397940945,2.9356074717206586,61.442885290394685,-0.05165342690867103,72.72554898262024
-5.240740481582037,-0.33342459079736253,1.3754036428439047,-5.009061296131141,-3.9225152542883297,-1.2947327683289012,8.51389074428377,-12.279457637376062,44.104466051763296,12.244412596683883,-24.054351289931617,76.44719676079882,2.8421996663163926,61.46241578545007,-0.09947966807086939,72.75074553489685
-5.238934427642267,-0.33708857078304394,1.383667823424179,-5.007255242191371,-3.926179234274011,-1.2864685877486268,8.015736424843437,-12.646485965635963,43.86426569838307,11.502089721821545,-24.055549202653385,76.35009740214173,2.687895512086095,61.496155909973965,-0.17595234044301478,72.7917869091034
-5.2382622719260405,-0.3395426668105723,1.3891385053608731,-5.0065830864751435,-3.9286333303015395,-1.280997905811933,8.499443393320584,-12.609479058320108,44.23754223391104,11.702735972425373,-24.058550762001147,76.28714658513894,2.5841084766821747,61.51572947162219,-0.054983406560695336,72.81824135780334
-5.237604946142946,-0.34014886634862485,1.3917371784141683,-5.005925760692049,-3.929239529839592,-1.2783992327586375,8.99770668846767,-12.875862449797877,44.558684441169994,11.707273300209705,-24.036474489097216,76.25863472809885,2.5370936949615577,61.522983734898936,-0.13077328077122807,72.83078145980835
-5.235787805651736,-0.3443890457329136,1.400261433468462,-5.004108620200839,-3.933479709223881,-1.2698749777043439,8.577173127589786,-12.625480737915016,44.48432140249783,11.443256315485813,-24.056571648683796,76.15675406278407,2.3758710460543915,61.560375984639336,0.008767062352942112,72.87312293052673
-5.235591394439238,-0.34552911646100737,1.4026714846204196,-5.003912208988341,-3.9346197799519746,-1.2674649265523863,8.641264739175549,-12.867553956319261,45.07068081182125,10.396199120125274,-24.06045529183884,76.1290743365152,2.3295654913022434,61.56876581018848,-0.01512812226857374,72.88466501235962
-5.23466460451283,-0.3480332239993003,1.4075980813456184,-5.002985419061934,-3.9371238874902676,-1.2625383298271877,9.040766534051082,-12.537524379798748,45.09132139463489,11.310086649166626,-24.074291461734187,76.07033286119099,2.235689026087297,61.589951984973325,-0.13311957087293536,72.90984582901001
-5.233843731023636,-0.35157969066539285,1.413237841089614,-5.0021645455727395,-3.94067035415636,-1.2568985700831918,9.267403551457333,-12.492934431414046,45.22793224766647,11.48421561285418,-24.11766237917569,76.00095991013258,2.12565306927483,61.6174970578684,-0.13359633776192226,72.9380624294281
-5.2331535044809385,-0.3531908791714618,1.4160424557856808,-5.0014743190300415,-3.942281542662429,-1.254093955387125,9.16141040165245,-12.619313211423417,45.05394386386411,11.4626771638607,-24.132433971591542,75.96631029619893,2.0719670522432008,61.63166146252646,-0.06817755311295048,72.95151448249817
-5.23222519287878,-0.35490392332955983,1.4187613240719599,-5.000546007427884,-3.9439945868205273,-1.2513750871008462,8.706826861519707,-12.481780964421365,44.33961578978553,11.989811934710566,-24.152193217142187,75.93137009462318,2.020102316574646,61.64784211741465,-0.03076962499094371,72.96454787254333
-5.231911252705716,-0.3583863078570644,1.4241228524209886,-5.000232067254819,-3.9474769713480318,-1.2460135587518175,9.844142173725825,-12.287305804219422,45.566727128305274,12.037094400974686,-24.19795897304551,75.86629134107984,1.9137109573171813,61.67205465994044,-0.03594663428668454,72.99429726600647
-5.231108595845763,-0.3601619645313485,1.4268550457340181,-4.999429410394866,-3.949252628022316,-1.243281365438788,9.715343868419081,-12.151727766055728,45.28202898515658,12.404544216105682,-24.219908789685153,75.83132303435549,1.860981412635603,61.68790936678703,0.034306444090255184,73.00690364837646
-5.23050775315326,-0.3628782472050883,1.4317370482251808,-4.998828567702363,-3.951968910696056,-1.2383993629476253,10.252233882320017,-12.392411592489758,45.574961966704535,12.513991127705841,-24.24252566879272,75.77308849047665,1.7658877233667083,61.708448958160844,-0.13522630179056794,73.03163695335388
-5.229473471754056,-0.3652121888200037,1.434587629062658,-4.99779428630316,-3.9543028523109713,-1.235548782110148,9.984764164929869,-12.185340849228522,45.25053457910966,12.803117173809142,-24.283656041708134,75.7340498765158,1.709878786769673,61.72932884866635,-0.13505729661036714,73.04688024520874
-5.2283953140394,-0.368394455282406,1.4397115880944606,-4.996716128588503,-3.9574851187733735,-1.2304248230783452,9.796905046032148,-12.397906097159936,45.32662412386178,12.203635813748411,-24.319022611939285,75.6702980197621,1.609974993853579,61.75552243075506,-0.10261123114379167,73.07346820831299
-5.227798478557824,-0.3705020634128816,1.442179312802395,-4.996119293106927,-3.959592726903849,-1.2279570983704111,9.471027185789906,-12.136612306369669,44.90952872524985,12.594242646514875,-24.358177191021902,75.63698027224581,1.5603986621519894,61.77249145569944,-0.06963377706898477,73.08590030670166
-5.226858984637774,-0.3728604451728663,1.4470554222730723,-4.995179799186877,-3.9619511086638335,-1.2230809888997336,10.02461497099084,-12.44082817412363,45.468542155372425,12.282304732596435,-24.365502431715342,75.57936097052725,1.4667431077936852,61.79223372625396,-0.03754960886772807,73.1107268333435
-5.225799832216357,-0.37762609481029374,1.454625975368106,-4.9941206467654595,-3.9667167583012612,-1.2155104358047,10.212572756465518,-12.77237726884686,45.72445679750248,11.841949345262536,-24.420029743300702,75.4864664130799,1.3171071616018755,61.82812448019194,-0.06635776258642068,73.1481065750122
-5.224638460753116,-0.3807353130481739,1.459442573609111,-4.992959275302219,-3.9698259765391413,-1.210693837563695,10.016130801539147,-12.376178153298538,45.68601072402894,12.000650929325179,-24.456389628454243,75.42565341272561,1.2226060510125978,61.85410160560994,-0.010340895455969168,73.17346143722534
-5.223539952213705,-0.38420907707461305,1.464694093024434,-4.991860766762808,-3.9732997405655803,-1.205442318148372,10.439707101527578,-12.54707447700866,45.945313275214666,12.067732443571506,-24.499201615646633,75.35948765821612,1.11878880227305,61.88199303294236,0.1535730163528326,73.19906115531921
-5.223086317421294,-0.38590421882483017,1.467094620281753,-4.991407131970398,-3.9749948823157975,-1.203041790891053,10.112636096574315,-12.357958680720968,46.11630400826462,11.506192803383406,-24.522814308730887,75.32893622148607,1.0708641135412944,61.89518093024675,0.15348523327934416,73.21136045455933
-5.222417893010924,-0.38715135875747253,1.4696811820521511,-4.990738707560028,-3.97624202224844,-1.2004552291206547,10.068222925705628,-12.456981094806938,46.079599164898525,11.398332988604706,-24.52581538533618,75.29792510799574,1.021214846532324,61.90640156032093,0.0733512739711335,73.22375583648682
-5.220827767041868,-0.39057015416384266,1.4754479050016784,-4.989148581590971,-3.97966081765481,-1.1946885061711274,9.445465508380872,-12.643690952277147,45.462511235934976,11.206360730514177,-24.556392543721664,75.22582518908202,0.9087711180953153,61.93627902659556,0.11979864062469314,73.25087881088257
-5.220304621901537,-0.3923579000806201,1.4780098967374578,-4.988625436450641,-3.9814485635715875,-1.1921265144353481,9.170326681948117,-12.47772358112012,45.2989707931014,11.195262834983946,-24.58035715489899,75.1932019609051,0.8575852724889508,61.95034379294913,0.06339849604995962,73.26372504234314
-5.218951549656528,-0.39602546259869487,1.4839675174787006,-4.987272364205631,-3.9851161260896624,-1.1861688936941053,9.504791692766016,-13.08218184506715,45.35280198092184,11.024178721925415,-24.617071084666623,75.11900275168651,0.7400840655665144,61.98038638866561,0.011319109356094259,73.29339218139648
-5.21843890727032,-0.3978188903358517,1.4868471368732772,-4.986759721819424,-3.986909553826819,-1.183289274299529,9.385499764819293,-12.566057445117679,45.20350247860901,11.575131887339916,-24.63572157322586,75.08347093158302,0.6828558611071658,61.99422565386911,0.011075595406317973,73.30781126022339
-5.217382551558142,-0.40099134982826024,1.492460174624235,-4.985703366107245,-3.9900820133192276,-1.177676236548571,9.532268014519838,-13.203903499358017,45.32685396188509,10.978018924445825,-24.659682269616827,75.01541458242158,0.5722202619699406,62.019242007723136,0.1699560284667898,73.3340265750885
-5.216274044667815,-0.40220291140050557,1.4948974095841927,-4.9845948592169185,-3.991293574891473,-1.1752390015886132,9.155172266172071,-13.311777461698858,44.99242989884628,10.815448384116236,-24.662660382777325,74.98464514649926,0.525925298287664,62.03256602814091,-0.8249416762813366,73.34591269493103
-5.215371477105,-0.40539221442955375,1.5000044250594486,-4.983692291654103,-3.9944828779205213,-1.1701319861133574,8.738937683257523,-13.361384931560712,44.99416557243462,10.12462911034986,-24.695522682112816,74.9216379120769,0.4240199293124311,62.05695608595669,0.051987390357060015,73.37007880210876
-5.214068358211241,-0.4082837202331685,1.5041552102782898,-4.982389172760345,-3.997374383724136,-1.1659812008945163,8.366862516344739,-12.561109151246326,44.23107655231379,11.50691893503929,-24.73201666592048,74.86748091376766,0.3413269138207059,62.08194192348169,0.14105046172766755,73.38760590553284
-5.21331069544479,-0.41088047264228644,1.5092158364694148,-4.981631509993893,-3.999971136133254,-1.160920574703391,8.757583195137528,-12.794679170390289,44.398930901632816,11.605045064488346,-24.74362028861675,74.80784804796374,0.24145216970746755,62.10136914595768,-0.042687883106471425,73.41206192970276
-5.212532626691525,-0.4124454160474994,1.5118885586838995,-4.980853441240628,-4.001536079538467,-1.1582478524889066,8.402932180901244,-13.271054347495168,44.24249855493596,10.84217315659021,-24.75610825247156,74.7744141886962,0.188809996673298,62.11502965224124,0.09314842313950145,73.42445206642151
-5.211301538038306,-0.41570564946488886,1.5174112041714873,-4.979622352587409,-4.004796312955857,-1.1527252070013188,8.05138010652724,-13.136522084118367,43.878351427118574,10.990012945777474,-24.783390758670087,74.70635167850058,0.07908585974707044,62.14126871347406,0.14423482056978454,73.45038390159607
-5.209518485913453,-0.4208637322011861,1.5260766692551675,-4.977839300462556,-4.009954395692153,-1.1440597419176384,7.696923961603911,-13.705564377580032,44.01899880648773,9.675157736499363,-24.827516916844825,74.5998500119602,-0.09385949756013626,62.181719747709494,0.09648879782673792,73.48935127258301
-5.208436387244277,-0.4241111183369799,1.531480705769681,-4.976757201793381,-4.013201781827947,-1.1386557054031248,7.666742182961279,-13.598744844044075,43.598713354467264,10.37008093213679,-24.855882963389135,74.53341128422412,-0.20208614195559896,62.206875958780714,0.18512514680865078,73.51360654830933
-5.207311660222968,-0.42556310941931763,1.5341850087850903,-4.9756324747720715,-4.014653772910285,-1.1359514023877157,7.3749309416546405,-13.589904966266975,42.925580572110285,10.948519404645138,-24.862728859810684,74.49912863647171,-0.2547352928662552,62.22152706483744,0.23180596320286906,73.52560925483704
-5.20657558332059,-0.42881499449062044,1.5395039528950374,-4.974896397869693,-4.017905657981588,-1.1306324582777687,7.3542192041948775,-13.826495346079772,42.959157283758245,10.629854722265446,-24.892896242761076,74.43451950011332,-0.3622784314825846,62.24469513079544,0.038910334511942146,73.54989218711853
-5.204854828849221,-0.4345366639625835,1.5481826576135722,-4.973175643398324,-4.023627327453551,-1.1219537535592337,6.415882500873874,-13.774381915807904,42.613367437229975,9.781280229960371,-24.95541185510219,74.32578875939828,-0.5384534593878783,62.28804672775564,0.03836094737805773,73.59082889556885
-5.202981610368028,-0.4398971189431615,1.556107923786982,-4.971302424917132,-4.028987782434129,-1.114028487385824,6.2023590619245725,-13.131714872006064,41.6921605836494,11.458604423300875,-25.015987990764458,74.22502035081,-0.6996573202032266,62.33004561108384,0.18343153882360141,73.62755107879639
-5.201806012259727,-0.4432227569391608,1.5612439098082138,-4.970126826808831,-4.032313420430128,-1.108892501364592,5.668400785512021,-13.321237171704958,41.08766025184441,11.369581248593565,-25.049698231059608,74.16047491756576,-0.8039535529745646,62.35594148131385,0.037655846414756056,73.6519386768341
-5.200992033676879,-0.44580331042971466,1.564392799934641,-4.969312848225983,-4.034893973920682,-1.105743611238165,5.499188748643097,-13.308973368420592,40.93046784223545,11.358342978102725,-25.08902202157051,74.11831332269196,-0.8695232779734784,62.37596414755134,0.037762099683529726,73.66687393188477
-5.200097729491127,-0.4496123827693562,1.5697857148503487,-4.9684185440402295,-4.0387030462603235,-1.1003506963224572,5.193916110368162,-13.394465573006833,40.6692297140736,11.199513172444973,-25.135497982795687,74.05026004652484,-0.980879358473212,62.40323929291575,0.03751910214628307,73.6928985118866
-5.1986964439750425,-0.4552780176098524,1.5780703024615659,-4.967017258524146,-4.04436868110082,-1.09206610871124,4.174663439364469,-13.615517475607382,40.30130917376377,9.996120909824148,-25.19963909231424,73.94645451666078,-1.1516564272504222,62.44385474323725,0.03235663870343064,73.73332834243774
-5.1982749554703656,-0.457087477607221,1.5805867429483578,-4.9665957700194685,-4.0461781410981885,-1.089549668224448,3.878281596084618,-13.746446543409597,40.134744734619936,9.664023335374125,-25.22201698927953,73.91456629660959,-1.2038981069213819,62.45672100170703,0.03226005341202409,73.74561047554016
-5.197696264175908,-0.46129071120758325,1.5852940517867484,-4.966017078725011,-4.050381374698551,-1.0848423593860574,3.948321000678532,-13.385257775286323,40.08973716091414,10.171823639589661,-25.29211404325772,73.85208188594568,-1.3046516074061616,62.48506067915973,0.06063046395342564,73.76995968818665
-5.196643998179434,-0.4632204628875951,1.5885714640447532,-4.964964812728538,-4.052311126378562,-1.0815649471280526,4.17967056545708,-13.086403632227832,40.481466249987264,10.214333983530034,-25.305339907257935,73.8108048235002,-1.3707391659536883,62.501700223320846,0.022834691064415935,73.78487539291382
-5.195776012238865,-0.46703165839023353,1.5939434132711168,-4.964096826787969,-4.056122321881201,-1.076192997901689,3.3976096364171076,-13.11710673809717,39.28253482654532,10.813734611288535,-25.350446203659317,73.74308168804183,-1.4825499784113128,62.52842524349633,0.08827661473197779,73.81221413612366
-5.194928929541656,-0.46945443298725675,1.596443608070219,-4.96324974409076,-4.058545096478224,-1.073692803102587,3.1605138621596067,-13.020320155675726,38.73483729199826,11.367113675685651,-25.39263320526245,73.7073788363997,-1.5361097333222815,62.54769876641439,0.10736322209370375,73.8242814540863
-5.193915824724078,-0.47308655206643146,1.601504344636524,-4.962236639273182,-4.062177215557399,-1.0686320665362818,2.868677481271614,-13.109002001786745,38.281949220864675,11.505823100677496,-25.43559958458031,73.64279423666052,-1.641562639310092,62.57412872339191,0.10719208605007324,73.85040187835693
-5.194328002654197,-0.4754779894798896,1.6043282226766107,-4.962648817203301,-4.064568652970857,-1.0658081884961952,3.1727419080077786,-13.505623474849582,38.91695463760975,10.611385169956314,-25.473403975833815,73.60830403536029,-1.7030087955095072,62.58575662292636,0.14933379610948272,73.86574602127075
-5.192704340496099,-0.4798855403452247,1.6096347358580414,-4.961025155045203,-4.068976203836192,-1.0605016753147645,2.518224157308494,-13.47043398944554,38.14320172590102,10.814291300283495,-25.537023165355247,73.53623459304602,-1.8150368522107645,62.62051958459469,0.1214299839714954,73.8924207687378
-5.1924116357530865,-0.48170845288003483,1.611869710658496,-4.96073245030219,-4.070799116371003,-1.0582667005143098,2.884873629498339,-13.68455964049407,38.31558460016963,10.881696061881991,-25.56319080501663,73.50727421432784,-1.8627021808425472,62.63269217729102,0.06514053270077635,73.90475487709045
-5.191569125521752,-0.4856108617598526,1.6166851493223207,-4.959889940070855,-4.07470152525082,-1.0534512618504852,2.1671299516883757,-13.373590125118806,37.94903054438984,10.65411876555788,-25.61805304935413,73.44431422504762,-1.9651485105189663,62.65988873933424,0.051116085018374946,73.92943620681763
-5.190557734658386,-0.49155992342784205,1.6233834674868355,-4.95887854920749,-4.080650586918809,-1.0467529436859706,2.5455618556146424,-13.712333851739048,38.18501369840832,10.511088386968655,-25.7112219587058,73.3550109127422,-2.1098392146045573,62.700153242421294,0.051434382469103035,73.96719551086426
-5.189492919299751,-0.4956462573429471,1.6279845302920037,-4.957813733848854,-4.084736920833914,-1.0421518808808024,2.4924024996285477,-13.692736544461464,38.091989672349925,10.575882169028263,-25.77400923279921,73.2924780084067,-2.208952967730508,62.729810877571225,0.037645980015295955,73.99185681343079
-5.18971293758101,-0.4972034395536553,1.6299700932638954,-4.958033752130113,-4.086294103044622,-1.0401663179089107,2.451602732145655,-13.963977958772107,38.45244002490477,9.701868120637926,-25.79528442670288,73.26858797160482,-2.2519120587629655,62.7373500716137,0.03753070002496717,74.00403141975403
-5.188311389761259,-0.5017898597988029,1.6348464681720776,-4.956632204310362,-4.09088052328977,-1.0352899430007285,2.486506798793644,-13.877965017450162,38.19988659864895,10.203635857398325,-25.86906835456807,73.20031954989649,-2.3577266553321143,62.771914475628,-0.07927270451036872,74.03150844573975
-5.187771483349042,-0.5038993737493211,1.6372456221149134,-4.956092297898145,-4.0929900372402885,-1.0328907890578927,2.7345926532195177,-13.714284721680977,38.20032197756627,10.719914304257562,-25.900582165913455,73.16785490852956,-2.4095456384930434,62.7870562215119,-0.04629641778253557,74.04410600662231
-5.186944556421504,-0.5083060577058519,1.6416962403721356,-4.955265370970607,-4.097396721196819,-1.0284401708006705,2.3205629951253,-13.385964490302396,38.10207212209857,10.554514917388973,-25.97510710620267,73.10604514637114,-2.507657249350336,62.81738251862582,-0.05520076671193053,74.06902766227722
-5.185136342944994,-0.514981756489326,1.64843342040691,-4.953457157494098,-4.104072419980294,-1.021702990765896,2.135704154148376,-13.642227307696986,37.70313401813492,10.601494391234274,-26.0861173224827,73.01062461924607,-2.6558870959176106,62.866333169919514,-0.026219760417267146,74.1067750453949
-5.1841824261174505,-0.5213231313905831,1.654962212429676,-4.9525032406665535,-4.11041379488155,-1.01517419874313,1.8015663496617809,-13.42119066450912,37.79002589858532,10.154652510948216,-26.189697293952637,72.92132101078836,-2.800324239289815,62.90819982386085,-0.0819380023166385,74.14529156684875
-5.1829009095238625,-0.5254742722697835,1.6590676299969243,-4.951221724072966,-4.114564935760751,-1.0110687811758816,2.5422061546791306,-13.80923064787197,37.84034415472466,10.790269721387826,-26.258398141939868,72.8621958498026,-2.8911761255205413,62.93940487155841,-0.09074052816563771,74.1690993309021
-5.1808298407851145,-0.5330777553031039,1.6657293409527272,-4.949150655334218,-4.122168418794072,-1.0044070702200787,2.071661199426881,-13.776439546074103,37.740822624345775,10.253573427233592,-26.39654385481321,72.7624156056216,-3.0419638890842045,62.99559512154202,-0.04242004670068944,74.20858025550842
-5.179140225824463,-0.5418867850815582,1.6736378837273156,-4.947461040373566,-4.1309774485725255,-0.9964985274454903,2.873124106277446,-13.888856900713428,38.69663773791335,9.87570574979085,-26.552858301180255,72.64741026229909,-3.221541456901568,63.05621435859201,0.052814647065269504,74.25732564926147
-5.1780552727642295,-0.5444293612192403,1.6759845910675408,-4.9463760873133324,-4.133520024710208,-0.9941518201052653,2.5106764848720804,-13.753347279486032,38.561302671962075,9.655852530814942,-26.595647761140732,72.6116436953497,-3.2741612960042406,63.07700861763264,0.11898535780937802,74.27172374725342
-5.177625026476233,-0.5468726359842454,1.678259551305533,-4.945945841025336,-4.135963299475213,-0.9918768598672731,2.727727667212963,-13.716419762290235,38.634737726493434,9.900076383701105,-26.63728846750275,72.57913687499588,-3.3257140742066587,63.09345245954907,-0.06834295769110899,74.28413963317871
-5.175786607577038,-0.5519514504717097,1.682528604817528,-4.944107422126141,-4.141042113962677,-0.987607806355278,2.578294139124452,-13.650938855173408,38.66243884725941,9.678272479014828,-26.728820177725915,72.51246268506543,-3.4234312731967496,63.133399306040396,0.02659120311338281,74.31158781051636
-5.174989200760072,-0.5545517605397865,1.6846892352947078,-4.943310015309176,-4.1436424240307534,-0.985447175878098,2.2676357513085343,-13.672998629427044,38.197436188727295,9.885719587121436,-26.77603307924545,72.4790163194949,-3.4731941170312814,63.15302170509025,0.05528825166168261,74.32379364967346
-5.172691159937376,-0.5623174871338945,1.691377966074962,-4.9410119744864796,-4.151408150624862,-0.9787584450978439,2.8905568773572603,-13.361089905553532,38.431309742531255,10.748400586662427,-26.912526385465128,72.37727296874623,-3.626727625397566,63.21078330138033,-0.06050065551542971,74.3631238937378
-5.170534671864434,-0.5674112291504511,1.6954752634015806,-4.938855486413537,-4.156501892641418,-0.9746611477712255,2.620243238274886,-13.05013281253281,38.076887324406776,11.16790049694232,-27.00458371058378,72.31085966190753,-3.721658614827337,63.25256781707927,-0.2844644923289703,74.38762855529785
-5.169734645441598,-0.5705208114363153,1.6980604436686444,-4.938055459990701,-4.159611474927282,-0.9720759675041615,2.8324578480546827,-13.446623157832812,38.27804534020547,10.783810666380141,-27.060003509509098,72.27130595411994,-3.781727365514996,63.27499428464718,0.05865497420122612,74.40275406837463
-5.167603214531009,-0.5761516092815231,1.702976912525369,-4.9359240290801125,-4.16524227277249,-0.9671594986474368,2.8609889437978926,-13.92323178148161,38.46922180265604,10.066624771133942,-27.155080877736612,72.19526024354082,-3.8947159832833367,63.31919794233963,0.059798158065220264,74.43205070495605
-5.1666081515026026,-0.578663923350275,1.7048841924034503,-4.934928966051706,-4.167754586841243,-0.9652522187693557,3.330482413112506,-14.032888345513832,38.86813633187163,10.059239607967736,-27.20152129471206,72.16368576271257,-3.9396979958480762,63.3394326747234,0.027605075260951573,74.44416952133179
-5.164674055674706,-0.583605239217428,1.7089559458182269,-4.93299487022381,-4.172695902708395,-0.9611804653545792,3.557608703946209,-14.009339565413807,38.852084941301236,10.425481485896272,-27.287579658281864,72.09881200169455,-4.034507418248548,63.37871502819628,-0.022880019244895244,74.46907496452332
-5.163726993872302,-0.5863953734500511,1.7111594671907442,-4.932047808421406,-4.1754860369410185,-0.9589769439820619,3.320054721182762,-14.01007262837703,39.125219595773615,9.662215806674714,-27.337584755913984,72.06350075544104,-4.086398598125595,63.400129032519814,-0.02222929285071107,74.48221445083618
-5.16115446408004,-0.5918983300254848,1.715565001367604,-4.929475278629143,-4.180988993516452,-0.954571409805202,3.099087754325654,-13.978720895765937,38.724375918549065,9.953198215332469,-27.433640942055476,71.99087705224471,-4.189642127303658,63.44628183051646,-0.02084154606906985,74.50711035728455
-5.15877346610961,-0.5974556923647367,1.720076292063328,-4.927094280658713,-4.186546355855704,-0.950060119109478,2.822296955532881,-13.88399674798644,38.53563151889682,9.901682240984464,-27.529301955966304,71.91767961561679,-4.295542468061501,63.491486906893115,0.022714346736425917,74.5346417427063
-5.15732183483453,-0.6001007299512143,1.7221414456283726,-4.925642649383634,-4.189191393442182,-0.9479949655444333,3.109431591130777,-13.934063542907829,38.486091198226426,10.349417238235727,-27.575317135776242,71.88243963057145,-4.344284684998419,63.51489027310598,0.0891293797448327,74.54737639427185
-5.154606947648503,-0.605501035356701,1.7263143184814567,-4.922927762197606,-4.194591698847669,-0.9438220926913492,3.390748726117884,-13.84325466185051,38.01197153377607,11.50004476245224,-27.66979792765871,71.81168418172362,-4.443329909974632,63.56122760168686,-0.03608554077395887,74.5745415687561
-5.153536916590843,-0.6081157565572829,1.7283109918464428,-4.921857731139947,-4.19720642004825,-0.9418254193263633,3.6565525560326315,-14.071579951456497,38.12933675028805,11.472839840947145,-27.716035941720502,71.77846044275049,-4.491063183242218,63.582251465498125,-0.016646108149350525,74.58739972114563
-5.149861231376711,-0.6150291131536275,1.7337687229571093,-4.918182045925815,-4.204119776644595,-0.9363676882156966,3.6654085420732008,-15.014763189600043,37.95348250016133,10.794929017262508,-27.833505187630827,71.68604638620793,-4.6206110409700845,63.64243003739267,-0.04763468102498436,74.62519097328186
-5.147877367816981,-0.6201608663363374,1.737247684988105,-4.9161981823660845,-4.209251529827305,-0.9328887261847012,3.885765128420661,-14.917126330445809,38.53070278761962,10.397482595636188,-27.929793967353003,71.62497625456184,-4.7063479995577335,63.68335573624928,0.16499144080934158,74.6493706703186
-5.143912493812386,-0.6269684249421997,1.742345456396707,-4.91223330836149,-4.216059088433167,-0.927790954776099,3.5372334883492575,-14.291992536508976,38.396664816029585,10.70354999904184,-28.047233589918285,71.53499610901,-4.829222485524564,63.744699513949286,0.05440280499066841,74.68552899360657
-5.1413521182475375,-0.6321143918091875,1.7457768029716507,-4.909672932796641,-4.221205055300155,-0.9243596082011554,2.9161164691933825,-14.425443568715192,38.10438829662759,10.102411120982586,-28.142367238619773,71.4721122740909,-4.914399974020817,63.78894911803537,0.04195971059729242,74.71237897872925
-5.137214752206264,-0.6388941324389485,1.7507235024272774,-4.9055355667553675,-4.227984795929916,-0.9194129087455285,2.9302697744305215,-14.835749688571,37.637994682347575,10.377575486662023,-28.25918605679729,71.38276306132005,-5.035020416981615,63.8510831745196,0.04405691703854142,74.74987936019897
-5.135611897790483,-0.6411900379884703,1.7526941600979056,-4.903932712339587,-4.230280701479438,-0.9174422510749003,2.7324366951239414,-15.016622033020388,37.23747125494765,10.479912221260252,-28.293742602635625,71.34919835313617,-5.0816799282546326,63.872923906516704,0.14788754018700434,74.76477551460266
-5.133960882712627,-0.645012615966721,1.755650376664084,-4.90228169726173,-4.234103279457688,-0.9144860345087218,3.734818113202509,-15.5500527979341,38.56990637428633,9.511584478386268,-28.35748471656471,71.29972029342132,-5.153509985032298,63.90373515111919,0.03156770283769195,74.78885960578918
-5.131863233622961,-0.6474686680048111,1.7575437562630425,-4.900184048172065,-4.236559331495778,-0.9125926549097634,3.29075254638658,-15.093834103195801,38.343527472244936,9.649854300889224,-28.39678273188426,71.26427641791489,-5.1992960165348645,63.929529889661694,0.03239327351598931,74.80396032333374
-5.129203484475132,-0.6512611610518766,1.760629081552834,-4.897524299024236,-4.240351824542844,-0.909507329619972,3.5313683804592837,-15.137360669030866,38.35390338095503,9.930995649503625,-28.455654241756516,71.21017201954815,-5.273500260050636,63.96578046171508,0.11324266817693296,74.82857728004456
-5.123513472000285,-0.6589886142223625,1.7670716723342443,-4.891834286549388,-4.24807927771333,-0.9030647388385618,3.18661969094788,-14.494646679171716,37.85296979271782,10.773314575747788,-28.571911876827297,71.09748856703304,-5.4282870346005465,64.04090896974259,0.19050797330365743,74.87843608856201
-5.122657844031069,-0.6607864350069388,1.7685325645814505,-4.890978658580172,-4.249877098497906,-0.9016038465913556,3.4227630734939725,-14.78917932140647,38.09936012682676,10.470981612334425,-28.60006216139196,71.07326044444089,-5.463778836221177,64.05568791227046,0.12526229594145732,74.890953540802
-5.121167842590333,-0.662244369910296,1.7701044838078217,-4.889488657139436,-4.251335033401263,-0.9000319273649844,3.170127276895709,-15.191338612311034,37.99767304653239,9.882661463094841,-28.61580939002328,71.04739666110953,-5.500020054019238,64.07182543725592,0.12089936421094816,74.90335202217102
-5.118209305257751,-0.6661688728821935,1.7738487137621681,-4.886530119806855,-4.255259536373161,-0.896287697410638,3.196791924669869,-15.483393592208554,38.005564794684034,9.63389625085771,-28.66691757433495,70.98574445503527,-5.588416377289389,64.1097005630761,0.1828011082588512,74.93059372901917
-5.116758094373447,-0.6682399066253223,1.7754356826517204,-4.88507890892255,-4.25733057011629,-0.8947007285210855,3.0718169173957017,-15.36582930584843,37.85719335322691,9.77930042325446,-28.69977729275576,70.95694963935746,-5.6275272875031455,64.12950601994062,0.07552856030062571,74.94317603111267
-5.11382432937136,-0.6716527635866565,1.779008819372267,-4.8821451439204635,-4.260743427077624,-0.891127591800539,2.681688556316591,-15.613377887402855,37.414624657435134,9.622320293238824,-28.738536870738393,70.89924104886583,-5.710894901927194,64.16409025224655,0.17945889001814752,74.97021842002869
-5.112635993502311,-0.6732211684934428,1.7804930803898915,-4.880956808051414,-4.262311831984411,-0.8896433307829146,2.9111218454204413,-15.487282050738404,37.600381096540055,9.803862848098438,-28.75888556332894,70.87465149832556,-5.746190820754112,64.17923402881632,0.16106099650353212,74.98256969451904
-5.110419174235295,-0.6761695629024642,1.7833683213867508,-4.878739988784398,-4.265260226393432,-0.886768089786055,3.6275056364045115,-16.11686948264455,38.6351976488163,8.773800446961438,-28.795762503407335,70.82773890994902,-5.814328948285497,64.20747341463604,0.16171197979107532,75.00866413116455
-5.108853325124216,-0.6778255752772541,1.7851196884652665,-4.877174139673319,-4.266916238768221,-0.8850167227075396,3.550082881444563,-15.978639438596158,38.53966108298437,8.934271992874484,-28.813881095342072,70.79903574303862,-5.855323992732146,64.22502075263314,0.1620755139491985,75.02292656898499
-5.106045543424454,-0.6813879211411085,1.788716904766284,-4.874366357973557,-4.270478584632076,-0.881419506406522,3.4432024063587674,-16.00523722866974,38.572566407590664,8.720396702531174,-28.85607738663662,70.74077614230987,-5.940375025297864,64.25967691050985,0.17221209679293192,75.0527868270874
-5.104683143669076,-0.682984986046511,1.7902940713932654,-4.873003958218179,-4.272075649537478,-0.8798423397795405,3.153045574736761,-15.904349098659134,38.513506821299885,8.492966029636396,-28.875296770262228,70.71457390929639,-5.977867212258,64.27584954110287,0.17258569129076395,75.06458163261414
-5.102171155044283,-0.6860809957306658,1.7931759489535635,-4.870491969593386,-4.275171659221633,-0.8769604622192424,2.935080862609775,-15.562134481130089,38.26088636204226,8.869679091423103,-28.91523642889306,70.66574300032487,-6.047207309021135,64.3066475584204,0.1452155262990562,75.08839964866638
-5.100750041219722,-0.6879319360052745,1.7952153339004853,-4.869070855768825,-4.277022599496242,-0.8749210772723206,3.192630256231239,-15.568835483817896,38.53060495966943,8.84838694982044,-28.934426608175478,70.63411033562112,-6.095011534281149,64.32416452444996,0.09860215247610338,75.10451221466064
-5.097775881191145,-0.6905636501735339,1.797833813244074,-4.866096695740249,-4.279654313664501,-0.8723025979287318,3.552106152819257,-15.227430378771961,38.33157677992615,9.966709561975463,-28.964390668305715,70.58802878711002,-6.157510164363293,64.35499150046908,0.17910700888056308,75.12956357002258
-5.097001385606386,-0.6924595110985496,1.799392755242644,-4.8653222001554886,-4.281550174589517,-0.8707436559301618,3.836363336324881,-15.44647782380598,38.52193521250445,9.880157986193648,-28.992802992313035,70.56267311622928,-6.19611561508726,64.36960474381375,0.1795333548458382,75.14254069328308
-5.094541591758263,-0.6949917923317877,1.80200610897811,-4.862862406307366,-4.284082455822755,-0.8681303021946958,3.1976839311820564,-15.85017495817059,38.2729463622329,8.969312859898306,-29.020629906001368,70.51897075056435,-6.2583261003409545,64.39675503996925,0.18012903680653558,75.1675078868866
-5.092854529325856,-0.6977754164513964,1.8047010015121105,-4.86117534387496,-4.286866079942364,-0.8654354096606953,3.850034168033948,-16.140475023573206,39.19386604892557,8.318156157128152,-29.055236498866982,70.47619864021289,-6.323274835269483,64.42084980263166,0.1196782506034717,75.19201827049255
-5.0911603180396945,-0.6991663252702888,1.8062921817204227,-4.859481132588797,-4.2882569887612565,-0.8638442294523834,3.706221776382533,-16.18253303823206,38.943661798378635,8.436872827058556,-29.06758710249299,70.44956621185362,-6.360689001249419,64.43754361500824,0.22321732219500046,75.20443677902222
-5.089021988703445,-0.7019827468281887,1.8091265802050174,-4.857342803252549,-4.291073410319156,-0.8610098309677887,4.208524716147854,-16.40531676062053,39.14806824112915,8.64331824253551,-29.100158864496116,70.40373969493362,-6.428775273756042,64.46426266514787,0.13465416251522555,75.23117566108704
-5.087511423721779,-0.7035218299534429,1.8104924832614442,-4.855832238270882,-4.292612493444411,-0.8596439279113619,4.390734485218088,-16.12619935174335,38.97754804611973,9.388225850900659,-29.120112596659244,70.3789876276127,-6.4624269353916635,64.48110309122765,0.1398131991691205,75.24336194992065
-5.083821872045652,-0.708864629831988,1.8151712131326057,-4.852142686594756,-4.297955293322955,-0.8549651980402004,3.1535279839309136,-15.87112018871174,38.66780069163446,8.34496981141354,-29.19225571100041,70.29933692757713,-6.578124403709324,64.53046980107204,-0.008970536302400411,75.28739333152771
-5.080619500929021,-0.7137373791755365,1.8197101008150987,-4.848940315478125,-4.302828042666504,-0.8504263103577072,4.136429600061756,-16.52652938961964,39.56861157784391,7.850852177745565,-29.25380850403809,70.22491989345309,-6.689406802307932,64.57408434943562,0.118782016043677,75.33169603347778
-5.076537435363347,-0.7194617203844651,1.8238543044792053,-4.84485824991245,-4.3085523838754325,-0.8462821066936006,3.5892037320911894,-16.29715888612344,39.00683909183952,8.087044151206749,-29.342664062519724,70.14640023734843,-6.796869760835499,64.62873622769331,0.1018889383571775,75.37570309638977
-5.075355909635051,-0.7211428929324631,1.8250962243270994,-4.843676724184155,-4.31023355642343,-0.8450401868457065,4.109245492560491,-16.076728043695443,39.008974212473845,9.016034406811915,-29.368300511796846,70.1231754868432,-6.8290045050800545,64.64463493706205,0.13526649248009814,75.38838505744934
-5.074771872674893,-0.72286341634816,1.8262635852228142,-4.843092687223996,-4.311954079839127,-0.8438728259499917,4.442652921003922,-16.192412225695044,39.50645550238876,8.675484094809716,-29.396921892195518,70.1026410784091,-6.8597091625159035,64.65736207660572,-1.4735328045041154,75.40137195587158
-5.072483656153043,-0.7261823193536197,1.8284720306877489,-4.840804470702146,-4.315272982844587,-0.841664380485057,4.225316419652043,-16.222276992162005,39.43846561249813,8.439956049904668,-29.450927007020397,70.05900432736392,-6.918424599505909,64.68879006437601,-0.1211443700418453,75.42856812477112
-5.072021554116777,-0.7278443352170739,1.8295008437471787,-4.84034236866588,-4.316934998708041,-0.8406355674256274,4.6425934330641905,-16.33249922045076,39.91479071458983,8.247241033886723,-29.480023954221682,70.04038304937511,-6.946152972723147,64.70059877280764,0.10923746390818323,75.44095182418823
-5.069846213485382,-0.7313377362501932,1.8317202072153616,-4.838167028034485,-4.320428399741161,-0.8384162039574443,4.890694773840002,-16.38109127349939,40.20021353049013,8.14724299558096,-29.538425106051832,69.99618714113043,-7.0059746910341225,64.73241040101954,-0.02559906522507127,75.46752429008484
-5.067135919823306,-0.736293393718848,1.83477540997101,-4.835456734372409,-4.325384057209815,-0.8353610012017958,4.522867448814379,-16.37661985199548,39.65344643663872,8.394459588955781,-29.62279620533679,69.93565652217887,-7.089076653721992,64.77540616882285,0.11216945804547596,75.50438928604126
-5.065288036060508,-0.7399334406373752,1.8369629691430922,-4.833608850609611,-4.329024104128343,-0.8331734420297139,5.048364418055566,-16.66052950984546,40.14019969979875,8.176262636043253,-29.685516339804096,69.8921835338967,-7.149086019816369,64.80618805303601,0.13688036275250504,75.52996110916138
-5.063879346042949,-0.7419192217248867,1.838092407155616,-4.832200160592053,-4.331009885215854,-0.8320440040171899,4.140209785393336,-16.19676657538117,39.58175625519619,8.118618818570628,-29.71999539582121,69.86747367920181,-7.180722407221185,64.82542316197328,0.16112884438125707,75.54227375984192
-5.062079894613363,-0.7461485879093258,1.8407251973705376,-4.8304007091624666,-4.335239251400293,-0.8294112138022685,4.604260446586127,-16.2457478029716,39.88814159496091,8.28480280878588,-29.79155683408126,69.81745442801754,-7.252398699939436,64.8589473443274,0.11086358113324657,75.57208609580994
-5.059476421921393,-0.7512708896379713,1.8436194251784714,-4.827797236470497,-4.340361553128939,-0.8265169859943344,4.726880346369071,-16.301874931990955,39.65263114075181,8.719717008550646,-29.88152107714396,69.7577090117837,-7.333635919984301,64.90241957984892,0.08455831120632773,75.60894846916199
-5.058811967597376,-0.7532018908979807,1.8446525264910925,-4.827132782146479,-4.342292554388948,-0.8254838846817134,4.87073112337333,-16.422175334688088,39.944545145876226,8.396324615719932,-29.916621277526417,69.73687638281518,-7.3630244405967655,64.91700317656827,0.04299345405761734,75.62134885787964
-5.0567172777727265,-0.7570894822067656,1.846708708728391,-4.82503809232183,-4.346180145697733,-0.8234277024444148,4.794320688373602,-16.52493478415967,39.62833531739809,8.622237541971288,-29.98634368303159,69.69221061981627,-7.4221082139871655,64.95084678995497,0.04448087779645338,75.64801454544067
-5.054571008176286,-0.7621086539021791,1.849210826114804,-4.822891822725389,-4.351199317393147,-0.820925585058002,4.647656023509534,-16.15316063363652,39.72887939429813,8.618110822644724,-30.079007629074887,69.63792539934495,-7.495253104852263,64.99141706226241,0.04636334292417832,75.6797890663147
-5.050226981224201,-0.7720282580969406,1.8539098957559048,-4.818547795773305,-4.361118921587908,-0.816226515416901,4.964190347550013,-16.173645967663493,39.93893162544981,8.719516992079182,-30.26429610478253,69.53215421926608,-7.635431776674862,65.07241038236774,-0.11868952429909374,75.74770021438599
-5.046802859644309,-0.780446779569846,1.8573985129042514,-4.815123674193413,-4.369537443060813,-0.8127378982685545,4.923659884900516,-16.090215445298504,40.154881070718645,8.414409132719356,-30.42793891537044,69.44743415927843,-7.744681307949556,65.14018141855601,0.07711819071981285,75.8007504940033
-5.0451158883312734,-0.7840905530986825,1.8589074468910622,-4.813436702880377,-4.37318121658965,-0.8112289642817436,5.062428227355525,-16.194809741975558,40.193227534917234,8.448053764918459,-30.498107253337565,69.40992295185144,-7.7922039574793835,65.1706892436732,0.16779199928938304,75.82552337646484
-5.044088211719116,-0.786827388066207,1.8598421514717267,-4.81240902626822,-4.375918051557174,-0.8102942597010792,5.06849921642591,-16.359006470760935,40.10095049881079,8.421556730664383,-30.553945426299453,69.38432838470965,-7.823782137249539,65.19246718942077,-0.023375281971430795,75.84068179130554
-5.042661022179104,-0.7908073357254671,1.861364757570239,-4.810981836728208,-4.379897999216435,-0.8087716536025669,5.613204560761131,-16.49695319822437,40.517763950951405,8.454151151561247,-30.632588392007385,69.34596052490487,-7.873069844898118,65.22346774832324,0.16125140821224715,75.8653814792633
-5.039632437102963,-0.7969127816006584,1.8632032038037765,-4.807953251652067,-4.386003445091625,-0.8069332073690294,5.656070288473071,-15.824936389332825,40.62935195516368,8.977816320403527,-30.758906802315725,69.287927874852,-7.93921730005055,65.27670406234617,0.042186742144716405,75.90744733810425
-5.038363806508874,-0.8000804094343198,1.8641511054253823,-4.806684621057977,-4.389171072925287,-0.8059853057474236,5.110913609254436,-15.533655346914678,40.24717049133335,9.014811915016582,-30.82471599390487,69.2590049531901,-7.9733225235665754,65.30251393659233,0.001419500073197355,75.92525053024292
-5.036405293047149,-0.8039182521112478,1.8653423374094382,-4.8047261075962515,-4.393008915602215,-0.8047940737633676,5.32917093180382,-15.678164703840105,39.985154741155405,9.534146055624449,-30.902995228335687,69.22191531275666,-8.015856263023329,65.33620141501602,0.15807660509080979,75.94980478286743
-5.0337534510251745,-0.8097035926416252,1.8668100008872104,-4.802074265574278,-4.398794256132593,-0.8033264102855955,5.768563555458241,-16.277348298325556,40.51549548236907,8.827660675559123,-31.025852956161792,69.16984154414475,-8.073242959641005,65.38565882353639,0.08585837601201174,75.98859238624573
-5.032726212470196,-0.8117355257785099,1.8671911844092546,-4.801047027019299,-4.400826189269477,-0.8029452267635513,6.151765949313096,-16.277732707862874,40.886361003701566,8.839449414525744,-31.07074431540817,69.15227373535969,-8.090753395139846,65.40379421202212,-0.11949728472345367,76.00330376625061
-5.030489755532249,-0.8161709356102662,1.8681200709712753,-4.798810570081353,-4.405261599101234,-0.8020163402015306,6.255761301632181,-16.129474795564157,41.093565541790525,8.828237034898688,-31.16707600435009,69.11308743697552,-8.131032153501598,65.44317917348346,0.014186869115860645,76.03299117088318
-5.028534158977946,-0.8204891933035874,1.869116246752264,-4.796854973527049,-4.409579856794554,-0.8010201644205419,6.569559407124418,-16.329669330698035,41.23102463509326,8.867430757066224,-31.259506978030533,69.07497646338264,-8.172084070820137,65.48003737510157,0.035120462356323934,76.06143617630005
-5.026664169209439,-0.8237559309630902,1.8696911291416867,-4.7949849837585425,-4.412846594454058,-0.8004452820311192,6.9871614214284685,-16.437904205926493,41.737111968837915,8.640449884221452,-31.331362374978887,69.04605548573727,-8.199801594355009,65.51050540592843,0.09791178080712104,76.08598065376282
-5.024306014242386,-0.8273894720840145,1.8705200209861168,-4.792626828791489,-4.416480135574982,-0.7996163901866891,6.985052721102628,-16.650602239756132,41.51059513532751,8.739054254373526,-31.407865673078575,69.01116078234944,-8.234795015552384,65.54574344174209,0.06234374757063055,76.11065149307251
-5.023193475925196,-0.829061903704265,1.8707213473606834,-4.791514290474299,-4.418152567195232,-0.7994150638121225,6.843631633996813,-16.339214259455343,41.53254498266376,8.811419042465156,-31.445673275725582,68.99647645063884,-8.247239469108118,65.56239951316905,0.039879148515849394,76.12498497962952
-5.020847458358853,-0.8328683496804641,1.8715770090045387,-4.789168272907956,-4.421959013171431,-0.7985594021682672,6.704278997415736,-15.951945590713018,41.31497220984907,9.278491535332341,-31.525865860896495,68.96043787121097,-8.283679834223236,65.59857058566216,-0.0472237801706239,76.14987683296204
-5.019186827613927,-0.8346395188100563,1.872030215346776,-4.787507642163031,-4.423730182301024,-0.7981061958260298,6.414240177595274,-15.854321557207726,41.08638355263141,9.29120310514809,-31.561479354615003,68.94093694012132,-8.302218173206876,65.61870318609131,0.047647176974942695,76.16457486152649
-5.017304062676622,-0.8376631200541552,1.8726723817834632,-4.785624877225726,-4.426753783545123,-0.7974640293893427,6.6931243094341495,-16.191297403257927,41.35203296128916,8.986530751822535,-31.625473976873636,68.91248410445559,-8.33051143875744,65.64759152095671,-0.08677217767728163,76.19079995155334
-5.016223420182747,-0.8393085959454445,1.8728656703368092,-4.78454423473185,-4.428399259436412,-0.7972707408359967,6.5669582100959545,-16.227255226866703,41.41915719819867,8.687824729876816,-31.662511308505206,68.89806092341651,-8.342747302578736,65.66388726537234,-0.07641125728132803,76.20276927947998
-5.013849663459155,-0.8425854864358606,1.8737871703454716,-4.782170478008258,-4.431676149926828,-0.7963492408273343,6.469061955547474,-16.395238140835918,41.00703269011029,8.95459525462399,-31.727768548520615,68.86396404615783,-8.378426009115028,65.69681464115635,-0.1075143147851847,76.22734689712524
-5.0098217716883715,-0.8471251237389543,1.8749123244113943,-4.778142586237475,-4.436215787229922,-0.7952240867614115,6.8224411630708754,-16.414304886091823,41.48940045749277,8.769512700275985,-31.8191426940475,68.81496749082388,-8.425431094614519,65.74706808287351,-0.14711410477388842,76.26927375793457
-5.008886460357294,-0.848758791793727,1.875348601986662,-4.777207274906397,-4.437849455284694,-0.7947878091861438,7.0930468504469415,-16.529133212612457,41.7044418996389,8.73352243269657,-31.85219391840867,68.79910304929247,-8.442640700350172,65.76202555337798,0.10706989092666053,76.28164553642273
-5.005857474333895,-0.8523100634125587,1.8763411743254812,-4.7741782888829984,-4.441400726903526,-0.7937952368473247,6.501957651332213,-16.219727735720916,41.119593963710614,9.02027075691828,-31.92184167396985,68.76023928595887,-8.481822333672612,65.80041415271154,0.0011367977782832384,76.30834698677063
-5.004953180916538,-0.8538817274359323,1.8767706769701027,-4.773273995465642,-4.4429723909269,-0.7933657342027032,6.658825019575922,-16.38207547886146,41.270099703385185,8.873012082820145,-31.953358969243048,68.7448478133486,-8.49864695686656,65.81480531694329,0.001930157976525848,76.32083439826965
-5.001820731721309,-0.8569428036270483,1.8775519893556725,-4.770141546270413,-4.446033467118015,-0.7925844218171334,6.58431229567448,-16.214809652252473,41.40275036718799,8.757644365729728,-32.013556100113725,68.70981058383352,-8.531431719726116,65.85112100439632,-0.13228841839420813,76.35052752494812
-5.000414831670788,-0.858416283835584,1.8781139444590895,-4.768735646219891,-4.447506947326551,-0.7920224667137163,6.625610238620238,-16.30765407634415,41.435320735971366,8.685215997299602,-32.039819680888186,68.69179712289875,-8.551033078560916,65.86769476982833,-0.056440480852809394,76.36490058898926
-4.997829275656139,-0.8611039236838585,1.878894611043699,-4.766150090205242,-4.450194587174826,-0.7912418001291068,6.850824622389114,-16.485385582620683,41.33283993504568,8.96480879644979,-32.091295752710444,68.66085251225641,-8.581777596664253,65.89843636769231,-0.059591292797285256,76.38913917541504
-4.996668785808664,-0.8625139370601898,1.8792732949945457,-4.764989600357767,-4.451604600551157,-0.7908631161782602,6.892524104601618,-16.516663827067653,41.210557691680016,9.152773564496663,-32.11899636961381,68.64564734516092,-8.597128832591892,65.91343694585952,0.03502789636597381,76.40127396583557
-4.99421795497689,-0.865260566682412,1.8799369638640466,-4.762538769525994,-4.45435123017338,-0.7901994473087592,6.703957885702472,-16.779031628357775,41.193074092489006,8.683590602995096,-32.17372189712086,68.61584996820937,-8.625699972880415,65.94391121892258,0.008476830826078974,76.42547011375427
-4.990402382015045,-0.86907159040679,1.8809744505592212,-4.758723196564148,-4.458162253897758,-0.7891619606135847,6.0357816765876535,-16.627312397792636,40.94715577569685,8.265826128419265,-32.24712835192611,68.57180892322931,-8.66825403963558,65.9884899871217,-0.06903576941380507,76.46268820762634
-4.988319315048224,-0.871537803677882,1.8816891277459016,-4.756640129597327,-4.460628467168849,-0.7884472834269043,6.618340575610429,-16.695439721830457,41.48302533997259,8.268118146509302,-32.29439651029029,68.5444716775607,-8.6964413526683,66.0149458831574,-0.10990437694790334,76.48678588867188
-4.984046548534943,-0.875521928140679,1.8828180033178556,-4.752367363084046,-4.464612591631647,-0.7873184078549502,6.478997861839686,-17.14083586531825,41.36376885669101,7.8384953431292494,-32.369692493362884,68.49679096623822,-8.74237249256652,66.0631686716561,0.009775250956370662,76.5261390209198
-4.982561597774058,-0.8771836518614995,1.8833105328504605,-4.750882412323161,-4.466274315352467,-0.7868258783223454,6.610292210434116,-16.879838440708248,41.40784109638567,8.201531159037156,-32.40111089190182,68.47790426738354,-8.761770834482752,66.08145821901465,-0.08313438732872758,76.54131937026978
-4.978685240797878,-0.8814600698345527,1.8843140458866507,-4.747006055346982,-4.4705507333255206,-0.7858223652861551,6.59729486742565,-17.017405966533172,41.52907737121574,7.897083505382237,-32.48569594865565,68.43119703881453,-8.806320798857945,66.12927258415345,-0.024316570799254755,76.57980370521545
-4.976107987216825,-0.8842598774044166,1.8850406554920336,-4.7444288017659275,-4.4733505408953835,-0.7850957556807723,7.187060766741838,-17.036484200826962,41.753976891601916,8.374359010262332,-32.53981936450981,68.3998368088069,-8.837080915098028,66.16069427995264,-0.01331004317332507,76.60669898986816
-4.972648528548407,-0.8877527895626476,1.8857389887676739,-4.740969343097511,-4.476843453053615,-0.784397422405132,7.0109182632098355,-17.044608647775636,41.754704103818426,8.138025981175286,-32.6099968299269,68.36138074052819,-8.87140600915774,66.20169647083442,-0.011138688138373709,76.64305830001831
-4.970052905514042,-0.8905528729151801,1.8861507109628288,-4.738373720063145,-4.479643536406147,-0.783985700209977,6.9419731691064355,-17.130080337694643,41.631052058626686,8.135901403307628,-32.66861992887295,68.3324512246094,-8.895709040298833,66.23373246935118,0.12669706772240907,76.66940665245056
-4.968714883233601,-0.8917332510435771,1.8861764310681743,-4.737035697782704,-4.480823914534545,-0.7839599801046315,6.781500898420667,-17.1312676115779,41.53203129950488,8.056485615374354,-32.69520688444988,68.3204649540268,-8.903083443893824,66.24894758959597,0.04311187724929777,76.6813747882843
-4.966185592429445,-0.8947377787271484,1.8866545114145463,-4.734506406978548,-4.483828442218115,-0.7834818997582595,6.9312504994422355,-17.131453681209788,41.64008932635376,8.114117073107105,-32.75774161931024,68.29010679086505,-8.929776459060315,66.28171514553904,0.04494791669252951,76.70969796180725
-4.965229478081218,-0.8959994239925206,1.8868928500326825,-4.733550292630322,-4.4850900874834885,-0.7832435611401234,7.415380843634228,-17.137225330943515,41.87892831002992,8.433859487529837,-32.78353786608025,68.2774710133013,-8.941697799554369,66.29477188153837,0.04567994062649827,76.72165036201477
-4.9628319094270665,-0.8984492987436872,1.8869039476802607,-4.7311527239761695,-4.487539962234655,-0.7832324634925452,7.515601026341855,-17.201785391309063,42.07137746834192,8.25654754954228,-32.839686524268934,68.25441150160836,-8.95584373107976,66.32412682068889,0.10372344007825962,76.74861264228821
-4.961613446331608,-0.8996705192065151,1.887091824993269,-4.729934260880711,-4.488761182697482,-0.7830445861795368,7.064774652578647,-17.3679290197896,41.926391074610706,7.696392441922888,-32.86484087772885,68.24130987897132,-8.966795089390025,66.33860178873051,-0.07846764076828716,76.76148629188538
-4.959359117429151,-0.902288108574274,1.8874555918857672,-4.727679931978254,-4.491378772065241,-0.7826808192870387,7.193378032430001,-17.26619166681388,42.02263046085171,7.836281598610702,-32.91977215516925,68.21498777805607,-8.989131395984716,66.36753055101148,-0.015840000352724815,76.78625750541687
-4.955048188585779,-0.9068701135550019,1.8873176479299794,-4.7233690031348825,-4.495960777045969,-0.7828187632428265,6.995184003046667,-17.228092262793357,41.814666963813906,7.891430440917578,-33.02700647823782,68.1736885673421,-9.012249672684552,66.42163815067342,0.0812945348464531,76.83483624458313
-4.9537649853576,-0.9082307711782347,1.887451773278968,-4.7220857999067025,-4.497321434669202,-0.7826846378938379,6.812122953501403,-17.225326620698493,41.62658090895888,7.9028286798692555,-33.056125366879,68.15995268717164,-9.022861936722409,66.4374357370052,0.06342559325048036,76.84695100784302
-4.9524658775597,-0.9096161538356227,1.8871064262988475,-4.7207866921088035,-4.49870681732659,-0.7830299848739584,6.560689431763063,-17.051289927765996,41.545925498955086,7.83434302754742,-33.0931143748858,68.14993997072646,-9.023414656115838,66.45426682418582,0.06456520298678292,76.86202788352966
-4.950291254753898,-0.9125220286534272,1.887193622930197,-4.718612069303002,-4.501612692144395,-0.7829427882426088,6.691272754102736,-17.22109973449396,41.463490453650074,7.964163458520735,-33.1589932153283,68.12451610478571,-9.041318375439827,66.48490374899929,-0.09305713327023124,76.8886399269104
-4.949192770435648,-0.9138201659201921,1.887243536668434,-4.717513584984751,-4.502910829411159,-0.782892874504372,6.881062358275771,-17.143555795566023,41.52641744917282,8.206552786525618,-33.188045440735486,68.11253162639358,-9.049692943416627,66.49933939795338,0.09548170856026683,76.90072226524353
-4.946830854620873,-0.9168430780091894,1.8867952858560741,-4.715151669169977,-4.505933741500157,-0.7833411253167317,7.087803641081825,-17.16436483985994,41.542022346613045,8.43912869515001,-33.264524366728864,68.09002277354352,-9.056978316242141,66.53269302654748,0.07427054731595817,76.93013882637024
-4.94570557662249,-0.9179991068805091,1.8864048644143643,-4.714026391171593,-4.5070897703714765,-0.7837315467584416,6.864143370592166,-17.175263189394133,41.69575297725991,7.928685834661916,-33.29679583479478,68.08227649136796,-9.055318091537698,66.54715294311792,0.07527821917027033,76.94474148750305
-4.943659866755346,-0.9205934419085777,1.8860447378522003,-4.711980681304449,-4.509684105399545,-0.7840916733206056,6.671755688060731,-17.0842219094043,41.55928995080332,7.937184072591343,-33.361923336926495,68.06262182450438,-9.062131840848032,66.57584586142414,0.12880901587612303,76.96885585784912
-4.942770355206975,-0.9221605859498863,1.885953575409474,-4.711091169756078,-4.511251249440853,-0.7841828357633318,6.9252016093730795,-17.139388305276146,41.61507402309279,8.148434938878266,-33.39976508353288,68.05113088415031,-9.068603544254493,66.59086869986984,-0.07190604419122693,76.98040318489075
-4.94071733915799,-0.9248696790244517,1.8853052531781151,-4.709038153707094,-4.5139603425154196,-0.7848311579946907,7.167186213649291,-17.22855714489557,41.84934430971762,8.074388089746327,-33.47194685508202,68.03311553787327,-9.069827957847853,66.62076738152496,0.08973158797683478,77.00883936882019
-4.939484375516689,-0.9259621847742883,1.8848288499830175,-4.707805190065793,-4.515052848265256,-0.7853075611897884,6.9538914330637045,-16.945374400662434,41.841926157011066,8.063881375501168,-33.50378663922077,68.02591577939334,-9.06613248612379,66.63563528583138,-0.0781343247249282,77.02070689201355
-4.937070661492731,-0.9294320244318686,1.8839534866345504,-4.705391476041834,-4.518522687922836,-0.7861829245382554,6.8129468662153885,-16.791509522307145,41.71026544581895,8.190592219648314,-33.59709963475651,68.00401653482211,-9.066512296821546,66.67268614840648,0.05592482336212434,77.05080723762512
-4.936220308771752,-0.9308677860035144,1.883862224055096,-4.704541123320855,-4.519958449494482,-0.7862741871177099,7.070090617770252,-16.933979764713104,41.785762097902264,8.300383060557182,-33.63170289142677,67.99334009709118,-9.072335436501657,66.6866678531828,0.05687989157624873,77.06337118148804
-4.933248054791234,-0.9350790108822613,1.8826257881096882,-4.701568869340337,-4.524169674373229,-0.7875106230631177,7.101845092402158,-16.943289079019017,41.97850711745418,8.069766671845183,-33.7473733768858,67.96787920021765,-9.069108344533042,66.73216515856268,0.12591949906354305,77.1015100479126
-4.931229528699655,-0.9377248586345401,1.8819127432312643,-4.699550343248758,-4.526815522125507,-0.7882236679415415,7.321650451444549,-16.987231608268527,42.0802559852836,8.187004858105936,-33.81877522233911,67.95068099721577,-9.068605206313778,66.76155792086641,0.1421035473371397,77.12549996376038
-4.928008274635604,-0.9421764485297486,1.8805473695804955,-4.696329089184707,-4.531267112020716,-0.7895890415923104,7.274782847770842,-16.87401258220525,42.215105296172524,8.041729691242441,-33.941580365888704,67.92372837044996,-9.064000032745005,66.81020898252943,0.08470087354957023,77.16466546058655
-4.925999097758259,-0.945375456855353,1.8798820445611946,-4.694319912307363,-4.534466120346321,-0.7902543666116113,7.487051704733925,-16.991987141687936,42.12651969973569,8.332057657112351,-34.0252368641174,67.90299338955455,-9.067187009277308,66.84278317448373,-0.058375322706779365,77.18900609016418
-4.924804100075711,-0.9463844004366297,1.8793356593397634,-4.693124914624814,-4.535475063927597,-0.7908007518330424,7.1725619911140965,-16.825358768261058,41.78632722491538,8.525468876555113,-34.05606636945153,67.89683633751416,-9.061502311377836,66.85702475001281,0.09747385279210619,77.20116066932678
-4.921726163432376,-0.9510722592478602,1.8779766522489632,-4.690046977981479,-4.540162922738828,-0.7921597589238427,7.479245924597312,-16.96507327057271,41.94937273340576,8.577444788848613,-34.184247532690804,67.86888022817995,-9.05800222673749,66.90618558053036,0.10115296116793715,77.24076533317566
-4.919463480285296,-0.9542914569359033,1.8768508443253076,-4.687784294834399,-4.5433821204268705,-0.7932855668474983,7.436282121145311,-16.559853724504606,41.9332973241539,8.918586985423211,-34.27496712846802,67.85054832819435,-9.051570418964989,66.9411579742001,0.005273773669667747,77.26679944992065
-4.918454490951507,-0.9557693996987426,1.8766198412260584,-4.6867753055006105,-4.54486006318971,-0.7935165699467475,7.530640729029195,-16.735888268604096,41.94009660113129,8.866600861102324,-34.312157828730406,67.83991807743118,-9.054783019515595,66.95656186943566,0.006348512854195576,77.27966523170471
-4.916522820009477,-0.9585365024079369,1.8756317004230172,-4.684843634558581,-4.547627165898904,-0.7945047107497887,7.823880807523887,-16.810012480220855,42.47889345049717,8.467389212792435,-34.39037439868452,67.82430809889124,-9.048783661802048,66.98656595230284,0.07431609055247179,77.30512595176697
-4.909672801510834,-0.9671928662771745,1.872176212427087,-4.677993616059938,-4.556283529768142,-0.7979601987457188,8.55780813931673,-16.84013142691605,42.71656484476939,9.087274192990305,-34.63932099175441,67.77472973232784,-9.022818735072565,67.08591280845599,0.10056437824233821,77.38356566429138
-4.906468812877229,-0.9713760805005527,1.8704295096256423,-4.674789627426332,-4.56046674399152,-0.7997069015471636,8.438303073088852,-16.849432645773977,42.97251741862302,8.583904968302395,-34.760804801297354,67.75166277457019,-9.008411266569265,67.1333791333129,0.07604377564328058,77.42360162734985
-4.90292903351954,-0.9758504973411459,1.8685486602221135,-4.671249848068644,-4.564941160832113,-0.8015877509506923,8.649440076380717,-16.64782307517128,43.12763632980461,8.844950457364222,-34.89066468912194,67.72649024318874,-8.992782809220609,67.18484529616774,0.047113790069959194,77.46547770500183
-4.900098003148116,-0.9782955886301317,1.8672313686359572,-4.66841881769722,-4.567386252121099,-0.8029050425368487,8.118702983196329,-16.19624967608665,42.91779707862284,8.845610414378054,-34.96493526330475,67.71123498624881,-8.978786388190269,67.21892280566581,0.16687016973999835,77.49191737174988
-4.899316680955553,-0.9796740461073614,1.8667019270830316,-4.667637495504657,-4.568764709598328,-0.8034344840897742,8.338918851451194,-16.38888189227628,43.0846546161992,8.733072589166632,-35.0045291994948,67.70432861143027,-8.97472494206717,67.2327992538668,0.13045335226719157,77.50454115867615
-4.897092161132221,-0.9820300298032036,1.865664026701785,-4.665412975681325,-4.571120693294171,-0.8044723844710209,8.97866136442367,-16.760120613969043,43.53975990373884,8.634318169515932,-35.073062175210055,67.68982031422907,-8.96575820281271,67.26217423845773,0.05754372365336202,77.52870869636536
-4.895642916234342,-0.9835189899907388,1.8648407229434834,-4.663963730783445,-4.572609653481706,-0.8052956882293225,8.729939495023096,-16.749624264302472,43.31014745086179,8.62019006590454,-35.11896339478857,67.68179500838252,-8.956445911695681,67.28127404074694,0.06837979134030725,77.54383587837219
-4.89371561771644,-0.9857948355719519,1.8637913262601078,-4.662036432265544,-4.574885499062919,-0.8063450849126981,9.286314820261556,-16.720288350356988,43.65521093173606,8.926958707082067,-35.18616780136856,67.66902965192428,-8.946492082521258,67.30836308781183,0.01413994170271593,77.5675847530365
-4.892503453322543,-0.9868566351866592,1.8629185193138382,-4.6608242678716465,-4.575947298677627,-0.8072178918589676,9.137750359627894,-16.732340998928475,43.61227555179721,8.778930632338884,-35.22320058178907,67.6648217117577,-8.933719985269157,67.32353778893415,-0.008110369889735125,77.58018279075623
-4.890241668106098,-0.989357433020768,1.861737766111204,-4.658562482655201,-4.578448096511735,-0.8083986450616019,9.379554480545039,-16.855278979043437,43.8197370799748,8.709673182444433,-35.297251770132945,67.65034509627834,-8.922271027474437,67.3542268526286,0.14433488453561338,77.60566544532776
-4.88861250441153,-0.9902792048319513,1.8608691249583758,-4.6569333189606334,-4.579369868322919,-0.8092672862144301,8.953726582250093,-16.548125246183385,43.536798742006695,8.81630537622882,-35.33038104246611,67.64511695544547,-8.90928053281492,67.3711179921818,0.07049005992964652,77.61879348754883
-4.886217831851587,-0.9932274448238259,1.8593193670585078,-4.65453864640069,-4.5823181083147935,-0.8108170441142981,9.36020640600755,-16.683477063292646,43.988798328019904,8.626578027479823,-35.42054032078194,67.63038463074716,-8.891960617283928,67.40587716945952,0.06853812886276511,77.64839196205139
-4.885031682897188,-0.994286381750636,1.8586239177260153,-4.653352497446292,-4.583377045241603,-0.8115124934467906,9.473509210280136,-16.754002549399345,44.19705931072845,8.435349196539686,-35.454693788703395,67.62481188626678,-8.882983545867303,67.42058571344211,0.06965674959718093,77.6604323387146
-4.882393298909918,-0.996790119341056,1.8571610518514663,-4.650714113459021,-4.585880782832024,-0.8129753593213396,9.396195829347404,-16.50132056762545,43.96258202451968,8.88741301846533,-35.53274890093238,67.6108460643745,-8.865567187090516,67.45404911369842,0.13786589137134797,77.68503546714783
-4.878498621320916,-0.999632419604416,1.8546849496778948,-4.64681943587002,-4.588723083095383,-0.8154514614949111,9.139027624628886,-16.3602912705956,43.7810010408779,8.931606118109046,-35.633244670820794,67.59765243068145,-8.828531534767363,67.49886964417338,0.09439112210579381,77.72111177444458
-4.874451016900371,-1.0032477610553303,1.8516925018872317,-4.642771831449474,-4.5923384245462975,-0.8184439092855742,9.375067464842022,-16.253738874586475,44.21918096795142,8.765440424093924,-35.759831990356744,67.58334378194385,-8.783834131103678,67.55004487555266,0.09850584433152498,77.76159763336182
-4.87169593526803,-1.0060351683492708,1.8497956659069232,-4.640016749817133,-4.595125831840238,-0.8203407452658826,9.925362903780877,-16.555714153031087,44.634816691276434,8.666752973232658,-35.8513050179131,67.57049900759871,-8.758031174240031,67.58658952674132,0.09202387740984896,77.78823566436768
-4.867215887865901,-1.0090563706791404,1.8464392092814936,-4.6355367024150045,-4.598147034170108,-0.8236972018913122,9.35490478780593,-16.356947163025495,44.367220648450605,8.455865126757404,-35.969536517145556,67.56055039900693,-8.70236016336567,67.63745583028606,0.2509321730877554,77.825110912323
-4.863056737297641,-1.0126177773293095,1.8433363669597211,-4.631377551846745,-4.601708440820277,-0.826800044213085,9.662873817709997,-16.448813569264775,44.68633797494765,8.363063975373963,-36.0966532867241,67.54664556596487,-8.654489674394327,67.68913955695342,0.17064894381928397,77.86166882514954
-4.859850251847259,-1.015322238739648,1.840979949900189,-4.628171066396362,-4.6044129022306155,-0.8291564612726168,10.031481780892902,-16.49671145108336,44.819824754661965,8.646648736549473,-36.19315465753451,67.5358014544562,-8.61803614791166,67.72867581613079,0.201976611695299,77.88757252693176
-4.858539466747783,-1.0163495923104604,1.8397478826182114,-4.626860281296886,-4.605440255801428,-0.8303885285545947,9.973615084642088,-16.59620105488307,44.90064602156236,8.367845279118077,-36.23521535658029,67.53395819726215,-8.596682458271824,67.74479072183368,0.14706208972773105,77.89994096755981
-4.855435648576413,-1.0188980926712952,1.8371497713450724,-4.623756463125516,-4.607988756162262,-0.8329866398277335,10.206776203832803,-16.72625490767429,45.25685539884305,8.084449161037048,-36.33229427793126,67.5263089295822,-8.55374880305785,67.78313063557569,0.15494594817552887,77.92502331733704
-4.850354412288985,-1.0234062789689387,1.8328418932722244,-4.618675226838088,-4.612496942459906,-0.8372945179005817,10.551006801495777,-16.835146028558743,45.427456874821715,8.22870178283952,-36.4999720706046,67.5120654385786,-8.48359275027618,67.84794810037786,0.24013035603794286,77.96708250045776
-4.848244953461321,-1.0248960817446062,1.831343937448402,-4.616565768010424,-4.613986745235573,-0.8387924737244039,10.387831540371344,-16.82420373167964,45.2045190831506,8.32652351752935,-36.55604528441403,67.50606670793513,-8.45901428622176,67.8721410826344,0.09660721446251763,77.98206067085266
-4.843901029395825,-1.029377120402902,1.8276915882433156,-4.612221843944929,-4.61846778389387,-0.8424448229294903,11.256743851424043,-17.23056613900051,45.793033042004,8.322845537888075,-36.71341921299311,67.48965528015941,-8.402406369163495,67.93118252737105,0.1578523648765504,78.01911044120789
-4.839905982190575,-1.032641095565517,1.824595239566115,-4.608226796739679,-4.621731759056484,-0.845541171606691,11.092967328495968,-17.17190775881279,45.75481991250713,8.219909612191906,-36.834181534702594,67.4774928497545,-8.35179850846824,67.97998991427774,0.16653375732083386,78.04795241355896
-4.837866690343627,-1.0344781599699124,1.8230087885685542,-4.6061875048927305,-4.62356882346088,-0.8471276226042519,11.02583205982839,-17.29428989308407,45.600964229627245,8.22359500113893,-36.89986220578174,67.47025513200457,-8.326597399072583,68.00591774770753,0.15458509086292338,78.06325960159302
-4.836151544462715,-1.0359418434062688,1.8211032604601005,-4.604472359011819,-4.625032506897236,-0.8490331507127056,11.094771992136454,-17.154989525886332,45.94319857922267,7.991417128757768,-36.962795245854686,67.4691720856893,-8.29197710479931,68.02810311219474,0.09561093444236146,78.07817816734314
-4.831927651596007,-1.0388550533070084,1.8180561524705348,-4.60024846614511,-4.627945716797976,-0.8520802587022713,10.616395286504389,-16.69139237107424,45.29550881130844,8.665007937919091,-37.074542351476055,67.457548823817,-8.240478761317156,68.07615559557023,0.09945331164519366,78.10448741912842
-4.82209139795248,-1.0484987921019613,1.8094394796434958,-4.590412212501583,-4.637589455592929,-0.86069693152931,10.890647100703008,-16.957284551725035,45.55349853996579,8.443478641789012,-37.42590690329114,67.4246013828931,-8.099092674667267,68.20713691345294,0.18095369252043092,78.1814649105072
-4.8185387489215925,-1.051736623511185,1.8064187473227746,-4.586859563470696,-4.6408272870021525,-0.8637176638500315,10.672647924626343,-16.770254382281323,45.31547800740982,8.649254592110244,-37.5457750530418,67.41327138596169,-8.048517743483012,68.25282505284068,0.1848063521055998,78.20741105079651
-4.816781679661031,-1.0533806420186895,1.8048894259243013,-4.585102494210134,-4.642471305509657,-0.8652469852485045,10.626863687123114,-16.808287124057934,45.46742158813448,8.349800406731525,-37.60664801284632,67.4076449016903,-8.022831456147605,68.27571780178843,0.08353179810383793,78.2196249961853
-4.8134035825872905,-1.0567550986105614,1.8015637586019664,-4.581724397136394,-4.645845762101529,-0.8685726525708397,10.83703657861463,-17.243451646986486,45.751894996387705,7.84522762354368,-37.73513555069923,67.39847001462869,-7.965497149889018,68.32153723746433,0.15324627221513598,78.24676322937012
-4.809306027741507,-1.0609853290100635,1.7983053791458157,-4.577626842290611,-4.650075992501031,-0.8718310320269904,10.848752054528333,-17.256969435284077,45.17080344922841,8.616968969812834,-37.880923640689794,67.38022265681467,-7.914234149647854,68.37676221609966,0.1343772952232607,78.27586483955383
-4.80649847019912,-1.0629336287362263,1.796004354805194,-4.574819284748223,-4.6520242922271935,-0.8741320563676118,10.191209953579804,-16.89039388442744,44.58678751871767,8.873162460015822,-37.960493887820505,67.37409073974676,-7.872652361378982,68.40910035113957,0.09485094087862667,78.29367542266846
-4.805238820885807,-1.0647384658383396,1.7946241606614532,-4.57355963543491,-4.653829129329307,-0.8755122505113526,10.057035829215502,-17.074819864167296,44.59845673071258,8.504420249078365,-38.023226800722334,67.36825321357273,-7.850550404771086,68.42957788744536,0.0873130811692695,78.30595350265503
-4.803817614671013,-1.0662003329617988,1.7930453111229951,-4.572138429220116,-4.6552909964527664,-0.8770911000498107,10.272926490808395,-17.214995682745528,44.69795156683035,8.525529369799674,-38.0813991665139,67.36539730038982,-7.822205937307078,68.44933025388173,0.314321261536187,78.31847429275513
-4.8005249659582985,-1.069575908628672,1.789902154377049,-4.568845780507402,-4.658666572119639,-0.8802342567957568,10.553730628162405,-17.139259993765855,44.722682252124784,8.927227692682079,-38.207118449157896,67.35471997076223,-7.768240953910166,68.49426752871572,0.17749684233725738,78.34583187103271
-4.799000679193461,-1.0711593072908137,1.7884185197937028,-4.567321493742564,-4.660249970781781,-0.8817178913791033,10.475616835158428,-17.324555235193287,44.95519222877029,8.351211825945775,-38.26629602664538,67.34983312184296,-7.742628985269275,68.51522460439145,0.26379147722329854,78.35820293426514
-4.796122453877986,-1.074093458163461,1.7855083062344654,-4.56444326842709,-4.663184121654428,-0.8846281049383407,10.722518659727506,-17.263409235669343,45.25446590928679,8.339156243276664,-38.37869828981467,67.34174247178554,-7.691335406735983,68.55460870323004,0.1640769041750545,78.3829836845398
-4.790876277261852,-1.0793178899908276,1.7803521940802156,-4.559197091810955,-4.668408553481795,-0.8897842170925905,10.636363045664714,-16.950157442644876,45.27491983847334,8.491020386702123,-38.57835217996811,67.3263914425713,-7.6002436743422725,68.62540681434372,0.10934038130650237,78.42627573013306
-4.787110574158886,-1.0809793977513589,1.7780050780403607,-4.55543138870799,-4.670070061242326,-0.8921313331324454,10.588611533641123,-16.51016207851,44.77662940391367,9.51450761961821,-38.65126344852058,67.31788344024626,-7.555758254846705,68.66206387896119,0.22005012050887096,78.4438328742981
-4.783218483418892,-1.0858876117763898,1.7735201905508657,-4.551539297967995,-4.674978275267357,-0.8966162206219401,10.200262557725136,-15.967181691059857,44.448850376291134,9.943456563354928,-38.8342493302276,67.30480081670724,-7.477286677259844,68.72148918746409,0.20676015008207038,78.48343324661255
-4.779806994554493,-1.0881320169026778,1.7705092559285385,-4.548127809103596,-4.677222680393645,-0.8996271552442674,9.066880313932426,-15.914638597236832,43.51577211087162,9.739510937097783,-38.932508007230865,67.29914263925684,-7.419534267904718,68.76022387050804,0.20539964706904357,78.50776386260986
-4.774409124352421,-1.094471399998595,1.7645855706179536,-4.542729938901525,-4.683562063489562,-0.9055508405548525,10.232229198456835,-15.804221239810396,44.12960596225139,10.552737543470828,-39.170904255037506,67.28114989143239,-7.314321464123726,68.83935708597139,0.08594545137600829,78.55991220474243
-4.771250786075224,-1.097184538530365,1.7612058612326429,-4.539571600624327,-4.686275202021332,-0.9089305499401632,9.874256753657308,-15.730675327112397,43.84099577084635,10.537520443243077,-39.286737204780884,67.27620452549444,-7.249502952892244,68.87967538541812,0.1693929801607741,78.58671116828918
-4.769955989210152,-1.098886260660675,1.7593954824895754,-4.538276803759255,-4.687976924151642,-0.9107409286832304,10.392374153400043,-15.915635496060032,44.514168213131626,10.155942721082099,-39.35492254828628,67.2736417309489,-7.215763338732826,68.90020966960209,0.22770367447901485,78.60110068321228
-4.766777886158576,-1.1018127597799567,1.7562005375058067,-4.53509870070768,-4.690903423270925,-0.9139358736669994,10.36633149338233,-15.909023993650246,44.61077127654214,10.003909943031834,-39.47234299004738,67.26564758514863,-7.156044258746378,68.94160750737224,0.17980648828961776,78.62814521789551
-4.765536506987964,-1.1029190438064052,1.7548607001811338,-4.533857321537067,-4.692009707297372,-0.915275710991672,10.504894333132217,-15.887320547733765,44.617902457643524,10.196140290368827,-39.519046246907656,67.26345157901048,-7.130297578967992,68.957678051158,0.16720686907016358,78.64009141921997
-4.762196299444513,-1.105664872980342,1.7515681830254293,-4.530517113993617,-4.694755536471309,-0.9185682281473768,10.197995912138346,-15.70594229913745,44.482412044927976,10.150464326992077,-39.634076784054116,67.25655020878858,-7.067110082654455,68.9991381056366,0.17560563315953015,78.66602301597595
-4.761107242956037,-1.1070817679497986,1.7499913599834684,-4.52942805750514,-4.6961724314407665,-0.9201450511893374,10.396900130848598,-15.548762415071254,44.558421415753145,10.458452021198694,-39.69218344224529,67.25477744320418,-7.037098745071973,69.01635503991783,0.06471272387427263,78.6784496307373
-4.758139372982131,-1.1099574529496141,1.7470369323850958,-4.526460187531234,-4.699048116440581,-0.92309947878771,10.434456354966278,-15.545725135974244,44.660019556283025,10.377298571782928,-39.80468788165135,67.2458985536007,-6.982151272299907,69.05573887604572,0.14330754896878606,78.703378200531
-4.75682958566558,-1.111234477855682,1.7449904869700625,-4.525150400214683,-4.700325141346649,-0.9251459242027433,10.55877660946858,-15.792713211161736,44.82682284150056,10.08352309026997,-39.86787243355915,67.24764655161064,-6.940188044095713,69.07412488056082,0.05607866209513901,78.71872544288635
-4.753356304208786,-1.1137330040042663,1.7418829885740146,-4.52167711875789,-4.702823667495234,-0.9282534225987913,10.396029971154295,-15.44372379022869,44.44502532743788,10.711250486587973,-39.97418208328142,67.24008540517504,-6.879542862209423,69.11466602811997,0.13467618262510683,78.74294853210449
-4.749242333981038,-1.1162017927894683,1.7382950066867506,-4.517563148530141,-4.705292456280436,-0.9318414044860555,10.954111201246784,-15.662900464858033,44.97057499760987,10.554317430359454,-40.08769170784025,67.23354591629308,-6.807190354797472,69.15968460277756,0.091651880765375,78.76727557182312
-4.748210892214006,-1.1188755118342086,1.7348739636947146,-4.516531706763109,-4.707966175325176,-0.9352624474780915,11.29409807991697,-15.90171336037931,45.565162683412225,9.977579146043317,-40.2072157765941,67.23777184205801,-6.738850289861658,69.1861407148323,0.12300592370687191,78.79340887069702
-4.746647485801966,-1.120009002468868,1.7332010198950885,-4.51496830035107,-4.709099665959835,-0.9369353912777176,11.465829071420833,-15.791011616201342,45.638118414621104,10.215077836595997,-40.26035981708829,67.23632317143742,-6.704744159549959,69.20475627754595,0.04027937184434993,78.8056571483612
-4.744635645676758,-1.1206839827471227,1.731226296952188,-4.512956460225862,-4.70977464623809,-0.938910114220618,11.552785001415424,-15.50623102523459,45.519348022215546,10.765209327865264,-40.3082680709554,67.238260459354,-6.661146080981431,69.22391754493297,0.05610001265964826,78.81839728355408
-4.742973550080196,-1.124239599652691,1.7279479777745723,-4.5112943646293,-4.713330263143659,-0.9421884333982338,12.185162410138588,-16.22926338473589,46.3231193063637,9.831834716376981,-40.44397231433012,67.23259679563718,-6.6003938740145305,69.25924289756362,0.06451234385516891,78.8457441329956
-4.741355024898539,-1.1257104980518418,1.725848115378521,-4.509675839447643,-4.714801161542809,-0.9442882957942849,12.265139381835864,-16.452813457162257,46.404582658964216,9.616829637985207,-40.512377040806456,67.23185856084103,-6.557474467131315,69.28066956517297,0.01970534273828406,78.86034917831421
-4.738722978324594,-1.127912511816107,1.7225153667575124,-4.507043792873698,-4.717003175307075,-0.9476210444152935,12.409596292888597,-16.370838412189265,46.618664204104824,9.605841819807255,-40.61803368831357,67.23123460871108,-6.4885384662008185,69.31428221651322,0.027696253578323393,78.88446140289307
-4.737039221758104,-1.129242536930013,1.7208254360895094,-4.505360036307207,-4.718333200420981,-0.9493109750832966,12.217669519603614,-16.141257092123777,46.19861024614561,10.120225648656758,-40.67584616431993,67.22793063596275,-6.454602865187263,69.33477019815685,0.07178303350569148,78.8969886302948
-4.734100542474735,-1.1316917519060488,1.7167697812001652,-4.502421357023838,-4.720782415397016,-0.9533666299726409,12.277375400996455,-16.568669808810277,46.37661818969622,9.562182374046413,-40.79996800039709,67.22973538145844,-6.369125753925367,69.37259889627448,0.07562320289043623,78.92518162727356
-4.732550351888682,-1.132887642395721,1.7150185144539485,-4.500871166437785,-4.721978305886688,-0.9551178967188574,12.277372864053,-16.36817296214398,46.52092734853131,9.567889602686806,-40.856254432587825,67.22832092030806,-6.332830290269179,69.39150870054607,0.07741639758016561,78.93776202201843
-4.729055635199549,-1.135730301144659,1.7108919701041794,-4.497376449748653,-4.724820964635626,-0.9592444410686267,11.982906838690866,-16.140460047483554,46.34277388714449,9.634536539027172,-40.98977597643575,67.2254327980168,-6.247173479053988,69.43517448599628,0.05346748124325629,78.96641063690186
-4.727811674618414,-1.1368188286007992,1.7088696270802282,-4.4961324891675165,-4.725909492091766,-0.9612667840925777,11.979023877365826,-15.998925694204715,46.356692390317875,9.745258754048074,-41.049277020505244,67.22809414156272,-6.203554730221275,69.45180995741623,-0.052644841172774015,78.97922992706299
-4.725176411933629,-1.138714383738565,1.7052420513946713,-4.493497226482733,-4.727805047229532,-0.9648943597781345,12.32322235168835,-16.462419591605826,46.37668222797425,9.727878988279336,-41.15430475047925,67.23142875373644,-6.124863738900556,69.48385724976652,-0.011817769715054993,79.00346350669861
-4.7194256629975415,-1.1429796193606825,1.697703144695757,-4.4877464775466445,-4.73207028285165,-0.9724332664770492,12.003785291360884,-16.18492241652585,46.16478029379725,9.859335260318186,-41.37980827076258,67.23472415106689,-5.9621645842058415,69.55397675508173,0.028097488355719236,79.05384683609009
-4.718512927535252,-1.1443041309467703,1.6962137122905303,-4.486833742084355,-4.7333947944377375,-0.9739226988822756,12.547192432832082,-16.298559262328492,46.67122371728115,9.793650158049946,-41.43527617693238,67.233030404034,-5.932292798401843,69.5691833409964,0.02968110562614701,79.06574630737305
-4.716850927137379,-1.1453827723675025,1.6944963172950884,-4.485171741686482,-4.73447343585847,-0.9756400938777174,12.130690683808227,-15.98444909249453,46.49650189560871,9.781548734353752,-41.488591889000844,67.23144001788091,-5.895525574509774,69.58798912987758,0.03142956916639861,79.07808756828308
-4.71449020896798,-1.1472531681628275,1.6909536220156864,-4.482811023517084,-4.7363438316537945,-0.9791827891571196,12.466303066292353,-16.194189936639,46.92072175749151,9.4655218962167,-41.59248041146804,67.23523042608565,-5.8178738353415955,69.61789956973674,0.01584110938520311,79.10240173339844
-4.71200231495685,-1.1490450567217545,1.6871803986213854,-4.480323129505954,-4.738135720212722,-0.9829560125514205,12.53443674434623,-15.948711260625295,46.834390914535824,9.904489246953714,-41.69897277488334,67.24069128077097,-5.733955953595665,69.64838681915997,0.019121917454110182,79.12637639045715
-4.710467877733425,-1.1501181865463912,1.6851403383587629,-4.478788692282529,-4.739208850037358,-0.9849960728140432,12.603961779154073,-16.091707197038314,46.77020465857608,9.943923196362606,-41.75862156539464,67.24206556758651,-5.68896173113078,69.66666463194025,0.11013636194016563,79.1409101486206
-4.707696883382313,-1.1523642618454253,1.6810656064660359,-4.476017697931416,-4.7414549253363925,-0.98907080470677,12.997931643819816,-16.22589968470489,46.83086576490808,10.241719162235173,-41.88056537417638,67.24533150755951,-5.599432685908143,69.70185701580372,0.005944140380181651,79.16858434677124
-4.703002048709236,-1.1555507041777002,1.6742008670114576,-4.47132286325834,-4.744641367668668,-0.9959355441613484,12.977778226870893,-16.26485586639189,47.42467979481504,9.41715694737544,-42.07343251217452,67.25466543143796,-5.445016956524332,69.75774294609873,0.007230218509199915,79.21403479576111
-4.701752838066744,-1.1562710652775139,1.6723940840141518,-4.470073652615847,-4.745361728768481,-0.9977423271586543,12.529536897155102,-15.942435604217286,46.972295514105944,9.731700973483981,-42.121705226466716,67.2578498017708,-5.403657584302091,69.77183040753314,0.0978924392129592,79.2262167930603
-4.70062382069545,-1.1572980668045836,1.6705702930741695,-4.4689446352445525,-4.746388730295551,-0.9995661180986366,12.677595457816832,-15.946452531233819,47.19446596467348,9.628097152162862,-42.177172400362316,67.25954542162778,-5.363360766933612,69.78693440101472,-0.0787450043738902,79.2380645275116
-4.698278692968392,-1.1587719030937917,1.666814654478293,-4.466599507517496,-4.747862566584759,-1.003321756694513,12.747967947448652,-15.877191061938642,47.146706958723826,9.853749132470053,-42.27758911227276,67.26736466838813,-5.277071601307595,69.81442255817626,0.11670317343757564,79.26269721984863
-4.692473527651867,-1.162891150274949,1.6586639037143667,-4.460794342200971,-4.751981813765917,-1.0114725074584394,12.907153894743372,-15.521450971480618,47.549840088515694,9.872383536334157,-42.51504168154792,67.2745343011294,-5.093193942100027,69.88383851149928,0.09118773125170065,79.31815195083618
-4.690222796714966,-1.1645518885497466,1.6546241721889166,-4.45854361126407,-4.753642552040714,-1.0155122389838893,12.973966096585944,-15.768660014468583,47.54256688412179,9.7356810613724,-42.62570180458927,67.28340793564954,-5.000061634312769,69.91195669762861,-0.008737377808174962,79.34318375587463
-4.6884793022710705,-1.1656820427288437,1.6522231212638663,-4.456800116820173,-4.754772706219811,-1.0179132899089396,13.1263036562378,-15.783453926209193,47.70234858535052,9.713843589915628,-42.69407506977336,67.28585335202028,-4.945085129100652,69.9320696735752,-0.05352809361968003,79.35809516906738
-4.685473265405464,-1.1678972289631466,1.6480233403564664,-4.453794079954567,-4.756987892454114,-1.0221130708163397,13.140242205436596,-15.456506193864918,47.58761182145801,10.199822272026958,-42.81904878042655,67.28857139424655,-4.849847495621938,69.96830879316383,-0.012166023544839533,79.38508486747742
-4.683998799847231,-1.1689399630383883,1.645464317993485,-4.452319614396334,-4.758030626529356,-1.0246720931793212,13.099213234044681,-15.436639218407947,47.56981757695748,10.188187328268885,-42.88919672800321,67.29393300424869,-4.790373333264417,69.98630002911706,-0.07106399437145061,79.39997386932373
-4.679926173500142,-1.1719328035765164,1.6390837972049064,-4.448246988049245,-4.761023467067484,-1.0310526139678997,12.700000622234368,-15.17092811167373,47.528098808642234,9.959402127289763,-43.07235444400121,67.30264075331075,-4.643297159456815,70.03588017758632,0.009519035990876112,79.43773221969604
-4.676931459332028,-1.1741080356256772,1.6340278583378178,-4.445252273881132,-4.763198699116645,-1.0361085528349883,12.759385322934442,-15.276674728504426,47.76086845461195,9.618162526214855,-43.21396060742484,67.3118324419838,-4.525480307526494,70.07245131912899,-0.00033815582583862636,79.46549320220947
-4.675543572099743,-1.1749777066942635,1.63184120216272,-4.443864386648846,-4.764068370185231,-1.0382952090100859,12.801713717942267,-15.389871193356948,47.76724289200851,9.561552907381545,-43.273639620827566,67.31587321538967,-4.473994534236426,70.08842640391393,0.1516106331394802,79.47788500785828
-4.672703220478034,-1.1771775101112982,1.6273316288098845,-4.441024035027137,-4.766268173602265,-1.0428047823629216,13.011893270034342,-15.194644437637187,47.7619749009727,10.043722395512557,-43.40567209227492,67.32132647461066,-4.369531137913014,70.12353189363779,0.1977694006234394,79.50279021263123
-4.670925773098174,-1.1784441861488257,1.6246781148208918,-4.439246587647277,-4.767534849639793,-1.0454582963519141,12.957997965493679,-15.13741010430062,47.70924173975608,10.097599329477788,-43.482725345383784,67.32421913578828,-4.307689124094632,70.1446791896342,0.11564467725373984,79.51765465736389
-4.667941085100313,-1.1805974696191126,1.620011971632334,-4.436261899649417,-4.76968813311008,-1.0501244395404719,12.927718420350157,-14.987006812109916,47.65206028436437,10.279181338494615,-43.617045006993024,67.33037912818341,-4.19840081441615,70.18047894916565,-0.04923680840099287,79.54224944114685
-4.664640349363569,-1.1828832403710081,1.614615562029393,-4.4329611639126725,-4.7719739038619755,-1.055520849143413,12.843912721922988,-14.9121167296336,47.57111740191362,10.347933896799782,-43.76856088931443,67.33952221581733,-4.070703421859303,70.2196425684152,0.15702432280283674,79.57008528709412
-4.663297909290913,-1.1838158995569323,1.6123085316661006,-4.431618723840017,-4.7729065630479,-1.0578278795067055,13.120488529730993,-14.93039076915795,47.820698646442835,10.367140733515962,-43.83259610421562,67.3440181230223,-4.015815385668595,70.23565814170858,-0.04282958902576617,79.58223032951355
-4.6614585027793884,-1.1853092600007875,1.6093947981309022,-4.429779317328491,-4.774399923491755,-1.0607416130419036,13.074428679536899,-14.953921077183558,47.74743146575785,10.379852578262737,-43.920102405339996,67.34673697843127,-3.947742503074533,70.25860730309246,0.08173621718899682,79.59744620323181
-4.658137636552053,-1.187438751847538,1.6045385687943696,-4.426458451101157,-4.776529415338505,-1.0655978423784365,12.900667340241272,-14.93217453931963,47.37939844624502,10.666142211566221,-44.058111211950525,67.35266164171125,-3.8320106841102826,70.29635975640319,0.024931618515590337,79.62218952178955
-4.655033051479577,-1.189754301145203,1.5995112001636977,-4.42335386602868,-4.77884496463617,-1.0706252110091081,12.811875891077047,-15.150065130044602,47.2033307189647,10.570727327954247,-44.20415066026612,67.35934073755239,-3.712620663150272,70.33385920028998,0.1512261594468587,79.64892196655273
-4.653246577316199,-1.1914903600949698,1.5970628507313922,-4.421567391865302,-4.780581023585937,-1.0730735604414139,13.10153757686595,-15.100970857877323,47.32389298413071,10.83789209640735,-44.28794266586227,67.35687706481481,-3.6569137237038922,70.35736875073202,0.10677332718413535,79.66397881507874
-4.648562911336192,-1.194838469388567,1.5897806414269353,-4.416883725885296,-4.783929132879535,-1.0803557697458706,12.927773331584584,-14.788838010703765,47.4030956213487,10.80354155945987,-44.499809251407356,67.3654444173346,-3.4826581467228417,70.41264618444606,0.15059508920433107,79.70227980613708
-4.643977416131807,-1.1981992899949456,1.5824608195136198,-4.41229823068091,-4.787289953485913,-1.0876755916591863,13.08023133092393,-14.802617104730313,47.61807557402207,10.70383501043821,-44.71349670242801,67.37436926708715,-3.30670000725228,70.46721648608873,0.1287344740476808,79.74175953865051
-4.63883057350314,-1.2021183755088523,1.5747191866478683,-4.407151388052243,-4.79120903899982,-1.0954172245249376,13.198644597947368,-15.241222803085563,47.84975033057019,10.124304546712635,-44.94747242464148,67.37949280894527,-3.120930862174623,70.52875197860328,0.1450256790653004,79.78364396095276
-4.637272828370525,-1.2030757923327746,1.5722947266658238,-4.405593642919628,-4.792166455823742,-1.0978416845069823,13.432202002494483,-15.408813429274401,47.82148607191119,10.315277333171643,-45.01525703972224,67.38328220547481,-3.061339894953906,70.54607688789864,0.12358551313578037,79.79622983932495
-4.629635993865082,-1.2085232384352027,1.5603364314630346,-4.397956808414186,-4.79761390192617,-1.1097999797097713,13.4073496023627,-14.968990053234673,47.79317613500605,10.740914456145312,-45.36603690636495,67.39635301632967,-2.769363358347629,70.63511558419818,0.20426465142182781,79.85817980766296
-4.626242705401391,-1.2108792381311206,1.555073595547213,-4.394563519950495,-4.799969901622088,-1.1150628156255928,13.375738315612695,-14.90287681910864,47.58456136931652,11.038267491830071,-45.520031880623975,67.40204773972197,-2.6398314851755345,70.67411578556515,0.15717962626299453,79.88434743881226
-4.624995159628737,-1.211692868347265,1.5523137297704679,-4.39331597417784,-4.800783531838232,-1.1178226814023382,13.32642917348463,-14.858376280748086,47.60878476933965,10.982986060660217,-45.592843295491214,67.41052270633732,-2.57057075091944,70.688664674736,0.17328752301258454,79.89667868614197
-4.621599888380663,-1.2139241617286305,1.5474027852959837,-4.389920702929767,-4.803014825219598,-1.1227336258768223,12.907888661736566,-14.728381357348407,47.23034339495698,11.056640351427077,-45.737360002295006,67.4143932005027,-2.448843216334345,70.72659058970427,0.15881831498755794,79.9216582775116
-4.618650117751736,-1.2159013839969595,1.542229958314083,-4.386970932300839,-4.804992047487927,-1.127906452858723,13.099330404238364,-14.562786476447553,47.19065327552717,11.521058544467593,-45.88300568574612,67.42395062187784,-2.31944573596555,70.76025194664895,0.317833692135995,79.94659519195557
-4.617348051117708,-1.2168887313345886,1.5395662058041215,-4.385668865666812,-4.805979394825556,-1.1305702053686846,13.168702589702642,-14.859149277980375,47.326403838668966,11.142582239810924,-45.95781811282025,67.43002234235416,-2.2528671055098735,70.77596931646572,0.3199197480978553,79.95933318138123
-4.614251668031878,-1.218570748571779,1.5343968045850884,-4.382572482580981,-4.807661412062746,-1.1357396065877177,13.171990282545583,-14.769235459400852,47.21728509629012,11.378991208662546,-46.097506611433175,67.44098505262576,-2.121334067660981,70.80873298318495,0.3568436073175283,79.98389530181885
-4.612865825960009,-1.2194594342687077,1.5315723275887851,-4.381186640509113,-4.808550097759675,-1.1385640835840207,13.137052536908373,-14.603435363893205,47.38840419035928,11.268867653957654,-46.17380462276857,67.44851903339818,-2.0496832166758474,70.82444149550706,0.19476909056190728,79.99652576446533
-4.609671222367267,-1.2213782156066477,1.5265453796327462,-4.377992036916371,-4.810468879097615,-1.1435910315400597,12.906791335096951,-14.251560516251478,46.9398726867354,11.901089670031036,-46.31580858804108,67.45603823318991,-1.9221040443151047,70.85897717466078,0.19892438023166914,80.02130270004272
-4.6070190429812135,-1.2229661848173734,1.5216526609760894,-4.375339857530317,-4.812056848308341,-1.1484837501967164,12.969246846552158,-14.431684159504366,47.17610584641461,11.4954216485745,-46.44918209753337,67.46742776800514,-1.7971000785636486,70.88793796236813,0.32470245539045806,80.04579305648804
-4.605472440621483,-1.2236589059274992,1.5190237997639549,-4.373793255170586,-4.812749569418466,-1.151112611408851,12.867040073006343,-14.294550544684618,47.069818563104995,11.6371592058422,-46.51744407006651,67.47420854642476,-1.7288344084613005,70.90332593594852,0.3266940970668788,80.05807209014893
-4.602558130475309,-1.2252534450880221,1.5137610544338385,-4.370878945024412,-4.8143441085789895,-1.1563753567389674,12.840742442549372,-14.462733467386286,47.117892283649745,11.374544961636959,-46.65898716819366,67.48690997650783,-1.5931395693139048,70.93407498664767,0.3213521227348526,80.08408284187317
-4.601334385186528,-1.2256183195412496,1.5110905815733053,-4.3696551997356305,-4.814708983032217,-1.1590458295995008,13.07814413248242,-14.776953101228498,47.463023443804374,10.927232223087172,-46.72209020629663,67.49788971419245,-1.5226404554439257,70.94543196088996,0.17767771290562706,80.09671235084534
-4.598151122488094,-1.2275710376131856,1.506533226267567,-4.366471937037197,-4.816661701104153,-1.1636031849052388,13.37917605795992,-14.539921146528497,47.407578913886155,11.628930351965693,-46.85602780976775,67.50139923311441,-1.4058459466212443,70.97949452207476,0.3223798108137377,80.12149047851562
-4.594056480695696,-1.2293937212848822,1.4992564939897441,-4.3623772952448,-4.81848438477585,-1.1708799171830617,13.27495876199191,-14.427969364450695,47.60119360531238,11.350404834323014,-47.04501900806029,67.52128105410445,-1.2148756387559687,71.01987507409125,0.1729764449694393,80.15845227241516
-4.5895380752874075,-1.2314816043461971,1.4917791833907459,-4.3578588898365105,-4.820572267837164,-1.17835722778206,13.20811250146829,-14.342224808619457,47.64621206677673,11.289287150800478,-47.243966465436706,67.53846245191684,-1.0180821223808176,71.06441615593214,0.14120450468957557,80.1977698802948
-4.58483441356534,-1.2335738628448523,1.4842622767384408,-4.353155228114443,-4.82266452633582,-1.1858741344343653,13.102085909726547,-14.075113988559806,47.60966308066051,11.462961676956382,-47.444347824664455,67.55486664612663,-0.8189385193376365,71.10999185152642,0.006286409176100349,80.23816204071045
-4.58138457707385,-1.2348983135065865,1.4786709041764339,-4.349705391622953,-4.823988976997554,-1.191465506996372,13.039581074200788,-13.878918255906854,47.62691439756867,11.553073432712951,-47.58918079528888,67.56898408169833,-0.6693007573235478,71.14210545178418,0.0949558535827304,80.26682162284851
-4.579855660598087,-1.2355097232173216,1.4764712547186574,-4.34817647514719,-4.824600386708289,-1.1936651564541487,12.948971535599666,-13.930194837319188,47.56342407292893,11.468766122893959,-47.647881171323434,67.57303283488007,-0.6102767980100909,71.15634050040049,0.15769733350872528,80.2789237499237
-4.577201728467483,-1.2362889461041189,1.4715892522484713,-4.345522543016586,-4.825379609595086,-1.1985471589243348,13.48285713259612,-14.52801199932673,48.12419827157487,10.854205670468948,-47.76760995025556,67.58981893643406,-0.47826820411465487,71.17975040302161,0.10011291336276695,80.30329132080078
-4.572903394188902,-1.2382812663281293,1.4642464011881704,-4.341224208738006,-4.827371929819097,-1.2058900099846357,13.422707808518133,-14.132737012212413,48.041970522278866,11.272688393347314,-47.964777002633085,67.60704625042062,-0.2818608628824715,71.22149899908959,-0.03034334801598426,80.34015536308289
-4.569855520794826,-1.2395727345299,1.4592025141982896,-4.338176335343929,-4.8286633980208675,-1.2109338969745163,13.243010386907022,-14.243460458125874,48.07796193571138,10.871283945324832,-48.09890735469583,67.61895805576395,-0.1458771818784771,71.25023215734657,0.08609878941921334,80.36489629745483
-4.5681807653803945,-1.2401717352024462,1.4562434321559277,-4.3365015799294975,-4.829262398693413,-1.2138929790168784,13.429185205542652,-14.38916566675805,48.13603550503465,10.908899698108634,-48.174673019391506,67.62767720062408,-0.06553068842065463,71.26539530799732,0.10701279582731171,80.37916350364685
-4.565080753359535,-1.2414729452480984,1.4510670999231001,-4.333401567908638,-4.830563608739066,-1.219069311249706,13.13706355070339,-14.318263847516514,47.962821616657585,10.817380960718078,-48.31245210065159,67.64007246239935,0.07470943983307377,71.29440258812919,-0.41454109975055076,80.40381360054016
-4.5632049952439235,-1.2425393958173894,1.4478857953086468,-4.3315258097930265,-4.831630059308357,-1.222250615864159,13.09033734213447,-13.95928803977645,47.773502665624974,11.363721056767922,-48.40283044472697,67.64562483203134,0.1598926969516688,71.31352268286686,-0.12111922433088029,80.4195728302002
-4.560388029185435,-1.243701293484332,1.4426106448817393,-4.328708843734539,-4.832791956975299,-1.2275257662910668,13.160001016012343,-14.207541064349654,47.82775586185599,11.143953456442878,-48.54101149348034,67.66093175773771,0.3032457020656701,71.33974636108987,0.13137490109311134,80.44411087036133
-4.558904751325224,-1.2442640773677507,1.4399865614772662,-4.327225565874327,-4.833354740858718,-1.2301498496955399,13.325269588036228,-14.424638268752147,47.89458079597395,11.068222092148972,-48.60945773492595,67.6682709749117,0.3749988477545346,71.3531953757199,0.12860360565286477,80.45649886131287
-4.555901433766948,-1.2457796883999053,1.4345116779306224,-4.324222248316051,-4.834870351890872,-1.2356247332421835,13.719244232670851,-14.345358494120424,48.029575350025986,11.492882830334722,-48.7597010187222,67.68114337487934,0.5233277913395025,71.38254028762559,0.1515181126305043,80.48267912864685
-4.551133647898498,-1.2480551204417574,1.426063190811102,-4.319454462447601,-4.8371457839327245,-1.244073220361704,13.434337592358352,-13.858277166594469,47.93600352038998,11.714140963919416,-48.99084550379575,67.70070186611068,0.7537575596091239,71.42809208147035,0.031248081277968076,80.52204966545105
-4.547216853221126,-1.250303465098548,1.4185279902329015,-4.315537667770229,-4.8393941285895155,-1.2516084209399043,13.469363967480069,-14.0244134597343,48.057999458744234,11.427748549853064,-49.20279876907522,67.71760322362005,0.9582323335083023,71.46756207215066,0.11204794533762019,80.55846428871155
-4.5443146871816,-1.2518652253297737,1.4135764878315253,-4.3126355017307025,-4.840955888820741,-1.2565599233412807,13.217784985578891,-14.243967302200614,47.96712938684884,10.991465540757746,-49.343688785153816,67.72643150632689,1.0937362176186718,71.49599206124944,0.13001955283331412,80.58268618583679
-4.54140399220818,-1.2536347888053203,1.4083931493063009,-4.309724806757284,-4.842725452296287,-1.2617432618665052,13.390899343516477,-13.920663728643412,47.81153029019653,11.751959239133987,-49.49444514381734,67.73501075698657,1.2350390692572417,71.52559590051649,0.04967744391055806,80.6090714931488
-4.540078554017834,-1.254353905971197,1.405773456794274,-4.3083993685669375,-4.843444569462164,-1.264362954378532,13.276054810261485,-13.82381452059606,47.82945545199085,11.66558515137655,-49.567444672679876,67.74139025166055,1.306851561358985,71.53856284692809,-0.009361448878832057,80.62177062034607
-4.535748421615244,-1.2568784565291335,1.3979054826487154,-4.304069236164347,-4.845969120020101,-1.2722309285240905,13.374574268818616,-13.599761257056619,47.97928324789162,11.810269171428542,-49.794072853508965,67.75581002273546,1.5228018980174205,71.58170714890052,-0.12051635204872113,80.66101956367493
-4.534050366651534,-1.2577641946713087,1.3949554544203662,-4.302371181200637,-4.846854858162276,-1.2751809567524397,12.952034629501526,-13.447685822242004,47.74697384085408,11.696096445343372,-49.87790616457758,67.76131913631222,1.6045147692505297,71.59795261296809,-0.038462726404786096,80.67576503753662
-4.531520019258632,-1.2592623333679167,1.390158058653392,-4.299840833807735,-4.848352996858884,-1.2799783525194142,13.586969021212305,-13.934245933301064,48.00276758171774,11.732438514367947,-50.01600543170549,67.77073905606566,1.736649049658302,71.62312753555062,0.05906746992155831,80.70069718360901
-4.528777524722247,-1.2610289554216285,1.3847250630395918,-4.297098339271351,-4.850119618912596,-1.2854113481332141,13.546877966720281,-13.74707943455255,47.88070213897737,12.02025549686987,-50.17436052266101,67.78124135825907,1.8859737533561705,71.65112757282698,0.06325233726361823,80.72868537902832
-4.527213215169212,-1.2620793341285077,1.3819144817599356,-4.295534029718315,-4.8511699976194755,-1.2882219294128705,13.323777229211863,-13.68001984820601,47.78231756882072,11.914596520164489,-50.25894014005807,67.78483319885844,1.9633641958292587,71.66729471828344,0.06552237122094073,80.74373269081116
-4.52574572628311,-1.2631231624251325,1.3791088887336405,-4.294066540832213,-4.8522138259161,-1.2910275224391656,13.311291082397055,-13.395002339148888,47.961635733945,11.929164989337565,-50.34351682761978,67.78883368557725,2.04041801583963,71.6827631370368,0.1756710368842933,80.75856852531433
-4.523200840653816,-1.2644435259374893,1.3744838404855098,-4.291521655202919,-4.853534189428457,-1.2956525706872961,13.143723925658467,-12.988722277932462,47.88115642949831,12.208515022302556,-50.47493244690151,67.79814897040579,2.1697485679822877,71.70670495142355,0.12290365723854269,80.78249883651733
-4.522005728843539,-1.2653681896080642,1.3722182182408638,-4.290326543392642,-4.854458853099032,-1.297918192931942,13.241162968613526,-13.120545259572731,47.920229221767805,12.154281129352059,-50.545051024863405,67.80056732455867,2.231928585772149,71.71966427065546,0.06845193123865201,80.79488372802734
-4.519543709317343,-1.2668286204363413,1.3675263129338298,-4.287864523866447,-4.855919283927308,-1.3026100982389763,13.26246109473385,-12.987481502502208,47.75455971331028,12.53920969302197,-50.68138973418231,67.80937815191088,2.3626845957795104,71.74373630345146,-0.007697835543683418,80.82004976272583
-4.517205745407075,-1.268337098649833,1.363000932965524,-4.285526559956178,-4.857427762140801,-1.307135478207282,13.61676871559787,-13.115673603681726,47.96919839092166,12.59522698298204,-50.81520513682269,67.81709660690585,2.4885683848981315,71.76720319779685,0.13188334481706665,80.84438490867615
-4.50926165024567,-1.2731420214082887,1.346751276373479,-4.277582464794773,-4.862232684899256,-1.3233851347993268,13.567528569376076,-12.660934938122187,48.182382758947796,12.668716457733032,-51.286395782194205,67.85120600122904,2.9435244652371386,71.84431651866524,0.13941839092105646,80.92951107025146
-4.508076835406415,-1.273864501427257,1.3443515831525703,-4.276397649955518,-4.862955164918224,-1.3257848280202358,13.481836224534486,-12.645142530504067,48.21052785437954,12.522576484983922,-51.356506356731565,67.85597855916947,3.011005836490905,71.85575986970154,-0.1402722596366175,80.94204473495483
-4.503185174150548,-1.2767683272742376,1.3348967148199593,-4.271505988699652,-4.865858990765205,-1.3352396963528466,13.635784786371568,-12.437558529803454,48.455879568400505,12.589610566985247,-51.63423549014688,67.87303870047289,3.27836375198924,71.90238681687394,0.021798610741859292,80.99209117889404
-4.501947754000064,-1.2774063486644425,1.3324541873680786,-4.270268568549167,-4.86649701215541,-1.3376822238047275,13.551127495924085,-12.3094073351627,48.29090076753056,12.82909418970155,-51.70399989180917,67.87845826737227,3.3479471860617607,71.91355526521161,0.21127990769962768,81.00455737113953
-4.50083055699463,-1.2779989818590587,1.3300705223038634,-4.269151371543733,-4.867089645350026,-1.3400658888689427,13.860973483283455,-12.140657747638407,48.441593747084,13.218604336676666,-51.771712692925036,67.88438106664559,3.415654800927807,71.92367149700321,-0.012196854874427565,81.01662349700928
-4.498205242239761,-1.2792433345371947,1.3246567548682808,-4.266526056788864,-4.868333998028162,-1.3454796563045253,13.735312993063417,-12.01132658306353,48.473666551329245,13.123861000340312,-51.923652264945076,67.89823216272526,3.5704524376306894,71.94654300643757,0.10430656960869111,81.04352593421936
-4.496976855182412,-1.2800738775006237,1.3225072822778907,-4.265297669731516,-4.869164540991591,-1.3476291288949154,14.074994221456686,-12.040491967868256,48.705686232849914,13.241839237474508,-51.99039638658191,67.89996243115667,3.6315794323934947,71.95872862418446,-0.02999427169829083,81.05557012557983
-4.494324238042999,-1.2813664226550823,1.3171294613051194,-4.262645052592102,-4.870457086146049,-1.3530069498676864,14.094601437702153,-12.048676084607182,48.69640410655079,13.26901210040152,-52.14290729070363,67.91285810634386,3.7858659169515096,71.98188808264128,0.058372604112913784,81.08207511901855
-4.490021542891711,-1.2832161818322505,1.3094833312389706,-4.258342357440815,-4.872306845323218,-1.3606530799338354,13.948272279496143,-11.754928924141726,48.76306349794534,13.263697635107157,-52.359810862880956,67.92852553393051,4.008249516056879,72.01811019346773,0.08755435873356365,81.11987352371216
-4.487378430427933,-1.2842434318424591,1.3042025991006145,-4.255699244977036,-4.873334095333426,-1.3659338120721913,13.849391878720322,-11.350696193200186,48.68612910290542,13.640633125768836,-52.505722558129456,67.94284120310775,4.16171559651588,72.03941164411485,0.04437954020374324,81.14461183547974
-4.485689626215904,-1.2847871754579525,1.3014054311659033,-4.254010440765008,-4.8738778389489195,-1.3687309800069027,13.818820735251697,-11.396395391056723,48.77387718390314,13.425628387987492,-52.58270290283811,67.94910593372151,4.244502189968372,72.05251276904676,0.14966255781073112,81.15781044960022
-4.483082141023303,-1.2858943587602707,1.2965090695772945,-4.251402955572407,-4.874985022251238,-1.3736273415955116,13.930349112525764,-11.515591915463572,48.800960793589276,13.423239960452872,-52.721297421764156,67.96017768951702,4.387485002642854,72.07399836356505,0.0781830809581221,81.18183469772339
-4.478594743079852,-1.2873796895585614,1.2880527579347771,-4.246915557628955,-4.876470353049529,-1.3820836532380287,14.514890455758135,-11.761693839448501,49.23797921045664,13.382819527570538,-52.953191074596845,67.98289484609403,4.636627308892395,72.10829938494653,0.17801224509980784,81.22212767601013
-4.475433274255395,-1.288630062451495,1.2827440128154346,-4.243754088804498,-4.877720725942463,-1.3873923983573713,14.638730098977195,-12.030969900493867,49.45455340631285,12.978863492399206,-53.104890083768886,67.99268336872588,4.794094213253565,72.13372588782173,0.09757235585282231,81.24792242050171
-4.473870352952369,-1.2890079861761448,1.2799374739745484,-4.242191167501473,-4.878098649667113,-1.3901989371982577,14.63889204701241,-12.084525251858526,49.57521096192471,12.754725798128218,-53.1799492163727,68.00079539723724,4.877968072935165,72.14478779184697,0.24497414703438558,81.26054811477661
-4.468600379171246,-1.290697106077414,1.2721772495669224,-4.236921193720349,-4.879787769568381,-1.3979591616058837,14.436431494251952,-11.568483493101681,49.15231507115516,13.595912427625837,-53.39898141376132,68.01315922320731,5.11304021765782,72.18502541636869,0.08205808906729128,81.30081391334534
-4.464405182938096,-1.2918463930101427,1.2652533231044405,-4.232725997487199,-4.88093705650111,-1.4048830880683656,14.778398991879474,-12.134151904396063,49.746176819586786,12.669974240614197,-53.58904992897345,68.02940988064998,5.32225762609786,72.21536016975989,0.11993206946389279,81.33662414550781
-4.461305081912212,-1.2927584946125728,1.2611673954278912,-4.229625896461315,-4.88184915810354,-1.4089690157449148,14.837534671491296,-12.217594272597195,49.705741015567305,12.733998635091824,-53.70501455494051,68.03405750066476,5.448555466509234,72.23853864929153,0.15134229287481915,81.36011672019958
-4.457795969636902,-1.2936466642230666,1.2567234901642697,-4.226116784186005,-4.882737327714034,-1.4134129210085364,14.964843380450178,-11.602792304551787,49.58683823491691,13.710847007976676,-53.82918554140023,68.03935092506616,5.587387982473362,72.26395000071336,0.0891948381462706,81.38585352897644
-4.456221999215673,-1.2939657909573647,1.2546119907100959,-4.224542813764777,-4.883056454448332,-1.4155244204627102,14.979038886425506,-11.523271326303712,49.50408438477411,13.930990828015762,-53.88646405363971,68.04317404816932,5.653342610777915,72.2747965552019,0.21747862614686042,81.39769005775452
-4.4517999083185575,-1.295153495326925,1.2484985255382375,-4.2201207228676605,-4.884244158817893,-1.4216378856345686,15.006274343797315,-11.634908179129507,49.944850122281885,13.241399374205509,-54.05791804478702,68.05236963160911,5.843154434251467,72.3067264782052,0.10961337682663874,81.43427348136902
-4.448369338524643,-1.2958088085232875,1.2443355379626864,-4.2166901530737455,-4.884899472014255,-1.4258008732101195,15.060675468210173,-11.538513801306587,49.865195560511225,13.541284589163034,-54.17136679759514,68.0580691888154,5.975645702603675,72.3301942209838,0.11288991028022188,81.45916938781738
-4.445139064450046,-1.2966025074867358,1.240343539566167,-4.213459878999149,-4.885693170977703,-1.429792871606639,15.153051996868944,-11.949510471012536,50.12344768610088,12.896219417834631,-54.283628781086065,68.06223714304005,6.1021651873839415,72.35318712519474,0.07855975507643542,81.4838719367981
-4.441418779956149,-1.2975664468279806,1.235405057552407,-4.209739594505253,-4.886657110318948,-1.434731353620399,15.196211235790361,-12.160123801032814,50.344895142146854,12.434139385680492,-54.42291785369566,68.06868294738815,6.257643374474466,72.37964070650338,0.22788133566081026,81.512610912323
-4.4380724629485755,-1.298360409615433,1.2312278777771066,-4.206393277497679,-4.8874510731064005,-1.4389085333956992,15.10514234188426,-11.757721300326807,49.99931568055679,13.214224747618522,-54.540268926537095,68.07336199538908,6.390747170214222,72.40308997404907,0.029464217520286162,81.53663063049316
-4.4346675547743395,-1.2991775615390229,1.2268596778898968,-4.202988369323443,-4.88826822502999,-1.443276733282909,15.15735600187143,-12.081960242113425,50.07700875309234,12.858169091867918,-54.66315051800998,68.07871272610105,6.529823734096313,72.42683574909476,0.3003437204734123,81.56272292137146
-4.4328697766648615,-1.2998807903270164,1.2248942913290866,-4.201190591213964,-4.888971453817984,-1.4452421198437193,15.277292980811794,-12.043557632491943,50.04726304078236,13.111221563770364,-54.72443008629024,68.07684913614324,6.5930035441175585,72.44113514391522,0.18483653408936362,81.57523345947266
-4.42908415524624,-1.300774735349102,1.2201972533700163,-4.197404969795344,-4.889865398840069,-1.4499391578027896,15.064261045632204,-11.84542047942589,49.7511291758388,13.437005432708375,-54.857058862024765,68.08176983874708,6.743892439612327,72.4674097343605,0.18859121478226282,81.6022641658783
-4.4268737736042025,-1.301402385289858,1.2175217300325287,-4.195194588153306,-4.890493048780826,-1.4526146811402774,15.016256701390027,-11.318571188241869,49.61003256328326,14.10734807942545,-54.934884040445546,68.08320318342979,6.829998564106635,72.48335743718893,0.19080202115551792,81.61732935905457
-4.423539050210864,-1.3024646548637562,1.2129269320962193,-4.191859864759967,-4.891555318354723,-1.4572094790765868,14.880111258725632,-11.251341853697749,49.623152789308335,13.969601178341136,-55.06921258475939,68.08777628010948,6.975500046200336,72.50759645821063,0.19445773336241867,81.64307165145874
-4.421665899456439,-1.302934042817278,1.2102953853227234,-4.189986714005543,-4.892024706308245,-1.4598410258500825,14.594315449104757,-11.333023710020862,49.664314228035025,13.420910322644001,-55.14372337034717,68.09179250537169,7.059226645752042,72.52039567081181,0.008805734277313348,81.65757155418396
-4.417956838828304,-1.30394499287959,1.2050076063918604,-4.186277653377408,-4.893035656370557,-1.4651288047809454,14.342058219798783,-11.669871901304868,49.527941521591714,12.914958159349297,-55.29509525742934,68.0993905345369,7.227293683885327,72.54604729360659,0.12078939908094632,81.68436312675476
-4.416375875300396,-1.3045308550598935,1.202805308206305,-4.184696689849499,-4.8936215185508605,-1.4673311029665008,14.428175924942327,-11.919913842544224,49.47429985441981,12.865963015574856,-55.361274825452746,68.10083401199881,7.297153575143205,72.55787139652533,0.371237307880639,81.69673156738281
-4.413397637600569,-1.3052761006925047,1.1980540053989195,-4.1817184521496715,-4.894366764183472,-1.4720824057738866,14.854651558451934,-12.02969835197563,49.72444195027323,13.010050065165776,-55.49529302767299,68.11059264686652,7.44705621704046,72.5775277058311,0.08852101850320526,81.72033095359802
-4.4064895177883905,-1.3076720744169066,1.188509508440096,-4.174810332337493,-4.896762737907874,-1.4816269027327098,14.539634945984082,-11.10959421762533,49.4826331033854,13.842505151518424,-55.78066347506043,68.11742380447183,7.752472892248342,72.6278081318719,0.13843614611801147,81.7699327468872
-4.405260608169029,-1.3078077577503389,1.1857675637648848,-4.173581422718133,-4.896898421241306,-1.484368847407921,14.592552661954434,-11.485659808600252,49.73664615217855,13.168212704539595,-55.85385341597805,68.12781734750462,7.83728113013254,72.6341244262644,0.06509652750041184,81.78203845024109
-4.403316690558492,-1.3084940234983842,1.183320476659016,-4.171637505107596,-4.897584686989352,-1.48681593451379,14.474917854802102,-11.467402097633517,49.53125797699794,13.315696781473982,-55.928350559657794,68.12802486203411,7.916874116098245,72.64843487072609,0.05307855626298874,81.7945818901062
-4.400460334876353,-1.3093482065821131,1.1780561031908126,-4.168781149425457,-4.898438870073081,-1.4920803079819935,14.980413565083962,-11.65597751205373,49.90406722731095,13.313078642988039,-56.079546293848864,68.14008653297591,8.081598355863205,72.66700929375715,0.1506576169311593,81.8190689086914
-4.397166904205625,-1.310857848436558,1.1731919970197673,-4.165487718754728,-4.8999485119275255,-1.4969444141530386,15.040879182394217,-11.530075229539051,49.86505085886646,13.57838633823002,-56.2317901586874,68.14144923886691,8.2363776707266,72.69240175101038,0.11711325317797172,81.8435971736908
-4.395372694946251,-1.3115058740631096,1.1701068108178099,-4.163693509495355,-4.900596537554077,-1.500029600354996,14.88794998171798,-11.50436927121841,49.767336169877716,13.523930287507824,-56.32328834991545,68.14646535943555,8.333684288090144,72.70477075918541,0.0865702910117303,81.85876870155334
-4.391984178869455,-1.3124993406522385,1.1643926067944546,-4.160304993418558,-4.9015900041432054,-1.5057438043783515,14.825065455011616,-11.189416894530394,49.705037989826224,13.843086937695292,-56.48919419610572,68.15729396800224,8.515303399974,72.7267862095123,0.09075311239536177,81.88380312919617
-4.3903650627478354,-1.3130608712997156,1.1616495708017913,-4.158685877296939,-4.902151534790683,-1.5084868403710148,14.790594481552498,-11.285681348923065,49.65072680028261,13.77155056792026,-56.57055867190652,68.16167398997493,8.60235535389506,72.73773508495233,0.09279852059267846,81.89662909507751
-4.386878682575543,-1.3143918479725578,1.1561494581746299,-4.155199497124647,-4.903482511463525,-1.5139869529981762,14.550563943512795,-10.916823206101927,49.44043511766326,14.103101319692627,-56.73735251570414,68.16733689719939,8.77831915866652,72.76229434785473,0.21436163340526804,81.92264008522034
-4.3854905646317714,-1.3148849371103037,1.153355774801327,-4.153811379180875,-4.903975600601271,-1.5167806363714789,14.775410724182716,-11.062699479814965,49.68909826182238,13.916227883642858,-56.81951613542185,68.17359296717005,8.865707491903292,72.77120195055888,0.06619429839118762,81.93515133857727
-4.382147563257026,-1.3160390118454321,1.1477664465419526,-4.1504683778061295,-4.9051296753364,-1.5223699646308533,15.045158806182616,-11.075875619557374,49.85264785565955,14.051187927742811,-56.986336178637565,68.18188819202345,9.04435508483866,72.79350047473206,-0.2768086614584817,81.96074104309082
-4.377100014452946,-1.3179476344889016,1.1391500967873442,-4.145420829002049,-4.907038297979869,-1.5309863143854616,14.661413909549212,-10.726836311106961,49.65500165898437,14.134360126833919,-57.24682548486068,68.1936090304106,9.319504985474005,72.82763174948907,0.18008635568128373,82.00035738945007
-4.373690094890579,-1.319305651226932,1.1329730700248022,-4.142010909439682,-4.9083963147178995,-1.5371633411480037,14.803831731675782,-10.87358436400226,49.73159317930379,14.07095438386408,-57.43431702710204,68.20280632860826,9.515891196438313,72.85047401614567,0.04391638804603826,82.02841114997864
-4.372071396847544,-1.3200211010105274,1.1304352987181474,-4.140392211396648,-4.909111764501494,-1.5397011124546585,14.589987535997311,-10.699402163210706,49.50030954539174,14.27209808571734,-57.513959322294774,68.20404636538721,9.597905751197137,72.8621019941645,0.04124646898852724,82.04061007499695
-4.3626118943522965,-1.323525220005364,1.11441944272077,-4.130932708901399,-4.912615883496331,-1.555716968452036,15.434503112267668,-10.948074098867966,50.180506771066604,14.235709695333323,-58.00152961325761,68.22416424701541,10.114722266808794,72.92407090243387,0.03454644479129687,82.11806869506836
-4.35938537648948,-1.3247024822598863,1.1092742958111983,-4.127706191038584,-4.913793145750853,-1.5608621153616078,15.507869938986943,-10.88964016403046,50.22977253137135,14.325704884821345,-58.159458291527066,68.22900681084973,10.282826301070353,72.94519140982553,0.13234076019969976,82.14495873451233
-4.357291802698354,-1.325526778475933,1.1064064777379476,-4.125612617247458,-4.9146174419669,-1.5637299334348584,15.318234298118616,-10.830410313303501,50.15743195356649,14.217931846464541,-58.250114393351055,68.22869441915498,10.37857545051366,72.95975212168767,-0.07172222165410513,82.15939831733704
-4.353049271255393,-1.32707551697857,1.09973198537635,-4.121370085804497,-4.916166180469538,-1.570404425796456,15.354219640197625,-10.621565452616384,50.432493656073774,14.081195020307696,-58.455982226074056,68.2341903609134,10.59796707362751,72.98732709899038,0.046045106541069636,82.19583463668823
-4.350063593012946,-1.3281825297209826,1.0951812808916839,-4.11838440756205,-4.91727319321195,-1.5749551302811222,15.360873821778416,-10.355680880218328,50.35163459237124,14.479437992581909,-58.597398814664444,68.23688332146806,10.748559158070831,73.00687873891887,0.1199960876571442,82.21974086761475
-4.348161426099374,-1.3289895111484944,1.0927090386737168,-4.116482240648478,-4.918080174639462,-1.577427372499089,15.559064465583944,-10.134421831946046,50.28886163430737,15.082569720624793,-58.67746995586254,68.23503566173038,10.832260483056293,73.02041884108033,0.2065706204955129,82.23437118530273
-4.344393113835607,-1.3302410488923815,1.087031012960574,-4.112713928384711,-4.919331712383348,-1.583105398212232,15.711520383553559,-10.473428483171556,50.580102460501834,14.529281147930329,-58.85207712942068,68.2392271711112,11.021544808294637,73.04410905390743,0.09838338339915254,82.26466655731201
-4.342777236431976,-1.3308549476202773,1.084903298548241,-4.11109805098108,-4.9199456111112445,-1.585233112624565,15.608765163416507,-10.327610131765798,50.47214731542854,14.686610385003185,-58.9197995098875,68.2384189387721,11.093927065076484,73.0550701828144,0.07670865260417159,82.27663803100586
-4.339557219353196,-1.3318535852973863,1.080134374556414,-4.1078780339023,-4.920944248788354,-1.590002036616392,15.74131032532594,-10.222340202238607,50.633886405091346,14.751900901951526,-59.06586881373516,68.24201522086827,11.25406351870625,73.07482449091107,0.03818529178994634,82.30311012268066
-4.337482171057864,-1.3328136168813258,1.0776324641708661,-4.105802985606968,-4.921904280372293,-1.59250394700194,15.56548118330925,-9.85636676683708,50.670214105616786,14.820533468062935,-59.14954449883638,68.2378292376122,11.3404070974352,73.09009470142587,0.08736498933920789,82.31772708892822
-4.334497145050288,-1.3335947152915553,1.072988914501403,-4.102817959599392,-4.922685378782523,-1.5971474966714028,15.809636764574737,-9.824894191721206,50.91842763080014,14.846202380096079,-59.28910737269489,68.24370211510497,11.49609868358699,73.10709144508145,-0.01238143118716728,82.34216356277466
-4.332661287949461,-1.3342306843515332,1.0702665908045126,-4.100982102498564,-4.923321347842501,-1.5998698203682935,15.944650726425476,-9.69866848157838,50.852188787106485,15.270301630477036,-59.3739944411904,68.24494930790635,11.587836772744028,73.11856921473503,-0.010237049221943018,82.35670208930969
-4.329312217575792,-1.3352010663138887,1.0655961463028438,-4.097633032124895,-4.924291729804856,-1.604540264869962,15.940626004279757,-9.682901946623218,50.90481631665543,15.204082991531216,-59.51742038796925,68.24729465500633,11.74747198552101,73.13873677116123,0.06851718142704577,82.38133382797241
-4.327688040198934,-1.3353755859768446,1.0631310103053666,-4.096008854748038,-4.924466249467812,-1.6070054008674393,16.17655009646181,-9.96048136787165,51.07184888255292,15.016543385734476,-59.587664891775006,68.25247944996798,11.831407705197066,73.14648285982409,0.023346126330115347,82.39368438720703
-4.322411088684678,-1.337053319637062,1.0553018308068922,-4.090731903233782,-4.926143983128029,-1.6148345803659139,16.437566894311985,-10.341599825591691,51.487696231348814,14.39101360431616,-59.830403203963556,68.25704986783516,12.097119617205673,73.1780667004877,0.08105651082796683,82.43528866767883
-4.318426714060713,-1.3382187579977822,1.0502292192983078,-4.086747528609816,-4.92730942148875,-1.619907191874498,16.275223358358403,-9.829053930982504,51.307169805735796,14.950901131421608,-59.98846454802014,68.25651079653312,12.274591425546369,73.20237464135664,0.08053100322632023,82.46226000785828
-4.317106118658384,-1.3385085167432242,1.0479853185390877,-4.085426933207487,-4.927599180234192,-1.6221510926337182,16.524326292850642,-9.999676651915525,51.64132139274584,14.647220592562581,-60.055376914449695,68.26046373209624,12.349843873841309,73.20898842073927,0.16189330065616403,82.4744656085968
-4.312918741733742,-1.3396374277117722,1.0424483716418016,-4.081239556282846,-4.928728091202739,-1.6276880395310045,16.633201427939934,-9.854364907641521,51.754547193294634,14.792915092629686,-60.22625196531277,68.2617986547712,12.543201156805816,73.23343610433456,0.13348499234028122,82.50460243225098
-4.310683508497471,-1.3403966320229697,1.0398385539231154,-4.079004323046574,-4.929487295513937,-1.6302978572496905,16.533195361980173,-9.639936579689632,51.596919112853065,15.101766202647326,-60.31032698728833,68.258913390851,12.636413639964468,73.24785353054621,0.21552113992005495,82.51967525482178
-4.30525808579319,-1.3418340985408368,1.033175518923954,-4.0735789003422935,-4.930924762031804,-1.6369608922488519,16.52143971450147,-9.624559523119082,51.574132136285286,15.137182044354406,-60.51732452376769,68.25765185322047,12.873568936362938,73.2798250229871,0.00519649067164174,82.55852890014648
-4.303197368595032,-1.342287605447526,1.030394403693745,-4.071518183144136,-4.931378268938493,-1.639742007479061,16.56294931080014,-9.503155725240438,51.6982104078655,15.143737750293974,-60.60175992994047,68.25944219629574,12.97125729611777,73.2909650212412,0.13873009993993168,82.57366394996643
-4.299643539870979,-1.343164602429052,1.0259265526347803,-4.067964354420082,-4.93225526592002,-1.6442098585380258,16.72046699783906,-9.448829488941698,51.916585631437236,15.11246235450704,-60.73969439110665,68.25963748730592,13.130426962744414,73.3111520955291,3.0184035986278746,82.59863901138306
-4.296296344706556,-1.3441666211250876,1.0218641337056251,-4.064617159255659,-4.9332572846160545,-1.6482722774671807,16.793214625724048,-9.289462408667232,51.8667032629086,15.461976163600063,-60.868544489753766,68.25712079394025,13.27617855444491,73.33130773905245,0.0050236423056766455,82.62300491333008
-4.294491763916966,-1.3445265127744948,1.01981117961201,-4.062812578466069,-4.933617176265463,-1.650325231560796,16.652898693270686,-9.191844825937357,51.88491183435108,15.332348001833271,-60.931096623322404,68.25678731465752,13.35130675972286,73.34132617977643,0.030182268123918554,82.6345694065094
-4.291010314311785,-1.345585651634794,1.015631847072179,-4.0593311288608875,-4.9346763151257615,-1.654504564100627,16.74485251184883,-9.226962353220866,51.933298700104714,15.360600054331204,-61.064348551527225,68.25357989764082,13.502117155975922,73.36230534616624,0.0008896313839894532,82.65935587882996
-4.287338927431838,-1.3466377402320602,1.0112070136088334,-4.055659741980942,-4.935728403723028,-1.6589293975639725,16.80978009091163,-9.145678185494884,51.93321134845335,15.543606255992415,-61.204507265431666,68.25083335058324,13.662193083450617,73.38391088982898,0.1406740044478667,82.68587732315063
-4.285654760523317,-1.3468139779339132,1.0086551381454774,-4.053975575072421,-4.93590464142488,-1.6614812730273285,17.156798832112614,-9.421725396414395,52.23417813354507,15.322698562257596,-61.279051209421596,68.25553883796815,13.751348178406698,73.39112449788027,0.18940641738007535,82.69865536689758
-4.282197756721738,-1.3478216399395728,1.0046987436607733,-4.050518571270841,-4.936912303430541,-1.6654376675120328,17.287807018389284,-9.41653673096305,52.2203182173064,15.541383314968888,-61.40549636415636,68.25145467692371,13.89656442267989,73.4117588299704,0.17405602358179628,82.72289800643921
-4.279926649939573,-1.3484088336732254,1.0021718133121804,-4.048247464488677,-4.937499497164193,-1.6679645978606255,17.12544757988806,-9.276992850211037,52.17919978977256,15.512869079799787,-61.48530831645401,68.24908496671665,13.99021761003474,73.42495887821572,0.02140490149390839,82.73803567886353
-4.276666394037333,-1.3490146302614165,0.997921794076121,-4.044987208586437,-4.938105293752384,-1.672214617096685,17.643952369719653,-9.713186477729593,52.69733022221593,15.058535547401284,-61.61438603816744,68.25144962998927,14.143277597632455,73.44136963066016,0.062250576625961784,82.76203966140747
-4.27495628544513,-1.349572007793654,0.9960828298604353,-4.043277099994233,-4.9386626712846216,-1.6740535813123707,17.668029941170357,-9.864474683875414,52.695691628664676,14.93851849230738,-61.67463889782517,68.24805937384156,14.212028664976414,73.4520070701726,0.12490625972683933,82.77418994903564
-4.268980385088189,-1.350804817837453,0.989164765820871,-4.037301199637293,-4.939895481328421,-1.680971645351935,17.933110566664883,-9.983645569253467,52.95363909354855,14.831836603718783,-61.888290708978865,68.2460576223668,14.468365508239676,73.48400759318291,0.0977833039362368,82.8161039352417
-4.265454228934622,-1.3517684444047313,0.9853668001260804,-4.0337750434837245,-4.940859107895699,-1.6847696110467256,17.985616989839105,-9.93553314271164,52.82033067645071,15.153644986898497,-62.010072240888874,68.24076770022893,14.61152174075308,73.50462665911868,0.16681814918232085,82.8411283493042
-4.2638160036502875,-1.3522311703328942,0.9835134112128773,-4.032136818199391,-4.941321833823862,-1.6866229999599287,18.096590946558912,-10.307596714765841,52.92677064053418,14.77372309603155,-62.06957130208805,68.2386016906878,14.680696701769268,73.51409514299462,0.17780712533915022,82.85377168655396
-4.260275862723367,-1.3529269150435415,0.9796041359474686,-4.0285966772724695,-4.942017578534509,-1.6905322752253373,18.248474022826276,-10.117801521541061,52.886345946165214,15.249509497847527,-62.19051890097042,68.23647658034196,14.828178747582458,73.5329157055856,0.11071811726564906,82.87915325164795
-4.25502428009009,-1.3542688839589112,0.9742850071883483,-4.023345094639193,-4.943359547449878,-1.6958514039844577,18.313130947835194,-9.595589659239842,52.88900005901361,15.88883093026952,-62.36100302027959,68.22736224681466,15.03326255177914,73.5633433203266,0.13897087728174107,82.91741394996643
-4.2513668593103855,-1.355048215286583,0.9704490189770977,-4.019687673859488,-4.944138878777551,-1.6996873921957083,17.923789361668007,-9.218131134364548,52.862608758554636,15.772189358398776,-62.48132717120472,68.22321664998644,15.180597950158862,73.58327707526878,0.21737105949799052,82.94423770904541
-4.249531940416598,-1.355551410671119,0.9686503213857004,-4.017852754965702,-4.944642074162086,-1.7014860897871056,17.911219835128115,-9.284796996988602,52.926626810577915,15.591946389242691,-62.53980541924178,68.21926107548431,15.250849583488574,73.59412765137499,0.021980754154451887,82.95718240737915
-4.245994537763654,-1.356213181512917,0.9648327929607606,-4.014315352312757,-4.945303845003885,-1.7053036182120453,18.14933777246434,-9.746251403559127,53.127403001798335,15.167599197518175,-62.65814402213409,68.21664703019975,15.397137127349161,73.6125298265436,0.2785696134537696,82.98436570167542
-4.2442058144510835,-1.3564874797419644,0.9629704607492043,-4.012526629000186,-4.9455781432329315,-1.7071659504236016,18.11393046263329,-9.511709734019286,53.03860583043893,15.494641853016109,-62.715058958214584,68.21556003722766,15.469361687569021,73.62158604441227,0.13470132987963712,82.99687767028809
-4.238267560779727,-1.3576127590259761,0.9567821294546363,-4.00658837532883,-4.9467034225169435,-1.7133542817181697,18.44309273936351,-9.101275257210796,52.91643629685904,16.579027893927293,-62.90789149647909,68.20958563018942,15.709614789300504,73.65270081535232,0.07904401642897074,83.0413179397583
-4.233295770570852,-1.3585639143094879,0.9519443254421348,-4.001616585119955,-4.9476545778004555,-1.7181920857306712,17.69681982732222,-8.77741739226223,52.642233257581886,16.259089696305132,-63.05952405699685,68.20249566402295,15.901552848669823,73.67929912570808,0.1725005257005412,83.07719373703003
-4.229816903415871,-1.359069232439285,0.9479640516440976,-3.998137717964974,-4.948159895930252,-1.7221723595287084,17.956223108553267,-8.814187433670435,53.103333108374166,15.929333691400846,-63.18115047488447,68.20225201768936,16.05372069565329,73.69567316034384,3.009552859743298,83.10440516471863
-4.227949617158074,-1.3594206755944087,0.9462864766857669,-3.996270431707177,-4.9485113390853765,-1.723849934487039,17.900550755466895,-8.82491272308911,53.14314991594713,15.779965407703626,-63.23397129323956,68.19883550739394,16.122124688400564,73.70582469796915,0.0599865810819189,83.11731266975403
-4.224492325230007,-1.3597711101092618,0.9425371960396324,-3.99281313977911,-4.948861773600229,-1.7275992151331736,18.09492982695306,-9.009305325874482,53.313855279094334,15.628346488533964,-63.34653448188031,68.19898691574745,16.268063235870482,73.72150613376263,0.06303016844562848,83.14200735092163
-4.222940938613695,-1.3600627627281323,0.9408284301588857,-3.9912617531627976,-4.9491534262191,-1.7293079810139202,17.916015932392938,-8.650149566663492,53.068971216460945,16.10929996239432,-63.40000364554727,68.19774798000341,16.334242920457697,73.72922649895752,0.12077053137956995,83.15426659584045
-4.219326463459777,-1.360832939138383,0.937596910793684,-3.9876472780088803,-4.949923602629351,-1.732539500379122,17.7169036989046,-8.058324125118403,52.74728051174983,16.93014910388156,-63.50347263864237,68.18993368924444,16.466826106383014,73.74923968767135,0.04405335647522701,83.17840909957886
-4.21575573304525,-1.3612447112288806,0.9338359833815365,-3.9840765475943534,-4.950335374719848,-1.7363004277912695,17.94992214491139,-8.595310748169283,53.17466911855379,16.07586380961652,-63.61757125183786,68.18878603638608,16.615077178029335,73.76572265594427,0.18323178788847105,83.2045681476593
-4.213928544081651,-1.3612448932152448,0.931855740616934,-3.982249358630754,-4.950335556706213,-1.738280670555872,18.101088074809393,-9.08357635719065,53.369444618697145,15.49947379739884,-63.67445323865497,68.19069001080422,16.692938295169345,73.77279358401985,0.06746472164522999,83.217294216156
-4.2098484675121695,-1.3616905239553736,0.9278861832242246,-3.978169282061273,-4.950781187446341,-1.7422502279485814,18.003448263258957,-8.528637386233463,53.259012407395296,16.118432413372755,-63.79484597859836,68.18780947998557,16.853436846213302,73.79201537139058,0.08963128826578437,83.2446882724762
-4.207964907053745,-1.3620818858178823,0.926228751663949,-3.976285721602848,-4.95117254930885,-1.743907659508857,17.83990533733643,-8.387017920304864,53.19925951503499,16.117203200697695,-63.84804077314318,68.18357042962141,16.92237354561548,73.8022949285075,0.10996966777462269,83.2576048374176
-4.203663765980648,-1.3627836964383662,0.922715958463275,-3.9719845805297522,-4.951874359929334,-1.747420452709531,17.70166599980565,-8.245020477390646,52.90272198286194,16.51845236539529,-63.95838505116978,68.17446166996298,17.07245143714219,73.82518900217025,0.11334525750952729,83.28534197807312
-4.201859794997299,-1.362992665108645,0.9209883305995584,-3.9701806095464023,-4.952083328599612,-1.7491480805732476,17.894361557892054,-8.687275934170161,53.247386772110126,15.823633311384263,-64.0111363254444,68.17282970482673,17.14302272789229,73.83371173069136,0.11484270778105632,83.29814410209656
-4.195849840449905,-1.363615406663929,0.916077451405387,-3.9641706549990086,-4.952706070154896,-1.754058959767419,17.781303614037142,-8.637062025615235,52.998983996507285,16.10048843133323,-64.16024249153224,68.1637333464515,17.354230606094106,73.86341797240814,0.06779501276221733,83.33685731887817
-4.191894001405287,-1.364314803555962,0.913318638582508,-3.960214815954391,-4.953405467046929,-1.756817772590298,17.872288797347526,-8.29821993024529,53.05297917081555,16.529496392230108,-64.24849494125993,68.1521422541536,17.47964256022543,73.88559305041157,0.08947475459682774,83.36111569404602
-4.189556795867096,-1.3644787345255798,0.9115031002307697,-3.9578776104161992,-4.953569398016548,-1.7586333109420362,17.603473381363866,-7.650900567182043,52.6001137357881,17.507076133384942,-64.30254596578914,68.14888070385092,17.559574568383717,73.896815713824,-0.06834836642706321,83.37592101097107
-4.186023438870979,-1.3646449997405756,0.9081678763816968,-3.954344253420083,-4.953735663231543,-1.7619685347911092,17.765326303716087,-8.459507505997314,53.11521716826275,16.12601381423757,-64.40119316296979,68.1477840509083,17.69794251597963,73.91191307450876,-0.0373905511402457,83.40033459663391
-4.182840671972041,-1.3651369277024126,0.9063415764753747,-3.951161486521145,-4.95422759119338,-1.7637948346974313,17.713092232245547,-8.16631481381627,52.892596417730545,16.706849582139096,-64.45924845644208,68.13709527174294,17.788176472045766,73.93011299527683,0.13364319993971918,83.41853499412537
-4.177215658860815,-1.365513343335151,0.9020413541308031,-3.945536473409919,-4.954604006826118,-1.7680950570420029,17.99851604575848,-8.45613014606992,53.04048411345678,16.62141979584658,-64.58740784227832,68.12885206041521,17.97996080344674,73.95688234723134,-0.007751224243124355,83.45509123802185
-4.170986719203991,-1.3657679242270475,0.8972175611295051,-3.9393075337530936,-4.9548585877180145,-1.7729188500433009,18.068683028722663,-8.483721345180088,53.27202282497751,16.381263910015996,-64.72908127506864,68.12164764635453,18.19514226916545,73.98526979823185,0.029537121040940306,83.49467015266418
-4.167053006322133,-1.3662732663727173,0.894603879537374,-3.935373820871236,-4.955363929863685,-1.775532531635432,17.910343588628383,-8.256971445327233,53.0333727464471,16.757074290607584,-64.81055614784947,68.11112087346683,18.318563964123797,74.00609738649155,0.04168200806687672,83.51850652694702
-4.160923702880549,-1.3666161325263113,0.8900751741149183,-3.929244517429652,-4.955706796017279,-1.7800612370578877,18.03314937547391,-8.466652445982614,53.12177345492643,16.608810802697228,-64.94509236383365,68.10170832344396,18.52528689711149,74.03478345589313,-0.024373002677173794,83.55636787414551
-4.154192809844717,-1.3668275613122758,0.8850373290808403,-3.9225136243938206,-4.955918224803243,-1.7850990820919657,17.897113358932273,-8.69259602860919,52.93374263749111,16.4732145674625,-65.09269970044534,68.09333316342531,18.755305153821418,74.06497640350412,2.959604291185327,83.59827280044556
-4.1478273859657975,-1.3670524358816798,0.8804262508623187,-3.916148200514901,-4.956143099372647,-1.7897101603104872,17.764011885040823,-9.374511939864403,52.73254145944205,15.877223502731379,-65.22824393401731,68.08423365339395,18.96927136719793,74.09384719257079,0.045723018561774964,83.63893127441406
-4.145358891394497,-1.3671819228957318,0.8788725336538138,-3.9136797059436006,-4.956272586386699,-1.7912638775189922,17.72876503860959,-9.104740789650457,52.3762002629962,16.629761965725585,-65.27423136414934,68.07904328999788,19.045596785988593,74.10581619458011,0.23500822340152983,83.65416622161865
-4.141412746527621,-1.3670599182531915,0.8757308439049784,-3.909733561076724,-4.956150581744159,-1.7944055672678276,17.95006973933968,-9.643417045390194,52.84777623318895,15.726277843177455,-65.36341820100778,68.07756165684076,19.187380775176837,74.12137296973395,0.0547744945386599,83.68343305587769
-4.139063381664204,-1.3672693700047036,0.874618537066144,-3.9073841962133073,-4.956360033495671,-1.795517874106662,17.795307596864415,-9.087283067138136,52.491847090551666,16.6096687006322,-65.3971487234871,68.0698202498383,19.24955827236671,74.13411429359853,0.14063106156650207,83.69666314125061
-4.135754830378452,-1.3670485041418847,0.8720896387908575,-3.904075644927555,-4.956139167632852,-1.7980467723819484,17.676401751583796,-9.314113034988353,52.76284378255161,15.830791610412435,-65.46706224683817,68.06929788309037,19.365855317451874,74.14665018862884,0.08653125986229426,83.72233295440674
-4.129066061005518,-1.3669629336238573,0.8677193782989067,-3.8973868755546213,-4.956053597114825,-1.8024170328738993,18.003543014841235,-9.150195613077145,52.80629131853996,16.44589209703657,-65.59084588313047,68.06053079187801,19.57969538085845,74.17578682897489,0.029805222354513994,83.77382612228394
-4.12587427300264,-1.366654889143262,0.8655435554778127,-3.8941950875517426,-4.955745552634229,-1.8045928556949933,18.20498762630525,-9.087389987850754,52.92944107984951,16.642284784894102,-65.64892655548064,68.05968982360915,19.68486758572064,74.18786412747274,0.05991679177355902,83.79876899719238
-4.124152892692012,-1.3666898036865958,0.8644508301014212,-3.892473707241116,-4.955780467177563,-1.8056855810713848,17.801380295726304,-9.312902534652244,53.01481010634178,15.711045680858208,-65.680707777066,68.05661660423345,19.739199927264856,74.19571743886554,0.061026909620935044,83.81161761283875
-4.121145764300521,-1.3667484371804566,0.862650967658995,-3.8894665788496248,-4.955839100671424,-1.807485443513811,17.809446686611697,-8.317217597113334,52.63562126085085,17.34453709044491,-65.73281766277282,68.05071901132614,19.831067308117266,74.20967792430828,0.025380446462477835,83.83645820617676
-4.119470433253789,-1.3663559421932916,0.861228646272255,-3.887791247802892,-4.9554466056842585,-1.808907764900551,17.860042618126414,-8.620743284725679,52.81309788468886,16.85024165122915,-65.76880441276808,68.05416790091058,19.894861313599417,74.21391615885685,0.12496710544589629,83.85218906402588
-4.116703393056702,-1.3660905264932475,0.8590498128310223,-3.8850242076058055,-4.955181189984215,-1.8110865983417836,17.964104077504672,-9.190839219312238,53.30784048641464,15.691316727147182,-65.82858022862935,68.05479139261826,19.995159759044896,74.22351433277323,-0.004560467547944924,83.87771463394165
-4.112544311809037,-1.365708664064955,0.856192543205624,-3.88086512635814,-4.954799327555922,-1.813943867967182,18.107389184203043,-9.178557556798243,53.16955609550246,16.14094444901731,-65.90570271219684,68.05346380328001,20.13393420674608,74.23906250238844,0.03086291306318234,83.91551733016968
-4.109823604594005,-1.3654414456060981,0.8543713975653063,-3.878144419143108,-4.954532109097066,-1.8157650136074996,18.11700672976339,-9.068109778903562,53.289816213136724,16.11459906535866,-65.95447052171542,68.05253368850966,20.22350175822939,74.24921857453211,0.18265885160848772,83.94000434875488
-4.108164957231411,-1.3655078974686086,0.853496134766539,-3.876485771780515,-4.954598560959576,-1.816640276406267,17.678220175701583,-8.369940589954368,52.80004870171906,16.941652177443014,-65.98016827634643,68.04827283737507,20.271182382796187,74.25733142824511,0.18366284467838057,83.95264983177185
-4.105569789204523,-1.3649650906153143,0.851108822590075,-3.873890603753627,-4.954055754106282,-1.819027588582731,17.86581537975883,-8.541577189303936,53.05221913008629,16.680359498210006,-66.04308523270385,68.05371600661745,20.376062571991717,74.26358646106975,0.025904422581392694,83.97948861122131
-4.1041364816931685,-1.3645602739223917,0.8497684648286551,-3.872457296242272,-4.953650937413359,-1.820367946344151,17.779258085912225,-8.685921916440838,53.14955716337449,16.266340617381758,-66.07704884374303,68.05798763554675,20.434719383638907,74.26636116917115,0.026841069856615718,83.9946858882904
-4.101029257691476,-1.3644262489831296,0.8479717886875499,-3.869350072240579,-4.953516912474097,-1.8221646224852561,17.637759377898572,-7.983266024319572,52.72788055736884,17.449042270478447,-66.12653708785015,68.05359133621286,20.52916334643362,74.2795733994881,5.832394888560226,84.0201404094696
-4.099849344773585,-1.3640597464799054,0.846535163461465,-3.868170159322688,-4.953150409970872,-1.823601247711341,17.737064236514865,-8.328114019896095,52.9448364869732,16.914019249272165,-66.16461946515979,68.05908205388151,20.5873525246708,74.28073553743279,0.09997297805372085,84.03512501716614
-4.095634044519713,-1.3635466754001966,0.8435024766473327,-3.8639548590688158,-4.952637338891164,-1.8266339345254732,17.787318773294142,-8.345129965779016,53.19145162018794,16.633240686767234,-66.24597423046157,68.05964066275611,20.733486555125832,74.295053610688,0.027538079709386487,84.0751883983612
-4.093363328995103,-1.3629464960636775,0.8413040233741373,-3.861684143544207,-4.952037159554645,-1.8288323877986685,17.711538838457386,-7.999110387535714,53.08027647669816,17.0733129270716,-66.3031076405341,68.06626350346454,20.829035589265292,74.29932996013073,0.18390715822507264,84.10102343559265
-4.0918858781031915,-1.362600782313007,0.8399559296539489,-3.860206692652295,-4.9516914458039745,-1.8301804815188571,17.917770602355425,-8.265152089274153,53.35756739542812,16.69149269926525,-66.3383695430261,68.0696694224292,20.888820564029732,74.30257361005573,0.18489128398634147,84.11734104156494
-4.087770829980086,-1.362045071113346,0.8369378032979382,-3.85609164452919,-4.951135734604313,-1.8331986078748677,17.403889944673825,-7.489642960695569,52.89748643423353,17.47576661776478,-66.41921415652918,68.07103365975938,21.033809575365527,74.31589770340234,0.004490004503866274,84.15529751777649
-4.085557383063247,-1.3615183999021145,0.8348722164814922,-3.8538781976123504,-4.950609063393082,-1.8352641946913137,17.73511021618215,-7.8042552722185645,53.22325683790535,17.157400297113355,-66.47357506368353,68.0764258666887,21.124968525070845,74.32049494029131,0.06228499146938482,84.1800754070282
-4.084377441197716,-1.3611623784588907,0.8338357514391752,-3.852698255746819,-4.950253041949858,-1.8363006597336309,17.808435486550945,-8.25945393509543,53.39215248661299,16.532718493837127,-66.49944854918185,68.07982841576163,21.171711908272254,74.32268038737351,-0.026126001829499756,84.19302606582642
-4.081438307084832,-1.3608432401789672,0.8318132870836593,-3.8497591216339346,-4.949933903669935,-1.8383231240891467,17.516879952373486,-7.474899770439537,52.98609433356103,17.570934274635377,-66.55430540689206,68.07924908310692,21.271728312107495,74.33290105409063,0.013223931430632163,84.2181613445282
-4.0773649802653695,-1.360011002534131,0.8287217309837428,-3.845685794814473,-4.949101666025099,-1.8414146801890632,17.53794054244149,-7.627804543702486,53.18906538577357,17.160768944480242,-66.63409688386758,68.08417515481015,21.419148610920484,74.34395054761895,0.02039569308263456,84.26015710830688
-4.076035577172987,-1.3596599567448526,0.8276684818529099,-3.8443563917220898,-4.9487506202358205,-1.8424679293198962,17.445276517426016,-7.535762115077486,53.13486926231522,17.212815868922153,-66.66046053521872,68.08688107927244,21.468635720260757,74.34695687701709,2.967618594400152,84.27267551422119
-4.073543901308447,-1.3588004998864864,0.8255585194169862,-3.8418647158575507,-4.947891163377454,-1.8445778917558198,17.636106687081845,-7.825593767569192,53.23848414077023,17.051867641423147,-66.71140934510801,68.09486236743327,21.56547659808999,74.35102321933375,-0.047720711493568935,84.29792714118958
-4.069243468174816,-1.3581862297996936,0.8231686583912068,-3.8375642827239194,-4.9472768932906614,-1.846967752781599,17.404025286698797,-7.450551310025065,53.161153531141885,17.256814931854503,-66.77183320734534,68.09286649689001,21.69603658502999,74.36651119453849,0.12351177813636394,84.33524918556213
-4.066249273364338,-1.3574695861811663,0.8211429468168703,-3.834570087913442,-4.9465602496721335,-1.8489934643559356,17.332600021016848,-7.410275014948932,53.1554772476828,17.224646646775227,-66.82146635614592,68.09644358018342,21.79778025810286,74.37455956213758,0.09233363055078847,84.36317801475525
-4.064863083167189,-1.3569648923389177,0.82021153705779,-3.833183897716292,-4.946055555829885,-1.849924874115016,17.246606717619333,-7.821534487729124,53.145366677952474,16.675368749293046,-66.84180281046973,68.10001799682296,21.84475116586223,74.37729934459819,0.16340070345378344,84.37586045265198
-4.062211723663973,-1.3565310735886977,0.8188624982576702,-3.830532538213076,-4.945621737079665,-1.8512739129151359,17.19940701283013,-7.631477073885524,53.219419126387415,16.7147813648436,-66.87442471006351,68.09879297678725,21.92197088105461,74.38681174247037,0.1600641308844386,84.39978981018066
-4.060809917379158,-1.3560252952246197,0.817960139290764,-3.8291307319282613,-4.945115958715587,-1.8521762718820418,17.570209152797066,-7.948581697283775,53.50600333017565,16.51676561114763,-66.89383460158896,68.10216571261321,21.9684027378595,74.38969959445282,0.029377229395545434,84.41472053527832
-4.056273030494967,-1.3550612833512787,0.81580672943373,-3.8245938450440695,-4.944151946842246,-1.854329681739076,17.212401609059565,-7.052147978072641,53.24977389718479,17.374878366232245,-66.94164234174413,68.10182116914177,22.09637633950982,74.40508302303026,0.1112864406356584,84.45287227630615
-4.053471276723246,-1.3540549538675548,0.8142442140321742,-3.8217920912723495,-4.943145617358522,-1.8558921971406317,17.622939092113555,-7.664557692895848,53.48450587980494,17.008576144689915,-66.97287599991512,68.10736351094062,22.182398073407185,74.41151488269863,0.09377390109223693,84.4777204990387
-4.050194366034074,-1.3534930674877232,0.8129249597841055,-3.8185151805831774,-4.942583730978691,-1.8572114513887006,17.387082149355795,-7.448705057785071,53.3908483190905,17.053086738557415,-67.00181687300199,68.10445830433339,22.268272120810195,74.4240236200762,0.03428486910517492,84.50438404083252
-4.048608848570053,-1.353062932368879,0.8122378008760036,-3.8169296631191565,-4.942153595859846,-1.8578986102968025,17.642095437336426,-7.749926405864105,53.58296532920777,16.83918440589843,-67.01516006587264,68.10507730725008,22.311310331831535,74.42901545563412,0.03496513536396151,84.5171480178833
-4.042979307905044,-1.3520872854591082,0.8103741970022448,-3.811300122454147,-4.941177948950076,-1.8597622141705612,17.00647978618722,-7.208300400556581,53.15528951435435,17.158189724845197,-67.05182108006036,68.09826615240982,22.447566126236058,74.45156104997626,-0.00486877636231231,84.55964827537537
-4.041147878726216,-1.3513806185209798,0.809372197493724,-3.8094686932753197,-4.940471282011947,-1.860764213679082,16.762978267386753,-7.130688983196383,52.99873490611473,17.12647389165259,-67.07104322604503,68.10234929105847,22.50360383845678,74.45547162436604,-0.0040769838534657765,84.57516860961914
-4.037777080339537,-1.3503171213175527,0.8081321937680502,-3.8060978948886404,-4.93940778480852,-1.8620042174047557,17.122725845877575,-7.884050245986699,53.115615198494105,16.72363124454902,-67.0902656502059,68.1043036918562,22.589124650308673,74.46580672411896,0.04411958857805587,84.60258173942566
-4.036020365230758,-1.3501686821354035,0.8075614887653466,-3.8043411797798616,-4.939259345626371,-1.8625749224074593,17.13738380054097,-8.082696970160796,53.310267768622715,16.244313667496602,-67.1036206158526,68.10034091515686,22.631609158891962,74.47373596652818,0.10592538759585768,84.6158218383789
-4.03409422187485,-1.349382029350044,0.8069185430537195,-3.802415036423953,-4.938472692841011,-1.8632178681190865,17.095339860115125,-7.927289145486969,53.31506826396587,16.362712612721626,-67.10995493564677,68.10318463394796,22.678646286744435,74.47879516345354,0.10654597375366048,84.63163208961487
-4.028363367829744,-1.348239121445717,0.8054914976793803,-3.7966841823788475,-4.937329784936685,-1.8646449134934255,17.017231555172916,-7.511995647062496,53.164412603693265,16.985201047150206,-67.13010232500741,68.09568080045946,22.804837779635225,74.50214270538716,-0.04143576835353446,84.67375206947327
-4.025105730051846,-1.3476979523341535,0.8046027014125722,-3.7934265446009494,-4.936788615825121,-1.8655337097602338,16.82413289850052,-7.23886974713316,53.094911066318886,17.121056135455902,-67.14564207370985,68.09053351151947,22.879116724744804,74.5157806467805,3.0235977396167613,84.69814538955688
-4.023248339496436,-1.347233819064073,0.8042001162183501,-3.7915691540455394,-4.93632448255504,-1.865936294954456,16.72592795223827,-7.020607427084284,53.07525850907829,17.256881015802414,-67.14890643447534,68.08887857339678,22.91843315063446,74.52297469722788,0.07779917708820339,84.71069526672363
-4.020055944005256,-1.3457051427614402,0.8028105323665786,-3.7883767585543593,-4.934795806252407,-1.8673258788062275,17.18723274047329,-7.580813819844144,53.57958348117371,16.618879930659666,-67.16683381001917,68.0977070607901,23.006537440486508,74.52900426233796,-0.043101062639792076,84.7383804321289
-4.015473108849096,-1.345365728532391,0.8025201648812361,-3.7837939233982,-4.934456392023359,-1.8676162462915697,16.69007619141395,-7.271046961334593,52.88342980173284,17.314134522725737,-67.16349141201657,68.08105164623129,23.083441555500738,74.55349125078638,-0.06497664394895963,84.76784992218018
-4.013028322848939,-1.344716321849319,0.801892162887419,-3.7813491373980423,-4.933806985340286,-1.868244248285387,16.556457585790685,-7.138262417672097,52.75621944391771,17.476850460526087,-67.17045599860698,68.0797693763046,23.138446672176304,74.56240887758132,0.006259570601982567,84.78532385826111
-4.0111155376101015,-1.344206351816554,0.8014879647817746,-3.779436352159205,-4.933297015307521,-1.8686484463910313,16.747113914180247,-7.4459024983804,52.82501076315491,17.350679359401063,-67.17304064169075,68.07837197435424,23.178967536671394,74.56963815261035,3.0846878212306716,84.80048036575317
-4.008923368000147,-1.3436966497573766,0.8010072053768166,-3.777244182549251,-4.932787313248344,-1.8691292057959894,16.705320989884935,-7.546873716586692,52.93245773616235,17.033636310205267,-67.17764337658359,68.07599447330867,23.226016359217223,74.57829265361494,0.07803248775655725,84.81545948982239
-4.0070223853668505,-1.34303584795567,0.8006171384569672,-3.7753431999159544,-4.932126511446637,-1.8695192727158387,16.808935234210136,-7.624979246219601,53.10394071566815,16.866713320423223,-67.17764045675946,68.07631454296575,23.26600861900645,74.58462094916935,0.0785857389518183,84.83047795295715
-4.0028105750668646,-1.3423193797719408,0.8001834619352914,-3.771131389615968,-4.931410043262908,-1.8699529492375144,16.351044946882745,-7.099409454392486,52.6209569247065,17.525460995374374,-67.17423950669203,68.06638338947783,23.34230069751758,74.60425668840759,0.061176246288054514,84.8582375049591
-4.001494095189243,-1.3417156389725606,0.799729207508464,-3.769814909738346,-4.9308063024635285,-1.870407203664342,16.691846576089247,-7.373865269645258,52.94925592179656,17.26194937087096,-67.17816736701474,68.06915903653612,23.375511255107213,74.60721987731776,0.019356098615998185,84.87078881263733
-3.997476052805424,-1.3407607604482945,0.7993243663984569,-3.7657968673545272,-4.929851423939262,-1.870812044774349,16.689048863932847,-7.201920646298715,52.98462954509577,17.43780671174671,-67.17075058125666,68.06274516578135,23.448247616397854,74.62440857865433,0.1331294292920644,84.89784622192383
-3.9954504142534595,-1.3402612700937193,0.7989467718360926,-3.763771228802563,-4.9293519335846865,-1.8711896393367133,17.03924608968968,-7.765088966206407,53.33475754583309,16.846780259405683,-67.1724254726351,68.06054352707031,23.490144173446375,74.63242284540516,0.13848645106190016,84.91356205940247
-3.991706827692564,-1.3395213729178235,0.7988494522393949,-3.7600276422416674,-4.928612036408791,-1.8712869589334111,16.899801755793387,-7.837529990281717,53.07859458552767,16.991946713162402,-67.15848634308813,68.05148914019715,23.54997147106097,74.65016470549614,0.05506177505499643,84.94045329093933
-3.9897030308005386,-1.3392900762053546,0.7988352263754458,-3.758023845349642,-4.928380739696322,-1.8713011847973602,16.645289976601582,-7.4890187597854885,52.81635650435484,17.40392402229501,-67.15213957906852,68.0445565133791,23.581012788526095,74.66072541767292,0.05097594739695044,84.95254564285278
-3.9836283717318834,-1.3376978226707623,0.798491864440197,-3.751949186280987,-4.92678848616173,-1.8716445467326088,16.710306207248635,-7.426723531327354,52.86218493211258,17.575648064727275,-67.12994032367922,68.03521712348501,23.68400287507772,74.68667688904823,-0.04596907394516769,84.99757432937622
-3.9792546449635147,-1.3366304787261811,0.7983109247178153,-3.747575459512618,-4.9257211422171485,-1.8718254864549908,16.516744550292245,-7.453032834007043,52.73404645486191,17.499613077601353,-67.11289131060525,68.02724293902978,23.75651861403728,74.70602023214042,0.13346247300753866,85.02883195877075
-3.975625077352373,-1.3356022949733006,0.7981762027782321,-3.7439458919014763,-4.924692958464268,-1.8719602083945739,16.910256349968876,-7.706645105881205,53.15294861624158,17.230218680198504,-67.09616974333277,68.02218310233287,23.81636109573997,74.72130130406622,0.12495826123949705,85.05656313896179
-3.97351487703456,-1.3349173706425213,0.7980397440602651,-3.7418356915836632,-4.924008034133489,-1.8720966671125407,16.79962436370363,-7.522416001332143,53.06722714731364,17.42035930413349,-67.08709051168147,68.02052363249469,23.852924423248236,74.72949833650485,0.01754790962810837,85.07149529457092
-3.9704236581323276,-1.3340770811730256,0.7979342469854158,-3.738744472681431,-4.923167744663993,-1.87220216418739,16.96750104137854,-7.664145763398392,53.269048007350094,17.25254397298188,-67.07302725602564,68.01574784847126,23.90385062278493,74.74274193415638,0.027693218370715478,85.09521126747131
-3.968362084763056,-1.3335101950159958,0.7978990852489878,-3.7366828993121595,-4.922600858506963,-1.8722373259238183,16.903925865142302,-7.651632333835698,53.31220252767946,17.127566953051645,-67.06239066141468,68.01246348397127,23.936827845415422,74.75164913339103,0.20177699297350582,85.1105055809021
-3.9649781460065427,-1.332718654328211,0.7978627752798868,-3.733298960555646,-4.921809317819179,-1.872273635892919,16.942121654997976,-7.852895927720215,53.478457481716674,16.75078647216467,-67.04621912826819,68.0053515835413,23.990506703314736,74.76713571962745,0.04780373512082203,85.1356680393219
-3.960971583991411,-1.3319812182278135,0.7984286664335489,-3.7292923985405144,-4.921071881718781,-1.8717077447392572,17.168354886612192,-7.70332112973391,53.287585008671705,17.60385224948304,-67.00993562111911,67.99165326925988,24.036122179561012,74.7885848178728,0.048615724474902144,85.16454553604126
-3.9593350239562684,-1.331291405628522,0.798391631393135,-3.7276558385053717,-4.92038206911949,-1.8717447797796711,17.039447932983943,-7.714031836032383,53.270475994502604,17.447063772869452,-66.99829290824401,67.99185079076145,24.062634052038923,74.79425097846001,0.04890100668526465,85.17719101905823
-3.9544341658480864,-1.3302823487688182,0.7987336898801141,-3.7227549803971898,-4.919373012259785,-1.871402721292692,17.00695335388149,-7.884511642177305,53.248221733814006,17.30600432702972,-66.96381120153133,67.97798260270369,24.129207181517394,74.81875456563078,0.0922407690045981,85.21467399597168
-3.9485976406674412,-1.3289594529032036,0.7992088750423394,-3.716918455216544,-4.918050116394171,-1.8709275361304667,16.887772997795917,-7.588106622936152,53.28855081499908,17.45904224541837,-66.91870586740256,67.96249251297667,24.206755312479594,74.84747254697722,0.004338537939021947,85.25678277015686
-3.9451312814446573,-1.3280980786088212,0.7995052299020007,-3.7134520959937607,-4.917188742099789,-1.8706311812708054,16.943672099984276,-7.727607566213496,53.39911271577888,17.26816812709879,-66.89032049030621,67.95407715972632,24.252529293370078,74.86414633302059,0.08479555255908355,85.28333139419556
-3.943194099716342,-1.327593568448616,0.7997259353472885,-3.7115149142654453,-4.916684231939583,-1.8704104758255173,16.987918056662565,-8.001044193318052,53.46389475248444,16.965531388799654,-66.87229705977983,67.94936561067506,24.27649670059532,74.8735140901605,0.08514860984887207,85.29855370521545
-3.941397576132983,-1.3271761737193406,0.7998890681348995,-3.7097183906820863,-4.916266837210308,-1.8702473430379065,17.128920208607138,-8.131229984452064,53.37351260147952,17.199995543435502,-66.85767763102064,67.94460721964236,24.300043046765182,74.88235729805284,0.015142438155819171,85.31117296218872
-3.9370634592434954,-1.326285693091629,0.8006370918176099,-3.705384273792599,-4.9153763565825965,-1.869499319355196,16.981538337272468,-7.892239439134048,53.42576147989891,17.2117427488179,-66.81242445394167,67.93001297364553,24.346371172091754,74.9055311130787,0.04876106424300897,85.34408569335938
-3.9357589345949484,-1.3260047489177387,0.801140290904398,-3.704079749144052,-4.915095412408706,-1.868996120268408,17.084637875249193,-8.2038337633118,53.35788538370301,17.152393517425153,-66.78946260183608,67.92439710899619,24.351943706242277,74.91334897720486,-0.01682923750699139,85.35610151290894
-3.9310549910631867,-1.3249594104978513,0.8019281973891408,-3.69937580561229,-4.914050073988818,-1.868208213783665,16.948072378508083,-7.719968106854251,53.37835430905509,17.501335223507954,-66.73993082684635,67.90952900945108,24.403159897008806,74.93799279363029,-0.011318105834241976,85.39180135726929
-3.9277667034182304,-1.324355383146549,0.8026938766515255,-3.696087517967334,-4.9134460466375165,-1.8674425345212806,17.175503128374796,-7.679345376782831,53.66740626169426,17.49437921675356,-66.70007441434993,67.89657193483428,24.43266368368689,74.9566678661383,0.012667656979012953,85.41793775558472
-3.9260078265895935,-1.3240241853464856,0.8031010151815692,-3.694328641138697,-4.913114848837453,-1.8670353959912367,17.038380625378696,-7.492146152397045,53.5350116597332,17.714863009930994,-66.6787099316042,67.88973587575012,24.448552185844097,74.96660700756776,0.050481429887850204,85.43053770065308
-3.923228199131745,-1.3235703417553157,0.8040112370379068,-3.691549013680848,-4.912661005246283,-1.8661251741348992,17.044475055755626,-7.766923843424205,53.5115695328412,17.496999304359036,-66.63719081712144,67.8767845536566,24.465660308937778,74.98360358302249,-0.10400194747944713,85.45440173149109
-3.919684890131148,-1.3226801024938968,0.8047760459678169,-3.6880057046802515,-4.911770765984864,-1.865360365204989,16.990347773532708,-7.85544546785378,53.522998113892605,17.34983607623643,-66.5926555619287,67.86583150688489,24.499365621670957,75.00218300554889,0.09354178502352806,85.4812216758728
-3.9181775839544803,-1.32237135764395,0.8050908202817282,-3.6864983985035837,-4.911462021134917,-1.8650455908910777,17.014482624570814,-7.890499814123957,53.611080746419724,17.2336082563531,-66.57508270911137,67.86040060441249,24.51410577576173,75.01045701228195,0.09378681593252747,85.49308347702026
-3.9117519277933774,-1.3210596867434516,0.8070834035398211,-3.680072742342481,-4.910150350234419,-1.8630530076329848,17.397707318038393,-8.216265893114842,53.91169906016585,17.095637411991138,-66.47880838767703,67.83388377799831,24.557332183087127,75.04794660816907,0.05698632925886837,85.54561710357666
-3.9102077602421907,-1.3206267559155238,0.8074346504828512,-3.678528574791294,-4.909717419406491,-1.8627017606899547,17.307480019237907,-8.125470259060819,53.82720640157308,17.20745308212558,-66.458108263908,67.8295022324706,24.57157891370096,75.05586233472324,0.05717105093494279,85.55769038200378
-3.9085904222676398,-1.3204292363279833,0.8080629733240313,-3.676911236816743,-4.90951989981895,-1.8620734378487747,17.171135326401778,-7.879967917587888,53.73275399252922,17.431596448512767,-66.43166794037771,67.82061880112785,24.578738977819498,75.06649455349887,0.05735449754574784,85.57027292251587
-3.9052897048653774,-1.319787001716987,0.8091036197200663,-3.6736105194144804,-4.908877665207955,-1.8610327914527396,17.200294380618438,-7.805509961781369,53.82296052110564,17.464946809233098,-66.38208706395204,67.80645897740385,24.600624171104677,75.08602474191571,0.05773753799269077,85.59717297554016
-3.9037708187408175,-1.3193590268508433,0.8094113840852583,-3.672091633289921,-4.9084496903418104,-1.8607250270875477,17.28403226339207,-8.001238892392772,53.90223202527851,17.280627420480737,-66.36291195675447,67.80233586898761,24.6158690408185,75.09368392662941,0.006327133913264227,85.60953998565674
-3.9005439729605857,-1.3185723395719269,0.8104783178568042,-3.668864787509689,-4.907663003062894,-1.8596580933160016,17.683543646457334,-8.449157723138905,54.20814804043525,16.985014540465485,-66.31041677759589,67.79004793489642,24.63574535483342,75.11205001391683,0.03944839051991522,85.63689374923706
-3.898757403024667,-1.318308281128348,0.8109776238786409,-3.66707821757377,-4.907398944619315,-1.859158787294165,17.35703907139397,-8.17084381608057,53.95374135564532,17.199501389098685,-66.2869101972851,67.78169003827661,24.649704498737783,75.12290350004072,0.12417624644027647,85.64928102493286
-3.8949018229910983,-1.3175565364400517,0.8124135247153677,-3.6632226375402017,-4.906647199931019,-1.8577228864574384,17.405486302023746,-7.897243303125513,53.88325819632708,17.73081543993883,-66.22168767977637,67.76392801189712,24.66876890733619,75.14649754378623,0.12451671025338751,85.68077445030212
-3.8934676002618467,-1.3170714677571034,0.8128450226493544,-3.66178841481095,-4.90616213124807,-1.8572913885234517,17.353398452974506,-8.00481590292435,53.90990101381949,17.517584802954275,-66.19770698788508,67.76022454826422,24.67889276058824,75.1537549465673,0.12460009417524542,85.69263863563538
-3.8904006272004747,-1.3165195639514078,0.8139127167821425,-3.658721441749578,-4.905610227442375,-1.8562236943906636,17.45397666022457,-7.953621953683155,53.91016560430125,17.766086693928717,-66.14894373795917,67.74588134441603,24.69647020750057,75.17255909323549,-0.043975740321364754,85.7172441482544
-3.888947978050066,-1.3160674484873809,0.8144131477930178,-3.6572687925991696,-4.9051581119783485,-1.8557232633797882,17.44528394228716,-8.082894249790392,54.03042380628056,17.454271566540225,-66.12314681590722,67.7413294723224,24.70484073565285,75.18035681348833,-0.08143827438703699,85.72974348068237
-3.8851678824904416,-1.315216150217841,0.8157149666990967,-3.653488697039545,-4.904306813708809,-1.8544214444737093,17.619457446853932,-7.778424317259402,54.12324987429443,17.96257307338058,-66.06090805223604,67.72565539194092,24.72692876146516,75.20252885690702,0.017422050156251423,85.75950360298157
-3.883792273886164,-1.3148953240140338,0.8164057485486224,-3.6521130884352675,-4.903985987505001,-1.8537306626241836,17.575254688649043,-7.732833740057078,54.092927080760866,18.012819591361705,-66.03097067143098,67.71895853674413,24.728270853674868,75.21127109657391,-0.03417625910334987,85.7716417312622
-3.8790442386938833,-1.3135768139274606,0.8180342637287272,-3.6473650532429867,-4.902667477418428,-1.8521021474440786,17.43827202384474,-7.805563422418337,53.994399979233094,17.947366339140256,-65.94919536259182,67.70211817234713,24.756184982444566,75.23770525017423,0.12096068536656279,85.8102035522461
-3.875758400143227,-1.3126304559286543,0.8194356835515938,-3.64407921469233,-4.901721119419622,-1.8507007276212122,17.677565224655133,-8.150249425510674,54.29659138616627,17.52932720712814,-65.88306174202785,67.68940179673717,24.76704096950588,75.2567510663971,0.02249858088018719,85.83767509460449
-3.873830440029147,-1.3118896064265573,0.8200468774351717,-3.64215125457825,-4.9009802699175244,-1.8500895337376342,17.717881474366944,-8.317346696601946,54.405501419371156,17.276634980947556,-65.84833475432704,67.68517675044016,24.779846348791533,75.2661530943157,0.055397419225204025,85.85301542282104
-3.870471070794161,-1.3112565971039103,0.8216314577743203,-3.6387918853432644,-4.900347260594877,-1.8485049533984856,17.54154975608686,-7.964380381080429,54.33095161865997,17.55509986964741,-65.78080649258222,67.66740991628905,24.786545257018993,75.28808984303548,0.03677407850584924,85.87879037857056
-3.8686857931656937,-1.3106737850837076,0.8225177191206072,-3.637006607714797,-4.899764448574675,-1.8476186920521989,17.40819635271566,-7.784071696282682,54.25097386773599,17.70070669199437,-65.7397077121902,67.66059702845587,24.78855513593674,75.29848944083673,0.07894283497615007,85.89356231689453
-3.865612675001904,-1.3096660682006023,0.8238783703824948,-3.6339334895510076,-4.89875673169157,-1.8462580407903113,17.62671602746919,-7.986472263296312,54.40910798532782,17.623041297301814,-65.67426922475278,67.64974283635077,24.79716540470891,75.3158184006862,0.15399082334667558,85.918466091156
-3.8639289412267446,-1.3090190465306337,0.8243949610692421,-3.632249755775848,-4.898109710021601,-1.8457414501035638,17.46155674600674,-7.980190361238924,54.37600290546928,17.456520115193978,-65.6444362141033,67.64608019396388,24.80896827673941,75.3239962106275,0.013295331959984225,85.93117880821228
-3.8606728148326717,-1.3080712289952796,0.8260744073713131,-3.628993629381775,-4.897161892486247,-1.844062003801493,17.42244712504943,-7.90030498479307,54.207545571290446,17.794757355766066,-65.56911125857384,67.63186974905415,24.810805964782357,75.34388026159631,0.1351974762643673,85.9565601348877
-3.8589559257174058,-1.3075443629610393,0.827014714555813,-3.627276740266509,-4.896635026452007,-1.843121696616993,17.54344543383715,-8.08692748107774,54.272046404783346,17.705598389235423,-65.52717784234538,67.62438458364895,24.81004272704207,75.35440297929986,0.06473775165260687,85.97083735466003
-3.8556085585178543,-1.306127060808812,0.8284946949736158,-3.6239293730669577,-4.89521772429978,-1.8416417161991903,17.670669734089536,-8.291800619041185,54.39132061006493,17.554872044553964,-65.45091957487175,67.61616106753863,24.81933097582796,75.37148880991924,0.08802900138656877,85.9978563785553
-3.85380099166318,-1.3056635260620582,0.8291956929488414,-3.6221218062122835,-4.8947541895530255,-1.8409407182239645,17.460132709892864,-8.449898579732197,54.35834686116806,17.143400161660853,-65.41760068442724,67.60868855519954,24.827671858310726,75.38212323535575,0.11627411573363311,86.01068139076233
-3.8505173107298964,-1.304671763841945,0.8311362058063109,-3.618838125279,-4.893762427332913,-1.839000205366495,17.437086595169585,-8.168061447529485,54.26396188666727,17.61338478763793,-65.33293618315638,67.59330716316032,24.821781472356832,75.40286989730205,-0.7472334834510734,86.036128282547
-3.847178336290548,-1.3032903161169687,0.8327254388290267,-3.6154991508396512,-4.892380979607936,-1.8374109723437793,17.55432082401256,-8.397523101415228,54.595431312364376,17.099627139349668,-65.25355496023609,67.58399638391488,24.827575862198135,75.4205318686356,-0.04836998995837671,86.06399869918823
-3.845553300831105,-1.3027097044626152,0.8335494255566982,-3.6138741153802085,-4.891800367953582,-1.836586985616108,17.679390416094478,-8.323544528066694,54.67564089342932,17.276958397047125,-65.21468226201529,67.57810477929995,24.82888132051699,75.42983461935748,0.012537870959657305,86.07647705078125
-3.8439573279108243,-1.3022532597584464,0.8346292406335203,-3.6122781424599277,-4.891343923249414,-1.8355071705392856,17.634545952925333,-8.31117901301933,54.62103766713687,17.333338102567975,-65.16944414888007,67.56953446542323,24.821717241931978,75.44055425058123,0.11090027931420554,86.08914756774902
-3.8406379766332,-1.3011053800646941,0.8363232753942617,-3.6089587911823036,-4.890196043555662,-1.8338131357785443,17.519155809666753,-8.513221915092807,54.44166428894258,17.269285214473957,-65.09024529475897,67.55692120225618,24.824064492671525,75.45983782194226,0.11073759229766367,86.1139190196991
-3.837394724153348,-1.2997863767404005,0.8380908059341482,-3.6057155387024515,-4.8888770402313675,-1.8320456052386578,17.787965047772758,-8.619841052291504,54.68753593103554,17.248414301858222,-65.00605731072562,67.54624722161536,24.82265658166619,75.47794694782843,0.06351505811267266,86.14066123962402
-3.8358462469893073,-1.2991824737374753,0.8390019506968502,-3.6041670615384107,-4.888273137228443,-1.8311344604759556,17.976051271937752,-8.575155579135314,54.76090617371186,17.496464252441573,-64.96406024472992,67.5404664137081,24.819871519232116,75.48697867857821,0.08211508441426041,86.1536123752594
-3.8326838481855656,-1.2980968130949717,0.8408769973409436,-3.601004662734669,-4.8871874765859395,-1.8292594138318625,17.603327774012424,-8.607625895753408,54.55032743216073,17.275286199776342,-64.88013660236464,67.52681114205961,24.813830393963844,75.50633642131992,0.15221002651195104,86.1784999370575
-3.8310329615748735,-1.2974127700766602,0.8417807432275075,-3.599353776123977,-4.886503433567627,-1.8283556679452984,17.61273514710653,-8.626128679857073,54.6872164520752,17.09353220106608,-64.83690450044644,67.52143459879292,24.812964050062657,75.51551743726692,0.17081327199405383,86.19199299812317
-3.8262623610866715,-1.2956737285682431,0.8447589797966756,-3.594583175635775,-4.8847643920592105,-1.8253774313761304,17.887295659385966,-8.956783744521513,54.874153552840774,16.957542287387522,-64.70375287894329,67.50103958574789,24.79895099905287,75.54470063129104,0.062355826931436376,86.23082327842712
-3.8230582168294656,-1.2945075156560752,0.8468170015818025,-3.591379031378569,-4.883598179147043,-1.8233194095910035,17.971347989452692,-8.747896390178171,54.83847766649949,17.419782258975406,-64.61244529286537,67.48691966754858,24.787654383636962,75.56453449752728,0.10418556520899003,86.25655770301819
-3.8179182095729303,-1.292408414677463,0.8501327113926381,-3.5862390241220337,-4.881499078168431,-1.8200036997801678,17.733646547928387,-8.846373072741736,54.888845359237045,16.980572156324087,-64.46179704773985,67.46670796147012,24.7688116172965,75.59512845894484,-0.023241105084363944,86.29945635795593
-3.8164083294083193,-1.2918815837015123,0.851237787918718,-3.5847291439574227,-4.88097224719248,-1.818898623254088,17.82804932070539,-9.181108994718056,55.005310992684755,16.616637068909732,-64.41471479337464,67.45896508383923,24.759121014047345,75.60509181015313,-0.023485376463815655,86.31300806999207
-3.8130381526376493,-1.2906632801040714,0.8536864711546043,-3.5813589671867527,-4.879753943595039,-1.8164499400182017,17.991946235712618,-9.484982898775648,54.964729085687914,16.662094525085696,-64.30952133509929,67.44220873064782,24.737969992230163,75.6270418563811,-0.02404217766279615,86.34070372581482
-3.81154123942866,-1.2901291421050745,0.8546160373541604,-3.5798620539777635,-4.879219805596042,-1.8155203738186456,17.914212474998795,-9.406597771382916,54.78337397658851,16.925441185791346,-64.26803657076553,67.43553013723763,24.7336371308447,75.6362966858077,0.12592798711634767,86.35228753089905
-3.8088598554301596,-1.289029761486339,0.8564443316076186,-3.577180669979263,-4.878120424977307,-1.8136920795651874,17.807259157159844,-9.570191146202848,54.88208709970885,16.498757362778626,-64.18611067717843,67.42428725899225,24.720490781470243,75.6526244417844,0.1301748793374271,86.37715172767639
-3.8074251896504188,-1.2884480965773435,0.857428716625691,-3.575746004199522,-4.877538760068311,-1.812707694547115,17.917977736406204,-9.566559079654605,55.01133458245418,16.502713254480796,-64.1421751307474,67.41813839539053,24.713246084809423,75.66142530034121,0.017334305018620988,86.38954067230225
-3.804278132075383,-1.2871820486795849,0.8596006341002066,-3.5725989466244865,-4.876272712170552,-1.8105357770725994,17.979435043589298,-8.988229894283576,55.11701529506498,17.11613079185697,-64.04553418386556,67.40440909538333,24.69691193245694,75.68084514717482,0.12002770127397078,86.41708612442017
-3.802783374364172,-1.2867249659929765,0.8605552153942567,-3.5711041889132753,-4.875815629483943,-1.8095811957785493,18.048342995028733,-8.83093128222262,55.07419256445757,17.478184027402822,-64.00447503666862,67.39660910728473,24.691731976756156,75.69064247772253,0.09173168617253769,86.4294273853302
-3.7998694194120524,-1.285511196516673,0.8624988549561129,-3.5681902339611558,-4.87460186000764,-1.807637556216693,17.731528792547515,-8.665607933726053,55.11267080392735,17.179919476953913,-63.91646838054994,67.38465916310042,24.67868369671573,75.70817974550408,0.09125808723612394,86.45566511154175
-3.798466932690677,-1.285032823837544,0.8635556074416647,-3.5667877472397804,-4.874123487328511,-1.8065808037311413,17.789823166925473,-8.701047498730164,55.23692975358531,17.06775693675496,-63.87191604309646,67.37696770113084,24.668533349635617,75.71765243111678,0.09101816324628764,86.46830344200134
-3.795068685278683,-1.2837358885410888,0.8659799092663557,-3.563389499827786,-4.872826552032056,-1.8041565019064503,17.597973819350234,-8.47620556965522,55.08956223763769,17.309684365829224,-63.76610430394763,67.36063882718145,24.64819075900299,75.73935957427054,0.07167300147408451,86.49696826934814
-3.793430548710471,-1.2831599099154185,0.867309578472062,-3.5617513632595745,-4.872250573406386,-1.802826832700744,17.79955482893127,-8.506838499758846,55.15148178767378,17.521846869056755,-63.71070490122628,67.35124752993508,24.633150301395073,75.75066826232602,0.2167810691708505,86.5115692615509
-3.790038110415548,-1.281888443060165,0.8701218203933984,-3.5583589249646512,-4.8709791065511325,-1.8000145907794076,17.82207949328309,-8.708266491403458,55.282721615348336,17.20697300901036,-63.592800291448825,67.33230090127792,24.599931564644642,75.7738523726195,0.2066335201302767,86.5407497882843
-3.788498601675902,-1.2812627925310838,0.8713299466011463,-3.5568194162250055,-4.870353456022051,-1.7988064645716597,17.841357373899275,-8.67587328291478,55.3014484850558,17.274283083591975,-63.540687867462694,67.32462074172248,24.586997097433994,75.78386699389817,0.056161264891690266,86.55363869667053
-3.7853410947336465,-1.2801500130973047,0.873914040491378,-3.55366190928275,-4.869240676588272,-1.796222370681428,17.873060505965288,-8.386499876549413,55.378495966620655,17.581791365125188,-63.43321948100461,67.30620618049345,24.557036222620873,75.80576821137487,0.18686633709087186,86.5793707370758
-3.7836813944995353,-1.2794690548378853,0.8751431469070988,-3.5520022090486387,-4.868559718328853,-1.7949932642657072,17.817819678058786,-8.279689702317357,55.45275729857901,17.533131128351393,-63.379295026495086,67.29834866768039,24.54540344330013,75.81629163849804,0.18653677054244522,86.59167385101318
-3.780397808682937,-1.27823833496707,0.8780324873040385,-3.5487186232320402,-4.867328998458038,-1.7921039238687675,17.843365502146874,-8.018821859099342,55.596380414839764,17.703612115225635,-63.25983275485944,67.2787367226968,24.507367710259665,75.83936828098724,0.0637228771793259,86.61803030967712
-3.7786625519861854,-1.2778208227182282,0.8795447577582979,-3.546983366535289,-4.866911486209196,-1.790591653414508,17.835575106631662,-7.877620086555317,55.467210252294656,18.07895571313973,-63.20109416283767,67.2657004521814,24.487846876920287,75.85286412772936,0.0024063263386127076,86.63019037246704
-3.7756579532096963,-1.2766673322409428,0.8824197868244258,-3.5439787677587997,-4.86575799573191,-1.7877166243483802,17.880223733330983,-8.31107000648282,55.49755185508198,17.690851362494506,-63.083959342033054,67.24657426197618,24.445172787462432,75.87464226102719,0.0859691674199512,86.65409922599792
-3.773314133980998,-1.2757984113758876,0.8843642007102238,-3.5416349485301013,-4.864889074866855,-1.7857722104625822,17.741993605338976,-8.47889315815662,55.41824181789785,17.465649705894126,-63.002701438170995,67.23295837435205,24.421640601481563,75.89079936312957,0.07136303977952707,86.67072892189026
-3.7664694386323263,-1.273228937566679,0.8905997254663881,-3.5347902531814297,-4.862319601057647,-1.7795366857064179,17.934316396278142,-8.882860806710715,55.527645990157126,17.297411711536594,-62.747106799682456,67.18997563481693,24.333977386147048,75.93976556065105,-0.27298587677337416,86.72049736976624
-3.7645195833350584,-1.2724883538762535,0.8920999130693968,-3.532840397884162,-4.861579017367221,-1.7780364981034091,17.96676905007605,-8.625271194538948,55.51928527012542,17.676944613683997,-62.6830068891938,67.17936347624891,24.318035829822367,75.95273771272292,0.10196143598299656,86.73317813873291
-3.758438657643209,-1.2700937254102245,0.8976962854849321,-3.5267594721923126,-4.859184388901192,-1.772440125687874,18.003655838100997,-8.767351961272789,55.719249479595945,17.404845200274412,-62.45239440696589,67.14157285653964,24.237341382666536,75.99588454979688,0.10491932488742695,86.77573585510254
-3.7566435779928753,-1.2695418523260251,0.8996008510303611,-3.5249643925419787,-4.858632515816993,-1.7705355601424448,18.033664431712573,-8.875258397362574,55.802148412130364,17.244998109135825,-62.37897196619686,67.12703170761714,24.20503977271049,76.01038944984984,0.1653437104186395,86.78833293914795
-3.7527872634118005,-1.2681118940054006,0.9029307249457991,-3.521108077960904,-4.857202557496368,-1.767205686227007,17.993187474604795,-9.219117200763936,55.70898245721792,17.033779319495657,-62.24135399586197,67.10304528613861,24.160781599788518,76.0375638392209,0.08932246696431889,86.81339979171753
-3.7461926541106347,-1.2659445671569745,0.9088467284475453,-3.514513468659738,-4.855035230647942,-1.7612896827252607,17.965603618769283,-8.997478582942962,55.70941986930264,17.362585365787233,-62.00395240353636,67.05710395376306,24.07725241702035,76.08645862726122,0.2425321307624273,86.85464477539062
-3.7402872370533977,-1.2637216265523075,0.914329680079157,-3.508608051602501,-4.852812290043275,-1.755806731093649,18.032108745956588,-9.30697630904287,55.61282025594852,17.39620693382104,-61.78078307447772,67.01769067300722,23.99535371903025,76.12931391540006,0.010954113225865925,86.89292240142822
-3.7336021340431937,-1.2611272189706184,0.9203882637217516,-3.501922948592297,-4.850217882461585,-1.7497481474510543,17.933062611481496,-9.882486537729,55.64188296046241,16.729932458435975,-61.531674026201976,66.97439382024479,23.906842029864762,76.17695105802561,0.20613522670414497,86.93525719642639
-3.731787021927765,-1.2602762487514425,0.9219197649596947,-3.500107836476868,-4.8493669122424095,-1.7482166462131112,18.05267843847091,-10.20340905356942,55.8194892753069,16.342642430609462,-61.46505452051872,66.96494133489345,23.886462774397696,76.18866916993724,0.09770382088198204,86.94800353050232
-3.721625635914444,-1.2565730632221337,0.9308798590869832,-3.4899464504635476,-4.845663726713101,-1.7392565520858227,18.097290705093403,-9.929217157081965,55.741614025527454,17.020608532781612,-61.09895391742985,66.89673701509467,23.758752895339388,76.2618166547107,0.11384277981230007,87.01133489608765
-3.717928595418858,-1.25491575680821,0.9341929780911352,-3.4862494099679613,-4.844006420299177,-1.7359434330816708,18.052903572708708,-9.981752314544167,55.813019529010774,16.874647074636634,-60.958650156350565,66.87487504375457,23.709848356937904,76.2868678838648,0.07048368706053054,87.03580236434937
-3.715950659496686,-1.2543661374125574,0.9361093600689913,-3.4842714740457894,-4.843456800903525,-1.7340270511038147,18.022822086719938,-10.161526728365246,55.78031802962358,16.72613684569319,-60.88516496236986,66.85833034708904,23.678781895434586,76.30271242625312,0.08403583819105354,87.04833030700684
-3.7116843510630173,-1.2524496748132097,0.9398591346128818,-3.4800051656121207,-4.841540338304177,-1.7302772765599241,18.08165801036571,-10.839850708459071,55.85768983042462,16.075364995576038,-60.725579869909794,66.83331662763445,23.624419161738995,76.33139665618829,0.12498440007176637,87.07639765739441
-3.7094977665214732,-1.251624237807057,0.9420187777899541,-3.4778185810705766,-4.840714901298025,-1.7281176333828518,18.241075160360545,-10.953082765007323,55.933372366213426,16.12435605075646,-60.6392222046236,66.8171045514215,23.58824846082139,76.34781747885194,0.09612947989733023,87.09181618690491
-3.7032010661176833,-1.2491244363845937,0.9478717946743488,-3.4715218806667867,-4.838215099875561,-1.7222646164984572,18.29604401851111,-11.193765004363627,55.840776739373,16.21503027503803,-60.39990723693166,66.773830042949,23.496182487025187,76.39320902632895,0.014465260951296521,87.13326668739319
-3.6999846451372957,-1.2477520585442705,0.950883681483717,-3.468305459686399,-4.836842722035238,-1.719252729689089,18.376459957477273,-11.108061091762663,55.952875680212784,16.327589266012403,-60.27531508444392,66.75249401038991,23.448022720126826,76.41594519159233,0.09788501532615346,87.15620732307434
-3.697943095170925,-1.2470238842771302,0.9526691301209468,-3.4662639097200283,-4.836114547768098,-1.7174672810518592,18.240406745912573,-11.043180603364117,55.99456577345217,16.18144889382713,-60.20280339787014,66.73806284634608,23.421835149088036,76.43078801073874,0.13958672712007658,87.16877698898315
-3.692052867994157,-1.2442898326554137,0.9583884625867308,-3.4603736825432603,-4.833380496146381,-1.7117479485860752,18.069134118112604,-10.889665706446806,56.05055986190142,16.14324204505904,-59.96445150086439,66.69972509771812,23.325571010121955,76.47189849906648,0.12809562495281668,87.21115303039551
-3.688157133674307,-1.2427262093445914,0.9623316250826296,-3.4564779482234105,-4.831816872835558,-1.7078047860901764,17.892032232804347,-11.28424625120136,55.94535030982205,15.710102008552248,-59.806477795667,66.6702742316807,23.255886038949093,76.50106969861487,0.08450343965658025,87.23917508125305
-3.6858368022386445,-1.2417214177807148,0.9648509868222069,-3.454157616787748,-4.830812081271683,-1.705285424350599,17.976542410038302,-11.583822485122107,55.999840889197486,15.495031218880836,-59.70581262432285,66.65235532457615,23.208109763422325,76.5186002677485,0.060106342643169164,87.25684857368469
-3.683894699181213,-1.2408110777664354,0.9671230433150396,-3.4522155137303163,-4.829901741257403,-1.7030133678577664,18.05909451282065,-11.451921080035717,55.98903354253161,15.812808186900027,-59.615269498961794,66.63701209012478,23.162166710494827,76.53342189215722,0.031051967255518065,87.27208304405212
-3.6804835084157324,-1.2393065200636695,0.9706806642394786,-3.4488043229648357,-4.828397183554637,-1.6994557469333273,18.085908120531194,-11.569852776278653,56.04225073997067,15.728145418553222,-59.47143233837955,66.61169504533078,23.09660614368018,76.55856897842912,0.029730396259942893,87.29727363586426
-3.678778431291538,-1.2385931814318583,0.972377921579089,-3.4470992458406413,-4.827683844922825,-1.697758489593717,17.97572442071957,-11.252686800696322,56.00914773235296,15.983871896003434,-59.402788151069394,66.59907350007855,23.066616570783967,76.57109937077523,0.08073819994984355,87.30987286567688
-3.6753980823834254,-1.2369619921304627,0.9763792770139429,-3.4437188969325288,-4.82605265562143,-1.693757134158863,18.20173515851031,-11.090473529182763,56.15627604579344,16.347987745871134,-59.24315669076333,66.5721707730878,22.984093096703102,76.5968104742812,0.02750143708642172,87.33685326576233
-3.672048512307764,-1.2355591848379974,0.980471364001514,-3.4403693268568674,-4.824649848328965,-1.689665047171292,18.00533030185814,-10.74359673939929,56.19466466289456,16.449088656083006,-59.085258673980164,66.5420392244623,22.897395949824606,76.62395145328955,0.09160463265018981,87.3634774684906
-3.670344097100154,-1.2349299021551159,0.9824774231694714,-3.4386649116492576,-4.824020565646084,-1.6876589880033346,17.89360895764988,-10.742434597203468,56.15223422139025,16.386658147693307,-59.00891364048669,66.52618193623974,22.855867480687795,76.63800184725872,0.19409710610495257,87.37607312202454
-3.668592615543471,-1.2340673728297018,0.984650716420593,-3.4369134300925746,-4.823158036320669,-1.685485694752213,18.007007759975185,-11.061689179583265,56.19835237740445,16.19287532830146,-58.923000548418074,66.51153688786711,22.80898741353717,76.65156282396042,0.06181964427691966,87.39085912704468
-3.6640359289388083,-1.2318817676463156,0.9902913108194381,-3.4323567434879116,-4.8209724311372835,-1.6798451003533679,18.260662610504003,-11.329376027218876,56.353706890732475,16.16553433981816,-58.70121720358878,66.4725989616888,22.686923891644213,76.68714250782493,-0.001506066134516093,87.42754650115967
-3.660697702020306,-1.2305280915230714,0.9946094228548409,-3.4290185165694096,-4.819618755014039,-1.675526988317965,18.336111302468424,-11.066832310343344,56.536777695212145,16.362807800769033,-58.53803584431561,66.43976461890458,22.59024609639139,76.71525396154017,0.15162918511885692,87.45556378364563
-3.6592267959702034,-1.2295281745269935,0.9963824979685557,-3.427547610519307,-4.818618838017961,-1.6737539132042503,18.33991102185025,-11.0578191924369,56.592433357921756,16.336829851662664,-58.46239517922316,66.4306785042759,22.552117454446144,76.72488267229281,0.07568943628889535,87.46833610534668
-3.6552135043796783,-1.2275616017038136,1.0003209580276269,-3.4235343189287817,-4.816652265194781,-1.669815453145179,17.579939186476203,-10.618613387504032,56.14582180395574,16.430728904886543,-58.29796692812674,66.4032391966285,22.480630681660468,76.75263343993332,0.06944835295036222,87.49607396125793
-3.653289236622588,-1.2267030525535705,1.0027857624763907,-3.4216100511716916,-4.815793716044538,-1.6673506486964154,17.468001061151263,-10.605172204485728,56.07150361799237,16.435943085322624,-58.20336344816771,66.38508898378569,22.42514466140108,76.76831486704077,0.1059767551534514,87.51111650466919
-3.649875264995939,-1.2252484017468612,1.0068392448579342,-3.4181960795450426,-4.814339065237829,-1.663297166314872,17.454600076192477,-10.516134217184465,56.08003099806754,16.57823486150604,-58.04665728472038,66.35414994316265,22.338011099834777,76.79549610394226,0.0011702150601529127,87.53601789474487
-3.6481770308212558,-1.2243372694520689,1.0090899760109164,-3.416497845370359,-4.8134279329430365,-1.6610464351618894,17.416656257388638,-10.730553633242492,56.1428108795355,16.245587469619615,-57.95807252655042,66.33917586895798,22.285855322919133,76.80869448400077,0.06115951440137346,87.55087614059448
-3.6444951690364387,-1.2225441914377129,1.0139496279038158,-3.412815983585542,-4.8116348549286805,-1.6561867832689903,17.623983591134326,-10.893673702624724,56.239636051901265,16.332038997384323,-57.770347093989514,66.30459459282555,22.17304666667735,76.83829713077506,0.07315228509738914,87.57975912094116
-3.6425599752937585,-1.22185827754022,1.0160064840934262,-3.410880789842862,-4.810948941031187,-1.6541299270793797,17.278128011692104,-10.809165715858152,55.98855068394449,16.32235698509368,-57.691717914639135,66.28690014378587,22.13189028839512,76.8537356958468,0.10059021361425069,87.59257674217224
-3.6390375762491933,-1.2199646573712093,1.0207032118194665,-3.4073583907982967,-4.809055320862177,-1.6494331993533395,17.50277901586585,-11.262862964032417,56.2573425023885,15.873159171363712,-57.507563242889795,66.25511309300111,22.021282412080563,76.88117827549979,0.0797131192073035,87.62115740776062
-3.636890325396051,-1.2189455163912917,1.0234399343115386,-3.4052111399451546,-4.808036179882259,-1.6466964768612675,17.606939054794154,-10.997894389260257,56.384408242041815,16.170063918086928,-57.40184939649432,66.23498267113665,21.95825100786086,76.89828223643218,0.017562691048137236,87.636474609375
-3.635259124793607,-1.218152624743521,1.0253477833697024,-3.4035799393427104,-4.807243288234488,-1.6447886278031034,17.772816345003083,-10.854133486453875,56.42002028488322,16.554273727922133,-57.326335746859684,66.22104912152952,21.916597896239477,76.91061909210148,0.14344127428142484,87.64866137504578
-3.631759710931109,-1.2165194727578588,1.0297575633172165,-3.4000805254802122,-4.805610136248826,-1.6403788478555896,17.63854704697596,-11.054982114134026,56.33964001586651,16.34954423635252,-57.1563724699778,66.18799707106095,21.815037381565766,76.93849538569663,0.1838148112168536,87.67350888252258
-3.6267379167260465,-1.2136177981009688,1.035965871951841,-3.39505873127515,-4.802708461591936,-1.6341705392209651,17.81636786493931,-11.121842989249702,56.647414987111695,16.219185304919794,-56.905309674863986,66.14725345853692,21.672838198278445,76.97488593400439,0.14810163555721978,87.7105062007904
-3.6229505736839345,-1.2119873908948329,1.0408007553466945,-3.3912713882330374,-4.8010780543858,-1.6293356558261114,17.681905620658107,-10.7573259793483,56.58781844434993,16.583901761763112,-56.722818820207856,66.10888741468449,21.559046888142017,77.00604898549287,0.042898592614386555,87.73606181144714
-3.621086003109887,-1.21085435346444,1.043583428499601,-3.3894068176589904,-4.799945016955407,-1.626552982673205,18.26006458740865,-11.524210302275975,57.19203170373273,15.793556427835366,-56.614593942081115,66.09068093377219,21.487600203568697,77.02074668107174,0.04154732101784786,87.75126266479492
-3.6182429646068948,-1.2098087948078613,1.046995642321387,-3.386563779155998,-4.798899458298829,-1.6231407688514188,17.66744778161209,-11.188076311808869,56.501039223958514,16.355022341646343,-56.48790345777604,66.06117804646344,21.409615164534404,77.0444835276918,0.04025318764687391,87.76892876625061
-3.614399146349468,-1.2076924758573737,1.052008132434049,-3.382719960898571,-4.796783139348341,-1.6181282787387572,17.752566506693498,-11.30764251446779,56.66779342214592,16.210274506230327,-56.29098810980658,66.02597705029501,21.288542209931926,77.07375915496765,0.1458587907594855,87.79624819755554
-3.612441874379884,-1.2067018640729308,1.054191742816455,-3.3807626889289875,-4.795792527563898,-1.6159446683563512,17.69971386789283,-11.286163904598588,56.72167715266386,16.12294793942113,-56.20338972573156,66.00966041826993,21.240647725243857,77.08801448563204,0.06985271666044524,87.80868244171143
-3.6083373015134,-1.2047762656008822,1.059536745742311,-3.3766581160625035,-4.79386692909185,-1.610599665430495,17.670784454211343,-11.238515300458689,56.591091288285654,16.425659543882272,-56.00053494563411,65.96794696963421,21.11038955076643,77.12118461094869,0.13323166326492641,87.83588337898254
-3.6060907304026406,-1.2037445611120792,1.0623934807649968,-3.374411544951744,-4.792835224603047,-1.607742930407809,17.792391198277794,-11.1959451519489,56.44036554639014,16.920430101178855,-55.89211893190229,65.9452364578032,21.04135336710012,77.13925171035837,0.13201427844027336,87.85067224502563
-3.6020399780164243,-1.2013851364075907,1.067328856748747,-3.3703607925655277,-4.790475799898558,-1.6028075544240592,17.92925384953294,-11.838984629876267,56.56151265969406,16.37363496305187,-55.69296875370168,65.9111520761816,20.924695463361388,77.16826384454087,0.0499279120431142,87.87772989273071
-3.6002430974627777,-1.2004510408841478,1.0695677848367189,-3.368563912011881,-4.789541704375115,-1.600568626336087,17.806144966294433,-12.082048577616398,56.649254988009844,15.864321777406191,-55.60556074889709,65.8943238777724,20.870760397169057,77.1819391587899,0.06768893720708613,87.88989734649658
-3.5965249832082287,-1.1985225208559949,1.0742890970689039,-3.364845797757332,-4.787613184346962,-1.595847314103902,17.563512855926792,-12.043602660846583,56.546481419490014,15.79586838222645,-55.42240133566165,65.858602455564,20.755234149529414,77.21053159643905,0.056174118026147024,87.91429686546326
-3.5945195217099037,-1.1974755874262941,1.0766127784664539,-3.3628403362590076,-4.786566250917262,-1.5935236327063522,17.543432097901164,-11.88223595562082,56.55361667414826,15.973508815639427,-55.33002228400324,65.84096307646759,20.70129201486837,77.22522871113492,0.2615762723845143,87.92709803581238
-3.5904723249142396,-1.1951245559501322,1.0818583209509884,-3.358793139463343,-4.7842152194411,-1.5882780902218174,17.993741679520646,-12.041842338882924,56.75219688551749,16.27591397037374,-55.12280843865959,65.80359397787011,20.570339178767203,77.25521010239297,0.216841647590575,87.95446562767029
-3.5883676747308413,-1.1936996166663896,1.0843527791022312,-3.3566884892799447,-4.782790280157357,-1.5857836320705747,17.929569974060026,-12.12346659709937,56.78828593270128,16.10543227296833,-55.01768544848199,65.78800494298281,20.511115912899676,77.26891227931034,0.07950007229182843,87.96852469444275
-3.584051025422479,-1.191496308794572,1.0897049723112144,-3.352371839971582,-4.78058697228554,-1.5804314388615914,17.727749035552304,-12.580519372054255,56.62294550761998,15.688371909246763,-54.81041037109233,65.74610463687273,20.379460259743468,77.30190556702297,0.17092689080558277,87.9959135055542
-3.5821927476935302,-1.1902503553192647,1.0918117837630064,-3.3505135622426336,-4.779341018810232,-1.5783246274097997,17.672039577321204,-12.663403390446833,56.54113381965398,15.689609605976356,-54.72073006549337,65.7327103057346,20.330408013988155,77.31378437673992,0.06663030743674714,88.00830411911011
-3.5756876565344373,-1.1863392203543552,1.1002220116739077,-3.3440084710835407,-4.775429883845323,-1.5699143994988984,18.20051650563271,-13.027083260704641,56.95976327899993,15.641480386140277,-54.38696403678842,65.67248894017878,20.116449018298265,77.36110051914642,0.05781560537161434,88.05281472206116
-3.5729879836348077,-1.1845475837341342,1.10374632846777,-3.341308798183911,-4.773638247225102,-1.566390082705036,18.390570037082735,-13.163451868579774,57.13766787155262,15.592043940452157,-54.24415276662289,65.64881162075966,20.02575894128362,77.37985105135216,0.13106650274483522,88.07215166091919
-3.569523514341162,-1.1824927644960992,1.107838711355413,-3.3378443288902653,-4.771583427987067,-1.5622976998173932,18.295530838439,-13.61397970592486,57.089697332770655,15.155970870651402,-54.078417400054306,65.61886511641077,19.92579409993524,77.40404079798276,0.021171486829417496,88.0951201915741
-3.567644793949645,-1.1815153463302632,1.1104023163992713,-3.3359656084987486,-4.770606009821231,-1.5597340947735345,18.2826372769181,-13.628362392996053,56.94473669024256,15.369990242374682,-53.98176258992756,65.59838185396433,19.85753549963698,77.41897677756624,0.019973798196024628,88.10765600204468
-3.563687036666876,-1.1788792464151288,1.1154613476822406,-3.3320078512159794,-4.767969909906096,-1.5546750634905655,18.331042509812224,-13.993464662844834,56.98985298227854,15.110281745821217,-53.77580087646399,65.56389379730231,19.72712493048072,77.4460637048375,0.14402552918730382,88.13616943359375
-3.5613173640681315,-1.1771902115749924,1.1185614585481218,-3.329638178617235,-4.766280875065959,-1.551574952624684,18.2835489597423,-13.967278181509938,57.17377052084392,14.885566082808559,-53.648235862041254,65.54372819102193,19.645890167627073,77.46184175071545,-0.00308789169783541,88.15415000915527
-3.5596638917240035,-1.1760762253588635,1.120929988954606,-3.327984706273107,-4.765166888849831,-1.5492064222182,18.19527399804942,-13.913352843997254,57.14646947146172,14.901824991366054,-53.55488093533536,65.52727805765913,19.580725050718517,77.47382600642632,0.08011772277729268,88.16647696495056
-3.5556683431321265,-1.1731436305772274,1.1261165495677812,-3.32398915768123,-4.762234294068195,-1.5440198616050247,18.301262211432636,-14.201874564726298,57.16492647795827,14.843261932406298,-53.33942161570968,65.49407030134448,19.444408402597045,77.49979319439876,-0.002485429641792436,88.19653820991516
-3.5517916776467686,-1.1704034509859085,1.1315592571540303,-3.3201124921958716,-4.759494114476876,-1.5385771540187758,18.384529516839887,-14.799788992265121,57.142520249818006,14.49560733001521,-53.12139079573217,65.45712983317927,19.294629672400077,77.52677391061574,0.02272680380540182,88.22705507278442
-3.548586067768162,-1.1680547177304494,1.1364319430524357,-3.3169068823172654,-4.757145381221417,-1.5337044681203702,18.12071308556696,-14.593619133063534,57.201404618135555,14.355470982944071,-52.9291903946767,65.4242383849929,19.155016508354432,77.54965255989525,-0.06440507553599728,88.2539701461792
-3.5461755352351116,-1.1665431085618043,1.139612738409241,-3.314496349784215,-4.7556337720527715,-1.5305236727635652,17.944400365233335,-14.183705867369008,56.97864360735245,14.893841163408762,-52.803770003034174,65.4004490286973,19.069023742210142,77.56692537128038,-0.06603426894552111,88.27212071418762
-3.541834927615163,-1.1631826808340104,1.1463046553828051,-3.310155742164267,-4.752273344324978,-1.5238317557900007,17.81746466444142,-14.16749213662799,56.87732198027746,15.004688142102257,-52.53766914421628,65.35638060811557,18.87446388369989,77.5970451304485,0.13661791521591882,88.30934023857117
-3.53885058778716,-1.1612455495107092,1.1507730571362855,-3.3071714023362633,-4.750336213001677,-1.5193633540365203,17.522749569745518,-14.078037136327321,56.71329074619484,14.998377116409777,-52.36680883122939,65.32286140571576,18.74495843814952,77.6195087700683,0.1201907394564552,88.33366394042969
-3.5376564228970295,-1.16011375368125,1.1534347286627225,-3.305977237446133,-4.749204417172217,-1.5167016825100836,17.70990439361868,-14.57547874924056,56.832120307007266,14.63540266308154,-52.26668320142543,65.3061265104267,18.657358417259225,77.62888198258429,0.10920783542424006,88.34665513038635
-3.5350995248363786,-1.1568468789082031,1.1585544000664796,-3.303420339385482,-4.7459375423991705,-1.5115820111063265,18.822086676498966,-15.321998448540283,58.21397736309437,13.626965557371603,-52.049946270348165,65.28371177629181,18.49403697569566,77.64234831816484,0.13382783403215326,88.3746428489685
-3.533179846208483,-1.15643602538847,1.161319533492534,-3.3015006607575863,-4.745526688879437,-1.508816877680272,17.82777920669748,-14.460546633739705,57.03604751312759,14.774611056898655,-51.96181034261971,65.25380704904534,18.413274378064678,77.66129222513267,0.13747383081216702,88.38757252693176
-3.5302178172984897,-1.1540313714372812,1.1675426239432292,-3.298538631847593,-4.743122034928248,-1.502593787229577,17.641133761108904,-14.439909078556006,56.719809673098474,15.069527784272607,-51.733757163761865,65.21027992848019,18.208890162459863,77.68561130930291,0.12451328754542423,88.4176971912384
-3.5289751002701846,-1.153019654040433,1.1699233980881791,-3.297295914819288,-4.7421103175314006,-1.500213013084627,17.451816184079515,-14.700826844082014,56.71455561465521,14.59809101188445,-51.64443709945218,65.19382086083895,18.13238797046442,77.69513140805391,0.16536141041661345,88.43031597137451
-3.52663799278413,-1.150898909602321,1.1746442679768108,-3.2949588073332334,-4.739989573093288,-1.495492143195995,17.386955202520667,-14.792064466185156,56.77241357905611,14.419253059924738,-51.465238552148705,65.16300198788711,17.97816904128786,77.71239119036517,0.09214689480989602,88.45440554618835
-3.525118151412606,-1.1497663956313415,1.177618070756548,-3.293438965961709,-4.738857059122309,-1.492518340416258,17.416455366351908,-14.701674307255912,56.75809176018062,14.617247956269852,-51.35694553000839,65.14103406332794,17.88122890748472,77.72475650119581,0.1936936551137256,88.46906638145447
-3.520673770067214,-1.1455649096945728,1.1871917244829202,-3.2889945846163173,-4.73465557318554,-1.4829446866898859,17.363198230539957,-14.654334360261,56.81465649510234,14.672060101096747,-50.997606729581165,65.07832064172565,17.56052653361423,77.75794522150285,0.04710812203006087,88.51892423629761
-3.519315951480176,-1.1445163213966278,1.190254759896085,-3.2876367660292796,-4.7336069848875955,-1.479881651276721,17.40907967722743,-14.614428369996213,56.7322628660156,14.932116787689509,-50.889640638778175,65.05536745371467,17.455848678375816,77.76976539704025,0.04536299972700819,88.53362536430359
-3.5160865448872465,-1.1415370246769638,1.1971803272090384,-3.28440735943635,-4.730627688167932,-1.4729560839637676,17.338880125201584,-14.64647717449155,56.885043466466534,14.708838569350117,-50.63213536420211,65.00849968867048,17.221758838473022,77.79398303170898,0.12092081445575786,88.57020139694214
-3.5126118391419214,-1.1383503939656998,1.2049882228444289,-3.280932653691025,-4.727441057456668,-1.4651481883283772,17.446580341056556,-14.639884770833648,56.95885499774013,14.885180362817099,-50.346829896612796,64.95433535199822,16.953146676472024,77.82090581263948,0.03643826381492765,88.61034107208252
-3.50927302473945,-1.1352615099664247,1.2122062862728211,-3.2775938392885533,-4.724352173457392,-1.4579301248999847,17.317068494707108,-14.464428705873907,56.946714072902324,15.018209346869027,-50.080427704897176,64.90442170849519,16.705609920175878,77.84569981703766,0.13525157074026684,88.64883017539978
-3.5068823626409724,-1.1331723767346802,1.2174115398230083,-3.275203177190076,-4.722263040225648,-1.4527248713497976,17.438866944293217,-14.680126286847297,56.98340692808292,15.000223136131742,-49.89196507073571,64.86678724689621,16.52563379333993,77.86415625106336,0.11805559166040647,88.67610025405884
-3.5053729526660504,-1.131952934828712,1.2204107492611649,-3.273693767215154,-4.72104359831968,-1.449725661911641,17.273011692326705,-14.584553464817184,56.84786103090388,15.10389587233291,-49.782975074661174,64.84431640346256,16.42375670831057,77.87562028950032,0.031841364249716175,88.69165062904358
-3.5019206242094167,-1.1290614385900566,1.227191114102319,-3.27024143875852,-4.718152102081024,-1.442945297070487,17.080609772233718,-14.494715528493476,56.830362341572986,15.068625787831763,-49.53394403588303,64.79431778920014,16.193331352947183,77.90094282718829,0.0700211972677578,88.72861123085022
-3.4976726906398383,-1.1253461482286062,1.235959751747869,-3.2659935051889417,-4.714436811719573,-1.4341766594249368,17.332003906020617,-14.126261964970759,56.99017386228792,15.710387146640851,-49.213850717917396,64.73009734697304,15.889709351879572,77.93202991915602,0.2101536490760112,88.77378106117249
-3.4962734537141276,-1.1240840793120221,1.2387309533997346,-3.264594268263231,-4.713174742802989,-1.4314054577730715,17.32400110643485,-14.01615477309828,56.9510936365625,15.912039107809722,-49.11081393868631,64.71017938278469,15.794369544859999,77.94170669833734,0.23190500137633263,88.78864741325378
-3.4938215059204136,-1.1219668216881236,1.243355071488522,-3.262142320469517,-4.711057485179091,-1.426781339684284,17.300940888881247,-14.252198458221262,56.992354818271636,15.665545704440163,-48.93866784661935,64.67613881992219,15.636664296382268,77.95859629419631,0.13056007354347887,88.81324982643127
-3.4921295547938165,-1.1209348208463124,1.246245143350686,-3.26045036934292,-4.7100254843372795,-1.4238912678221198,17.264477055678253,-14.201221309837589,56.91029100566506,15.82660347976956,-48.8376781658006,64.6507820380559,15.539663664059585,77.97199534887153,0.20406821467791225,88.82823824882507
-3.489179938017897,-1.1180531310563453,1.2519833799118847,-3.2575007525670006,-4.707143794547313,-1.4181530312609214,17.26917964995565,-14.290334722015691,57.09413423150502,15.59564249309546,-48.61903608903984,64.61122819286614,15.341600617376994,77.99064341155241,0.15817201984142093,88.85810708999634
-3.4877234715088816,-1.116779983439722,1.2543197850620262,-3.256044286057985,-4.7058706469306895,-1.4158166261107796,17.339097458417005,-14.568907727381792,57.24253625048299,15.25358135526229,-48.52738238943189,64.59439995085013,15.264942511947199,77.99951600226629,0.18486393366614262,88.87097477912903
-3.4843604690255114,-1.1145943647679564,1.2602138433167704,-3.252681283574615,-4.703685028258924,-1.4099225678560354,17.225961518964127,-14.493358688548657,57.1082525264433,15.456040604368255,-48.32087759304313,64.54332117547744,15.063464392257762,78.02551318571248,0.2801199188116281,88.89917397499084
-3.482810370926027,-1.1132855324740827,1.2630694205827115,-3.2511311854751304,-4.70237619596505,-1.4070669905900945,17.10283744165518,-14.608471600761801,57.114151886354335,15.214037120506733,-48.215363916009636,64.52147317689169,14.964781146037069,78.03602499521989,0.17046647008018923,88.91307353973389
-3.481113075828845,-1.1119566672007721,1.2655640781185307,-3.249433890377948,-4.70104733069174,-1.4045723330542754,16.947976711848614,-14.610144192410646,57.08255165688963,15.093516359347204,-48.11836778150047,64.50197924288932,14.88416651889798,78.04666027387995,0.11266548606356785,88.9262056350708
-3.477949742808899,-1.1097116963306157,1.271235876746537,-3.2462705573580024,-4.698802359821583,-1.398900534426269,16.89181379944403,-14.620357625861136,56.91860271755998,15.326819707119016,-47.91750383846545,64.45408369731247,14.68734520615515,78.07012608386466,0.23608239168544554,88.95208692550659
-3.4733097169584357,-1.1063275120919915,1.2788580165452434,-3.241630531507539,-4.695418175582959,-1.3912783946275626,16.74805526350157,-14.772298485161135,56.76088366503504,15.330687957838464,-47.63912963048201,64.39037541370669,14.428066415856508,78.10227635253145,0.13310799808585694,88.9886884689331
-3.4698817466091456,-1.1036314231542022,1.284627307598075,-3.238202561158249,-4.692722086645169,-1.385509103574731,16.796253970721153,-15.353518935144594,56.974334125051115,14.630450671125834,-47.4260180050242,64.3436267506092,14.229556132714482,78.12508715781779,0.14370899075556132,89.01535987854004
-3.4662051819391877,-1.1007614158551642,1.2908129113493527,-3.234525996488291,-4.689852079346132,-1.3793234998234534,17.00706151089377,-15.180566638250065,56.88071020533199,15.32441581031476,-47.19858213352113,64.29289775748241,14.015439763108981,78.1495655883158,-0.03361000324358043,89.04436373710632
-3.463085350717602,-1.0982236106989867,1.2958135649028022,-3.2314061652667054,-4.687314274189954,-1.374322846270004,16.807213218455612,-15.835886134575135,57.03454476637469,14.294088506536049,-47.00975468528876,64.25277744883891,13.844237815437378,78.1691159129172,0.19320769812693017,89.06886649131775
-3.453472339909784,-1.0909734242218363,1.309868781279758,-3.2217931544588874,-4.680064087712804,-1.360267629893048,16.994943872359162,-16.102208720698282,57.16423930774872,14.38748778256086,-46.47676470729993,64.13413287374439,13.371392155427847,78.22941596902191,0.26450807477980876,89.13976383209229
-3.449899668928819,-1.0881077151064158,1.3151571128695805,-3.2182204834779222,-4.677198378597383,-1.3549792983032254,16.84106559454315,-16.766736265205022,57.23879610202609,13.539152880934557,-46.27377573566664,64.09053023023584,13.191412906724194,78.2508353722579,0.24245672606000435,89.16907787322998
-3.4465270245750617,-1.0859158651773093,1.3195104749151207,-3.2148478391241655,-4.675006528668277,-1.3506259362576851,16.948673548681473,-16.86034869941086,57.151174688692,13.79613976379293,-46.11023516191926,64.04992329457833,13.048327142628459,78.27268368417232,0.02416131855916026,89.19354033470154
-3.4448457748003642,-1.0842201982748203,1.3217962442269426,-3.2131665893494676,-4.6733108617657875,-1.3483401669458632,17.03061298498693,-16.725702666837915,57.08370100574145,14.176708847358194,-46.01159626105155,64.03439448074906,12.973322627695653,78.28027496341268,0.09292234203836269,89.20845150947571
-3.4410403934072304,-1.0816355395045307,1.3261644744108572,-3.2093612079563343,-4.670726202995498,-1.3439719367619487,16.974291139537645,-16.92999661058552,57.015543740299925,14.091424753940192,-45.8379552482438,63.99424281046694,12.83603095386203,78.30311473858661,0.10914235246639992,89.23592495918274
-3.4391029798891126,-1.0800107398363676,1.328279041427015,-3.207423794438216,-4.6691014033273355,-1.341857369745791,16.91870131622919,-16.871092371438177,57.12573227829149,13.987630875798496,-45.74485214352073,63.977699139750825,12.771906360202204,78.31271044385359,0.21096405224542458,89.25154948234558
-3.4370199266236936,-1.0783900029504714,1.3301412925131983,-3.2053407411727965,-4.667480666441438,-1.3399951186596077,16.7834887956532,-16.92698752379865,57.12134765970751,13.816972782311613,-45.65767719700881,63.962413714508806,12.721404414523324,78.32293928130808,0.09716054581785682,89.26639485359192
-3.4316586257814583,-1.07453158136706,1.335477581682441,-3.1999794403305617,-4.663622244858027,-1.334658829490365,16.496426014993563,-17.10634382833512,56.981673266257886,13.58926658883248,-45.42800821897582,63.914708101224704,12.564473486188145,78.35217402595124,0.2252805606341397,89.30832314491272
-3.4279440028428407,-1.0717056899669402,1.3388020996007386,-3.196264817391944,-4.660796353457908,-1.3313343115720673,16.303177346777495,-17.18731819098821,56.7933627269577,13.602711228595123,-45.274220924084666,63.88632323870453,12.472965461997042,78.37080011114071,0.1856243764868757,89.33799123764038
-3.426397678322337,-1.070502131169144,1.3401003190805034,-3.1947184928714405,-4.659592794660112,-1.3300360920923027,16.38100987212307,-17.291860058095853,56.93171064068629,13.46301343929198,-45.21159939720192,63.87550716096396,12.438835867067207,78.3782281698151,0.22230900701233303,89.35062623023987
-3.423483976408809,-1.0683013209803507,1.3427901728782556,-3.1918047909579124,-4.657391984471318,-1.3273462382945505,16.601342986199615,-17.67230786522749,56.8841789796965,13.52196646961618,-45.08948039833771,63.85211189318895,12.362706237534157,78.39309486115988,0.1361483014061533,89.37562346458435
-3.4221558912679484,-1.0671602420888717,1.3437434161784725,-3.190476705817052,-4.656250905579839,-1.3263929949943336,16.75184135020704,-17.83999690357958,56.99901106290858,13.44212550384453,-45.03693792863422,63.84528144105642,12.341167371354738,78.39853477574366,0.18237165583649428,89.38731670379639
-3.419511888862469,-1.0648621929655564,1.345736373764824,-3.1878327034115723,-4.653952856456524,-1.3244000374079818,16.67851829048163,-18.19615655652647,57.29746699173992,12.693497439116964,-44.929425514005736,63.8309724733045,12.29381033487198,78.40940089630544,0.1433847654169318,89.41177916526794
-3.4150809103250204,-1.0613726502693155,1.3491240971244824,-3.1834017248741238,-4.650463313760283,-1.3210123140483236,16.78890531743305,-18.362536979737254,57.37409905696534,12.695196565851367,-44.756912490997316,63.80287054896761,12.210584562998237,78.42983364783764,0.16925725363974742,89.45232009887695
-3.4134869124578495,-1.0602279241985224,1.3502720482896833,-3.181807727006953,-4.64931858768949,-1.3198643628831226,16.801589807267003,-18.494823351855093,57.22535831657396,12.816590882005285,-44.69922100274872,63.79230935334345,12.183473986092432,78.43769977061235,0.07000840879543002,89.46703672409058
-3.4113367058235617,-1.0584290048823923,1.3519120334053292,-3.179657520372665,-4.647519668373359,-1.318224377767477,16.329432584125062,-18.614606469255992,57.06788250730044,12.355672996962433,-44.613021654927756,63.779578936372694,12.143405148801065,78.44700009910306,0.05477101966953768,89.49081778526306
-3.4072360120005345,-1.0552669111049018,1.3544370100664769,-3.175556826549638,-4.644357574595869,-1.315699401106329,16.85923434779855,-18.397433764418775,57.23073165747704,13.136034904331394,-44.46931834763663,63.758282370056236,12.094256848019407,78.46516950051179,0.24540542294431678,89.53243589401245
-3.4061674219783327,-1.054121091363985,1.3551647020147461,-3.174488236527436,-4.643211754854953,-1.3149717091580597,16.63095516918976,-18.2189695490738,57.25824122190706,13.010963306983175,-44.422326818494,63.75510151924221,12.079265112871722,78.4681570872668,0.1837510818769319,89.54718017578125
-3.403566843187849,-1.052269375175474,1.35672745904882,-3.1718876577369524,-4.641360038666441,-1.3134089521239858,16.787811653986672,-19.246289229209527,57.334467724500286,12.205758916427504,-44.33582352651229,63.740372438582426,12.049201548867831,78.48052281352145,0.11707093980947914,89.57770657539368
-3.4029115893431423,-1.0512037913509593,1.3570145795304622,-3.1712324038922457,-4.640294454841927,-1.3131218316423439,16.909060828956953,-19.26951211645008,57.55615249118334,12.080996464261634,-44.30177207382877,63.743353209854064,12.04883799842519,78.47992744264734,0.08372334972043216,89.59026098251343
-3.4017177805671235,-1.050488987881996,1.3576822411217018,-3.170038595116227,-4.639579651372964,-1.312454170051104,17.032188691262864,-18.99468370893362,57.62717321927412,12.431927691229626,-44.26653701687052,63.73574863567113,12.036873583569738,78.4863062949469,0.11151670411074432,89.6051549911499
-3.3997302667620746,-1.0489345052351888,1.3586087493323737,-3.168051081311178,-4.6380251687261564,-1.3115276618404321,16.724817749024254,-18.53790939210906,57.388904909669904,12.824764876903599,-44.203203169297275,63.728281481227405,12.027035464641488,78.49444330476436,0.10145308262484498,89.63036298751831
-3.3970503835391233,-1.0468832541734148,1.3597509757131343,-3.1653711980882266,-4.635973917664382,-1.3103854354596716,16.601155682129992,-18.783396195496138,57.56409628010241,12.272868404184644,-44.12135987610881,63.718756306280845,12.018669024720166,78.50548402171025,0.06308690069630618,89.66952848434448
-3.395436474053831,-1.0452832789477446,1.3602244489934745,-3.1637572886029344,-4.634373942438712,-1.3099119621793314,16.901434394315793,-18.86663278262202,57.58131296813697,12.60320864180063,-44.068016201930156,63.718496776690344,12.025164501791108,78.50959175512529,0.04844218001223588,89.69804644584656
-3.39509557253245,-1.0448225013547243,1.3607000887798875,-3.1634163870815533,-4.6339131648456915,-1.3094363223929184,17.09506934408154,-19.49725424920367,57.710149836025565,12.105394691507264,-44.04496040075292,63.71600655832123,12.009080906288933,78.51045636643914,0.01988648589909303,89.71086525917053
-3.3936069914444302,-1.0437355289637895,1.3612360483453814,-3.1619278059935336,-4.632826192454757,-1.3089003628274245,16.907959346652493,-19.283370545108806,57.78771966222402,12.004153287290805,-44.00303226856429,63.71111010882268,12.008918286535184,78.51671881863666,0.11803532795030414,89.73813080787659
-3.392931154283004,-1.0433198162452462,1.3616412893166183,-3.1612519688321075,-4.632410479736214,-1.3084951218561878,16.751842764232975,-19.074363198010097,57.56195353300577,12.304610564804536,-43.98215398431867,63.70659340173196,12.000832771523621,78.52032851804437,0.1506523910299702,89.7509024143219
-3.3914473741562516,-1.0421021350818953,1.362405739634145,-3.159768188705355,-4.6311927985728625,-1.307730671538661,16.693555414964884,-18.58947643650782,57.72350874407983,12.515761905120915,-43.931662749579175,63.70074795098938,11.990156249539313,78.5262282736756,0.15476068918408759,89.78973603248596
-3.3909135701895847,-1.041666528290747,1.3625691393063692,-3.1592343847386877,-4.630757191781714,-1.3075672718664366,16.582154861771613,-18.701257058163446,57.68771988985264,12.325136904790408,-43.91614761516434,63.699688183807716,11.991635803899193,78.52815335718249,0.19215146687490847,89.80476093292236
-3.390063002553247,-1.0409666236175354,1.3630487012087373,-3.15838381710235,-4.630057287108503,-1.3070877099640685,16.447825157848804,-18.804513467630656,57.74673279433709,11.99675793223157,-43.88618583585276,63.69594404542649,11.983536427149472,78.53160560133576,0.0932645063802422,89.83117485046387
-3.3887130696481065,-1.0401740946472975,1.3636338250801208,-3.15703388419721,-4.629264758138265,-1.3065025860926853,16.470557885196012,-18.802944179613704,57.48871817434313,12.395287422666788,-43.85061547315855,63.68867181374406,11.977918518852562,78.53861962772554,0.19618361726699973,89.87602496147156
-3.3886050809447004,-1.0400727046481266,1.3637775023278267,-3.1569258954938038,-4.6291633681390945,-1.3063589088449792,16.638335204168552,-18.769486360257073,57.655188147963855,12.431838763814383,-43.84457873292753,63.6875166737391,11.972972114749469,78.53914249053996,0.12101445500481978,89.88856387138367
-3.3878899185231792,-1.0395767521266048,1.3639238561805773,-3.1562107330722826,-4.6286674156175724,-1.3062125549922288,16.380977398595878,-18.20886647719518,57.529858836783,12.806077765852718,-43.82763648992002,63.68595075563166,11.978103492185184,78.54210158145304,0.036459301603797734,89.91487741470337
-3.387685001028773,-1.0395317213234165,1.3640158254574284,-3.1560058155778763,-4.628622384814384,-1.3061205857153777,16.45157082553263,-18.14459154016288,57.57076594079441,12.909615408739452,-43.8240337988396,63.684103197250096,11.976822251302393,78.54361471854125,0.18658834777415745,89.92726588249207
-3.387295724941711,-1.0391674085779914,1.3641742027359691,-3.1556165394908144,-4.628258072068959,-1.3059622084368367,16.656692077580768,-18.430053700366884,57.626398314180335,12.844263493196133,-43.81063871753763,63.68338266287135,11.97619384100095,78.5448221672273,0.15828525104627422,89.95253014564514
-3.387148081221649,-1.0391175866333813,1.3642702359458703,-3.155468895770752,-4.628208250124349,-1.3058661752269358,16.763048279956255,-18.853606271688893,57.88803042757525,12.245348401251299,-43.806920819979126,63.68192843514121,11.973908067230333,78.54586731298542,0.30838968144521006,89.97052478790283
-3.386826118464765,-1.0392217947808406,1.3643434744735177,-3.155146933013868,-4.628312458271808,-1.3057929366992882,16.430039950740923,-18.93282373279756,57.673926228844834,12.018050809233106,-43.807263173169964,63.67805786561204,11.97466408161116,78.54913628318828,0.1443009285615422,89.98782134056091
-3.3865286243739607,-1.0392849091354945,1.3645217548575799,-3.154849438923064,-4.628375572626462,-1.3056146563152262,16.33516791302531,-18.633645111483755,57.59022456027951,12.287205990970337,-43.80419077402139,63.67372938028836,11.970183727998398,78.55217306346673,0.28039317194245816,90.01375102996826
-3.3863370331934046,-1.0393991430482221,1.3646696020309448,-3.154657847742508,-4.628489806539189,-1.305466809141861,16.28129667678178,-18.451481073495664,57.49503038654486,12.51431442894832,-43.803276213410065,63.669928595684375,11.965442545640332,78.55462361542901,0.1725224280354558,90.02601957321167
-3.3860473345959616,-1.0393831466027803,1.3650111049996263,-3.154368149145065,-4.628473810093748,-1.3051253061731798,16.246102002946362,-17.681374580692022,57.44940041426712,13.265872037141659,-43.79446967771706,63.66482745201413,11.953308684674031,78.55744605953966,0.13957077309524024,90.0530047416687
-3.385955518200541,-1.0394274106348151,1.3652341570032704,-3.1542763327496446,-4.6285180741257825,-1.3049022541695354,16.380835338627858,-17.396194517814404,57.4940991439082,13.66081164921718,-43.790245596777744,63.661639115666354,11.943772452726042,78.55884842637253,0.18641266643942878,90.06792283058167
-3.3857238880438674,-1.0392821103515768,1.3658024805100895,-3.1540447025929708,-4.628372773842544,-1.3043339306627166,16.493454250199385,-17.099226384355568,57.48291515153787,14.1193026921005,-43.77307604997305,63.655966257181774,11.920384972207923,78.56088799135831,0.05002051555877696,90.09804677963257
-3.385595158130773,-1.0391331816060698,1.366113006106692,-3.1539159726798762,-4.628223845097037,-1.304023405066114,16.680654424792056,-17.05492054155398,57.538937699074424,14.33975138626949,-43.76196501006197,63.65350714284638,11.907890453651001,78.56161067911134,0.1483305469307843,90.11069774627686
-3.3854979569257035,-1.0391010785839034,1.3664406749345304,-3.153818771474807,-4.628191742074871,-1.3036957362382757,16.961479750644187,-17.000696096737663,57.70024874861517,14.55137755647999,-43.753417535458226,63.64999378871651,11.893683049829225,78.56280405795101,0.09185352639667199,90.12576651573181
-3.3852963943725647,-1.039216180710479,1.367735303048697,-3.153617208921668,-4.628306844201447,-1.302401108124109,16.832765224924653,-16.95076131419181,57.60689494203298,14.55980777470537,-43.725994408650386,63.635065824042066,11.833989744940363,78.56750332035107,0.22728532465306017,90.15187573432922
-3.385078958509338,-1.0389452652585953,1.3683777139576119,-3.1533997730584415,-4.628035928749563,-1.3017586972151942,16.69325091768018,-16.78481062826281,57.584138041109355,14.578789490208088,-43.70404392224926,63.629951265744154,11.807260911135394,78.56882639488906,0.1330038288448936,90.16986036300659
-3.3847028608451493,-1.038571020779585,1.3694621331696188,-3.1530236753942527,-4.627661684270553,-1.3006742780031872,16.536768772796666,-16.973888530400583,57.80503949891167,13.907725501508647,-43.66905807486685,63.620466130337064,11.761934414780082,78.57161308661611,0.1885986895191083,90.19772171974182
-3.38456789044357,-1.0385463344563282,1.370384792034998,-3.152888704992674,-4.627636997947295,-1.2997516191378078,16.87053455806805,-16.789125551472726,57.634475712844036,14.760598698592267,-43.64692982948919,63.61088180586279,11.719590139498159,78.57425159176672,0.1411726807764624,90.21118807792664
-3.3836487801911472,-1.037727446557074,1.3721909796670637,-3.1519695947402506,-4.626818110048042,-1.2979454315057422,17.28777316087933,-16.45048162417954,57.73990653554534,15.527673406714129,-43.583378325644055,63.5949041946245,11.648883963525417,78.58001844659786,0.30420376399802773,90.25139856338501
-3.3834847053492396,-1.0371402061888673,1.3729648165753114,-3.151805519898343,-4.626230869679834,-1.2971715945974946,17.434248519502173,-16.53926593704288,58.09833855791791,15.180741414761636,-43.5506756518365,63.59183221151743,11.616195307259698,78.57929561900139,0.3034931871947424,90.26650929450989
-3.382700613199396,-1.0368317629858368,1.3743427579441443,-3.1510214277484994,-4.625922426476804,-1.2957936532286616,17.35627782792919,-16.745254669936323,58.077604750175894,14.922606941533408,-43.50998238838947,63.57607770393801,11.562117498163532,78.58618643207743,0.19018595651087855,90.29326438903809
-3.382209297108941,-1.0364353578918493,1.374873072595756,-3.1505301116580444,-4.625526021382816,-1.29526333857705,17.099195271255944,-16.99860231855018,57.90084696448923,14.583676525836818,-43.48709348605791,63.571326252101635,11.545038693060611,78.58869655128713,0.07253758412789768,90.30499124526978
-3.380079001342806,-1.0347762122226336,1.3783916342095366,-3.14839981589191,-4.623866875713601,-1.2917447769632693,16.54544584051235,-17.036711732382823,57.72384734933283,14.115710757500752,-43.36145500168027,63.53829967532448,11.41170530068657,78.6021501314182,0.1219246582355713,90.37039113044739
-3.3796341826148915,-1.0341082981414418,1.3794157486902727,-3.1479549971639944,-4.62319896163241,-1.2907206624825331,16.905009783886594,-16.946127734703836,57.65535297767723,14.784828770710543,-43.32061132587912,63.53158865561978,11.37107051443511,78.60359338812913,-0.014942598277542185,90.38565111160278
-3.3787722371628566,-1.0332327576815008,1.3803243432364583,-3.14709305171196,-4.622323421172468,-1.2898120679363476,16.715406821514037,-17.51515086080433,57.843876828171155,13.76510049572566,-43.27653020256372,63.52508106748436,11.34267696371129,78.60688915639436,0.22363111497716792,90.41307473182678
-3.3781338902832694,-1.0325925763086239,1.3809795938338496,-3.1464547048323728,-4.621683239799591,-1.2891568173389565,16.65907809167979,-17.764203531445656,57.68072087521744,13.68472008949704,-43.24449556231457,63.5203458358542,11.32245147153415,78.60934565534473,0.18089660868961266,90.42831778526306
-3.3770924121580297,-1.0315797074062227,1.3817657158966363,-3.145413226707133,-4.62067037089719,-1.2883706952761698,16.392228304134704,-18.057062499515325,57.566449832973284,13.235475033901032,-43.19947864443576,63.515057449768605,11.303001464298205,78.61302765954363,0.10048997632366286,90.45373225212097
-3.375875283517101,-1.030560884461625,1.3832769847080044,-3.144196098066205,-4.619651547952593,-1.2868594264648014,16.33997667233321,-17.39718498754371,57.38018764400488,14.081524023593323,-43.13748461327975,63.5015516166571,11.25085433297571,78.61936485955341,0.11823960242284182,90.48425579071045
-3.374824924141076,-1.0295597036228912,1.3838851408595976,-3.1431457386901793,-4.618650367113858,-1.2862512703132083,16.849166060926468,-17.434513714494432,57.33031610489373,14.79254896511466,-43.0967995966851,63.49778639912417,11.240047591882828,78.6228663426725,0.28660952472353696,90.51465177536011
-3.374320449388441,-1.0290610270785738,1.3841128661654643,-3.1426412639375445,-4.618151690569541,-1.2860235450073416,16.515030839291256,-17.627405933932607,57.17737772512432,14.389453348580338,-43.07827400553389,63.49676648810493,11.238048151730135,78.62432846079874,0.17847093510008483,90.5265884399414
-3.3738600128607152,-1.028000106648899,1.3848064782005864,-3.1421808274098186,-4.617090770139867,-1.2853299329722196,17.09768100571937,-18.09499957129492,57.760944728676165,13.960163037257121,-43.03513404554331,63.4967408480399,11.2150553705409,78.62297880189669,0.07912573817069912,90.5502257347107
-3.371079067005339,-1.0259403501452464,1.3861707423157967,-3.139399881554443,-4.615031013636214,-1.2839656688570094,16.428212280172136,-18.506924271852753,57.47425422819852,13.146170420416768,-42.94774301502557,63.48356262523655,11.195925189509595,78.63528752325318,0.18138990532032695,90.61365556716919
-3.3706549126774448,-1.0255618484707059,1.386305999996443,-3.1389757272265477,-4.6146525119616735,-1.2838304111763628,16.4508371079608,-18.44086791548278,57.616066254251145,13.0664284328374,-42.93444876330932,63.482856777680404,11.196802147163048,78.63665788824677,-0.0017261409602022937,90.62532496452332
-3.3698957217540033,-1.0245371226102442,1.3868243793993553,-3.1382165363031067,-4.613627786101212,-1.2833120317734505,16.64989066855469,-18.28750484677337,57.691190120124624,13.39920319453413,-42.89565245209966,63.482116720711204,11.18632083841662,78.63756665337117,0.12904874416951406,90.65336346626282
-3.3698531305325776,-1.0241685919860433,1.3868591339298866,-3.1381739450816806,-4.61325925547701,-1.2832772772429193,16.84564043040756,-18.69676597495932,57.90065718306886,12.998304526907248,-42.88552966731102,63.484911186619286,11.186704671918045,78.63580092013066,0.16168783724799907,90.66421365737915
-3.3687435380627555,-1.023412524867108,1.3873319871889285,-3.1370643526118585,-4.612503188358075,-1.2828044239838776,16.88492050407242,-18.339313851137938,57.84868268481804,13.481659658470475,-42.853907219000625,63.479705440449955,11.182260806176695,78.64097621232517,0.1613834396640148,90.69377326965332
-3.368220181709229,-1.0230253520850825,1.3874058354866095,-3.136540996258333,-4.61211601557605,-1.2827305756861964,16.914784395572504,-18.19794640951646,57.70958137597805,13.844553543566535,-42.84160399621674,63.47899185861019,11.187551277165404,78.6429714796507,0.25514691756950514,90.70569849014282
-3.367699261355329,-1.0225108977360755,1.387651620673065,-3.1360200759044323,-4.611601561227043,-1.282484790499741,17.06638905819318,-18.120670146855407,57.689907280366505,14.149791270190473,-42.8222004818697,63.477791530203085,11.184945614567429,78.64450795633037,0.08130910437110961,90.73209381103516
-3.367362135546603,-1.0220256733691038,1.387754620734646,-3.135682950095706,-4.611116336860071,-1.28238179043816,16.844082441074676,-18.18966680442443,57.6875029380335,13.817255912361357,-42.80707809028636,63.47897720108924,11.186602153567687,78.64450737979811,0.1467883506899179,90.74685263633728
-3.367010586400583,-1.02148649668721,1.3879635536002382,-3.135331400949686,-4.6105771601781775,-1.2821728575725677,16.843855081767327,-18.274012030431248,57.917980918178074,13.454522915788607,-42.788167089938156,63.4795247960593,11.183516264215582,78.64449353537515,0.07611988516712609,90.77341890335083
-3.3665469314653773,-1.021207997475862,1.3880165752752478,-3.1348677460144807,-4.61029866096683,-1.282119835897558,16.9445454194839,-18.154502508620265,57.851257649591055,13.793361480503913,-42.779161636966165,63.478410024555515,11.18855229139685,78.64661918240557,0.06202255766275533,90.78592276573181
-3.366053726283621,-1.0207942063687803,1.388037883664282,-3.1343745408327246,-4.609884869859748,-1.282098527508524,17.174724691741073,-18.32816981141307,57.843675454083666,13.939209106205974,-42.767413489945795,63.47865899470638,11.196095270032728,78.64812688828992,-0.013111146920624872,90.8099274635315
-3.3656981276358247,-1.020316089685893,1.3882291917335627,-3.134018942184928,-4.60940675317686,-1.2819072194392431,17.20023249163052,-18.496854976485594,57.99003445270582,13.637518131247328,-42.75042279486482,63.478779945622186,11.19367933412406,78.64847290076334,0.12270222159833111,90.85235786437988
-3.365533913601632,-1.0202649910846122,1.3883237645692792,-3.133854728150735,-4.609355654575579,-1.281812646603527,17.175126052507164,-18.385402973816056,57.915005024127666,13.810182004026773,-42.74671299035742,63.47719885697399,11.191577825596012,78.6496413135847,0.1226751011588223,90.86432957649231
-3.3652113079000117,-1.0199987963792265,1.3882680987822824,-3.133532122449115,-4.609089459870194,-1.2818683123905237,17.03787793605564,-18.389365427627265,57.776357934474234,13.815665514051098,-42.74071307630823,63.478001986614224,11.199890848767012,78.65052928436218,0.13205926642466448,90.89178419113159
-3.3652508707041475,-1.019961563494515,1.3884399399461156,-3.133571685253251,-4.609052226985482,-1.2816964712266905,17.008878844530557,-18.401722666522332,57.9281157691356,13.575996680494148,-42.73594933311812,63.47693181107993,11.191104325365288,78.65030556519517,0.12723242446607053,90.90387845039368
-3.3649605147676573,-1.0198374802684775,1.388415092808053,-3.1332813293167607,-4.608928143759445,-1.2817213183647531,17.041871054119134,-18.378169450732443,57.81874349774115,13.783913660825998,-42.73288892554221,63.47633427099766,11.196891257583964,78.65182913615608,0.033444598350454324,90.93063855171204
-3.364834809476222,-1.0197806868775439,1.3881061512323436,-3.1331556240253255,-4.608871350368512,-1.2820302599404623,16.79048948906938,-18.32774266705385,57.74495715061463,13.60822121230251,-42.738240353712854,63.47903247198245,11.21395461228676,78.65193532974854,0.024256438480475317,90.97985529899597
-3.36478122499899,-1.0198065667885998,1.387837741551298,-3.1331020395480933,-4.608897230279567,-1.2822986696215082,16.602777500608692,-18.336553885985094,57.72692904223282,13.38154326397521,-42.74488310736259,63.481060242273095,11.227695836282333,78.6520288945018,0.047906111345016544,90.99205231666565
-3.3647721684125944,-1.0199374142101132,1.3877798567633688,-3.133092982961698,-4.609028077701081,-1.282356554409437,16.479023037825183,-18.386993331081136,57.70341224180642,13.201828891506349,-42.749479547366676,63.480351546357895,11.230122238342336,78.65276559488409,0.1559242290156848,91.00410652160645
-3.3648286507186755,-1.0200224041504997,1.387464274542387,-3.133149465267779,-4.609113067641467,-1.2826721366304188,16.223006901337957,-18.70410173688916,57.70288826326106,12.565362540202402,-42.75887129897194,63.48304861065061,11.244378406884607,78.65225023387562,0.17490408185093465,91.0327820777893
-3.364864583571439,-1.0202217406356688,1.3875098065007112,-3.1331853981205424,-4.609312404126636,-1.2826266046720947,16.20230397984828,-18.8193679147072,57.695950518331216,12.43543907969274,-42.76292713698568,63.480996876560525,11.240854269971772,78.65321976642622,0.16089643530420927,91.04469895362854
-3.365066565673626,-1.0205006569854294,1.3873571606254287,-3.1333873802227297,-4.6095913204763965,-1.2827792505473774,16.344549564671148,-18.91334215261371,57.55843705244757,12.702756598390394,-42.77376320289527,63.481290902446716,11.244339021945585,78.6529866446454,0.1610670578443485,91.07153797149658
-3.365224264945655,-1.0206464404331441,1.3873826403494265,-3.133545079494758,-4.609737103924111,-1.2827537708233796,16.47892272640822,-18.996870260857676,57.585988446814355,12.756911032685789,-42.77712882883472,63.48076897522831,11.240293211672778,78.652642085067,0.01093967304731791,91.08379673957825
-3.3656419761755316,-1.0208375664317473,1.3869468838543377,-3.1339627907246355,-4.609928229922715,-1.2831895273184681,16.418988963413447,-19.08228211170331,57.710316998023835,12.430640199121786,-42.792537585099225,63.486135650569665,11.254893429983396,78.64967686210703,0.02992385534691344,91.11234331130981
-3.3658055380713114,-1.02102799484104,1.387020151151256,-3.134126352620415,-4.6101186583320075,-1.2831162600215498,16.56854465399158,-19.127930605620822,57.80100393833852,12.45900971286306,-42.79595335733491,63.48476969870657,11.248258291016318,78.6496347440541,0.18475478641765886,91.12453007698059
-3.3659829764335,-1.021220751444648,1.3867879659202638,-3.1343037909826035,-4.610311414935616,-1.283348445252542,16.070537822398055,-18.715687237528606,57.58833031606079,12.46992794343584,-42.80637856998371,63.48647339955062,11.256306892717575,78.64894614415239,0.04418167117618044,91.15217804908752
-3.366050436188566,-1.021468019395581,1.3866398099544575,-3.1343712507376695,-4.610558682886548,-1.2834966012183484,16.033278197863215,-18.46255374944708,57.54334962913124,12.713718403412864,-42.81608400838547,63.48609107150354,11.261590152865496,78.64959885251636,0.1288304285639148,91.16447830200195
-3.366635448708853,-1.0219553808811952,1.386774547897709,-3.1349562632579566,-4.611046044372163,-1.283361863275097,16.375121925677572,-18.26190776409765,57.51653825631618,13.371789395527406,-42.8262973377015,63.48425319897034,11.24484229974041,78.64808047667267,0.025592814649056272,91.19213128089905
-3.366850829195725,-1.022056329359617,1.3866014854616746,-3.1351716437448283,-4.611146992850585,-1.2835349257111315,16.508286035298426,-18.252532305645,57.56860311418294,13.480633565710862,-42.833132078756016,63.486488518265105,11.249840812405338,78.64665927808102,0.17112006839014615,91.20466351509094
-3.3673638404718096,-1.022383254207633,1.386463042857875,-3.135684655020913,-4.6114739176986,-1.283673368314931,16.706733011601006,-18.359730266498396,57.62454671342624,13.549110170375378,-42.8453770032948,63.488324171351785,11.248062091238166,78.64427571974123,0.1289755314100569,91.23088669776917
-3.367350851129389,-1.0224798281540568,1.3864203847248353,-3.135671665678492,-4.611570491645024,-1.2837160264479706,16.576909075681105,-18.08637946351092,57.452967504328925,13.863084349986233,-42.848753973319035,63.48775521379693,11.249936691163839,78.64486904384728,0.26042625613646564,91.24347066879272
-3.368006478835702,-1.0231032641016773,1.3864736761487513,-3.1363272933848054,-4.612193927592645,-1.2836627350240548,16.75806305287739,-18.072521695223006,57.45638774125571,14.085096574569262,-42.86434815249434,63.48593199350091,11.235633138423003,78.6434458650491,0.11975128435271776,91.2706892490387
-3.368393205509683,-1.0233116623500083,1.3863242235872133,-3.136714020058786,-4.612402325840976,-1.2838121875855926,16.765257859357295,-17.97112397515664,57.50841005673861,14.118113668308014,-42.87364053551315,63.488108795537634,11.23664337206463,78.6413450487702,0.06351754839052282,91.28623247146606
-3.368972787502619,-1.023626094278413,1.3862606363217225,-3.1372936020517224,-4.61271675776938,-1.2838757748510834,16.669048815202853,-17.954196669680677,57.538747610681305,13.961712383813456,-42.88397786206586,63.48977971635686,11.230342389663356,78.63849785012327,0.06352507383073247,91.31073546409607
-3.369354536546621,-1.0238615376038112,1.3862301623474464,-3.1376753510957243,-4.612952201094778,-1.2839062488253594,16.73110784426614,-17.94361557531184,57.63559232130952,13.919293083089542,-42.89123912448373,63.49050441080394,11.22552616457894,78.63680971537184,0.12922325085542008,91.32342386245728
-3.369908808112661,-1.0239572732713251,1.3859601060509186,-3.1382296226617648,-4.6130479367622925,-1.2841763051218875,16.666843503440997,-18.202424897280903,57.70449080234884,13.490845826013043,-42.90072061716761,63.49605389646121,11.230503864066451,78.63250777853703,0.030717215057212588,91.34895658493042
-3.3702358466642095,-1.0243522995546226,1.3859587393375548,-3.138556661213313,-4.61344296304559,-1.2841776718352511,16.656923963685138,-18.257414499560014,57.813847267288544,13.274254332664652,-42.911237595198884,63.49463313894116,11.224404918272059,78.63224221014947,0.1152693116589214,91.36496949195862
-3.370977833336514,-1.0246544282931258,1.3858879106882513,-3.1392986478856173,-4.613745091784093,-1.2842485004845547,16.601936226089112,-18.35287302327457,58.00351910301656,12.850390710183762,-42.921700317424566,63.49759691210235,11.216240979667008,78.6280285468744,0.016691835903228647,91.39265298843384
-3.3715383755848327,-1.0248441165218691,1.3859472102196655,-3.139859190133936,-4.613934780012837,-1.2841892009531406,16.939787564363,-18.23514225512837,58.00151148568181,13.396099130470578,-42.926072330325475,63.49909056499829,11.20475128268909,78.62482144311518,0.1338606182570432,91.4046721458435
-3.3722352354100438,-1.025083821759812,1.3856730635558767,-3.140556049959147,-4.614174485250779,-1.2844633476169294,17.297491593422308,-17.90450313253824,57.96665041294802,14.202987571297406,-42.93950608520705,63.50431021816208,11.207359497502816,78.62023459434808,0.03538518866618112,91.42941808700562
-3.372434839873408,-1.0256549743610484,1.3854443803504966,-3.1407556544225113,-4.614745637852016,-1.2846920308223093,16.783335329042977,-17.790268945366275,57.46343939094691,14.287792002661543,-42.95938465649252,63.502596533057115,11.213390414735782,78.62160320324668,0.0732914766485786,91.46555089950562
-3.372579909799305,-1.0258678868008297,1.3852549805842846,-3.140900724348409,-4.614958550291798,-1.2848814305885212,16.75805565010899,-17.48642506805717,57.56851538477758,14.410784203968618,-42.96928099323362,63.503457860776535,11.219707560360161,78.62136862963429,0.13446042601039343,91.49134516716003
-3.373006426828851,-1.0258244597940334,1.3850535901072765,-3.1413272413779545,-4.614915123285001,-1.2850828210655294,16.66373209089313,-17.595326336092047,57.73867038697917,13.958390056811847,-42.97349394962135,63.50874707268575,11.223688377157607,78.61738507455425,0.20009477958372557,91.5039529800415
-3.373261215054292,-1.0261649384386846,1.3849776161690062,-3.141582029603395,-4.615255601929652,-1.2851587950037997,16.42833937449287,-17.854281459424257,57.73305076374465,13.3996234919931,-42.98420061670786,63.50806270503985,11.222451723955833,78.6172370732764,0.09701570659609082,91.53135418891907
-3.3734914870550066,-1.0263283207359235,1.3848933696631294,-3.14181230160411,-4.615418984226891,-1.2852430415096765,16.493808474699318,-17.72582055724419,57.730181581152756,13.607299275905042,-42.99060783062099,63.50893936510343,11.222666394787923,78.61622778626126,0.12053282196146897,91.5437285900116
-3.373772063637772,-1.0264716277034822,1.384634941052012,-3.142092878186876,-4.61556229119445,-1.285501470120794,16.520027432720347,-17.848108099675226,57.73338363991033,13.513535155743257,-43.000557832252134,63.512046655366355,11.230708833027338,78.61439122661679,0.22857640209343755,91.5707311630249
-3.3739562581099314,-1.026660639571003,1.3845467671588203,-3.1422770726590348,-4.615751303061971,-1.2855896440139858,16.475563243500197,-17.920558491111485,57.78171110037019,13.316765922081048,-43.007618775047234,63.5124068663315,11.231655616964618,78.61388928345555,0.1395229228651167,91.58346366882324
-3.37408381525043,-1.0268997996548066,1.3846006796443784,-3.1424046297995334,-4.615990463145774,-1.2855357315284277,16.466103667799082,-17.84221656052113,57.63120004278045,13.571920352109512,-43.01260874230155,63.51052607527207,11.226301828062095,78.61438372929067,0.017589538084136436,91.60855889320374
-3.374293388520629,-1.0270699236111065,1.3844769181832417,-3.1426142030697326,-4.616160587102074,-1.2856594929895642,16.43133040674427,-17.863822642513394,57.66249181106937,13.459107263701084,-43.020047189673136,63.51158233246296,11.228695471341588,78.61350683294243,0.11151699851085839,91.62587475776672
-3.3745623713739046,-1.0272345954439723,1.384235859093344,-3.142883185923008,-4.61632525893494,-1.2859005520794622,16.382311565434414,-18.020087484080662,57.806561179491375,13.048411319843856,-43.030118609818224,63.51423915228668,11.235967930882593,78.6119187339281,-0.14639196145726618,91.65287590026855
-3.374667135031484,-1.027370021164921,1.3842453057227115,-3.1429879495805872,-4.616460684655888,-1.2858911054500946,16.523041630883355,-18.157545321145925,57.85239818110938,13.03947963889663,-43.03347760097848,63.51360182266654,11.233504490451288,78.6119042543915,0.11637794573816818,91.66715002059937
-3.374801898141648,-1.02765517818031,1.384098329626577,-3.1431227126907513,-4.616745841671277,-1.286038081546229,16.566714447146854,-18.126941430256963,57.85246988776456,13.119350881571314,-43.044200500398404,63.51330010916692,11.237611115797186,78.61225151396397,0.0884202116661359,91.6919891834259
-3.374640124670014,-1.0278540336773667,1.3841092605072922,-3.1429609392191176,-4.616944697168334,-1.2860271506655137,16.370716870208142,-17.694728810119965,57.565607481712334,13.651439022129306,-43.04866128269999,63.510235040904504,11.238553660588947,78.61471498812793,0.1073424896792905,91.70434713363647
-3.374706589863195,-1.028157094693481,1.3839506741910554,-3.1430274044122983,-4.617247758184448,-1.2861857369817504,16.05347712909893,-17.451817744123407,57.278438547742276,13.83997546482271,-43.05997883431521,63.50941175483925,11.24410907005079,78.6156850548742,0.03250694143809518,91.7287073135376
-3.37488975267797,-1.0284216920458087,1.3837943279558327,-3.1432105672270736,-4.6175123555367765,-1.2863420832169732,15.77124090347274,-17.37607520259538,56.96005159282437,13.953988995289402,-43.07047897685438,63.50972202818983,11.248074566985638,78.61551257610083,0.121821318861004,91.76709175109863
-3.375197161512305,-1.028517163618122,1.3835852415668675,-3.1435179760614087,-4.617607827109089,-1.2865511696059384,16.010946316025578,-17.757765190868934,57.02251298425565,13.811173808860925,-43.07815383798473,63.51297104747635,11.25352895756204,78.61327247292559,0.15004095430931086,91.79153442382812
-3.3751287770550165,-1.0284837804685738,1.3834715513351301,-3.14344959160412,-4.617574443959541,-1.2866648598376758,15.983714725580855,-17.700565919910638,56.982251450632546,13.884114691038771,-43.0797901124619,63.51392267120286,11.260132207295044,78.61341148865536,0.2251817775585021,91.80347633361816
-3.3751011292239745,-1.028529815052051,1.3832935675794142,-3.1434219437730784,-4.617620478543018,-1.2868428435933916,15.976726288805466,-17.840712692801247,57.100039791594234,13.585712501915612,-43.08494980254822,63.5150388944555,11.268966809451578,78.61357959453065,0.06110899912662937,91.82868528366089
-3.3748201271738982,-1.0287647473114925,1.3832423006379653,-3.1431409417230016,-4.61785541080246,-1.2868941105348408,15.929552529773892,-17.43260571592869,56.9267199503756,14.14339800847038,-43.09152474785045,63.511427420696805,11.274461010594994,78.61708263743229,0.1551961030384037,91.86491274833679
-3.374700672570043,-1.0289426574999616,1.3833978012319386,-3.1430214871191464,-4.618033320990929,-1.2867386099408675,15.812766642636593,-17.158535335341096,56.78124669908236,14.446460087592223,-43.0922359471185,63.507436989062434,11.267887723373844,78.61934903212486,0.15054861524577356,91.89232182502747
-3.374617502396879,-1.0287140737636293,1.3832198130250553,-3.1429383169459824,-4.6178047372545965,-1.2869165981477508,15.665562248395391,-17.26407557679289,56.717642769724684,14.23841944633846,-43.09042315155171,63.510733873671434,11.27859556409762,78.61834276549148,0.15055992064590074,91.90426993370056
-3.374497510047788,-1.028623258882604,1.383361087164917,-3.1428183245968913,-4.6177139223735715,-1.2867753240078892,15.740602084757084,-17.39743272247499,56.81574519980197,14.082179312857829,-43.084726617647114,63.50938366986462,11.273786645212635,78.61901055065567,0.13639391389305144,91.92804503440857
-3.3743033769821515,-1.0286594848943673,1.3833317935082068,-3.1426241915312545,-4.617750148385335,-1.286804617664599,15.754453805538843,-17.31450612826754,56.65824290247749,14.387267050610378,-43.08597117220999,63.508004076177855,11.277788173174743,78.62070166837238,0.1364969755543699,91.94274067878723
-3.374046212450011,-1.0284299389922844,1.3833415220934615,-3.142367026999114,-4.617520602483252,-1.2867948890793446,15.723408402646458,-17.04767937148303,56.59358458115563,14.697786572984196,-43.079561696710876,63.50829106083227,11.281836911794132,78.62140018819618,0.03323784907451843,91.969557762146
-3.3740176421207444,-1.0284869793907407,1.3833337235483367,-3.142338456669848,-4.617577642881708,-1.2868026876244694,15.806638298484668,-17.057141752876518,56.6546645235544,14.716621056611558,-43.08111982141228,63.507639886594376,11.282390173676294,78.6219463334724,0.16465204803431233,91.98441529273987
-3.373452600572211,-1.0280847967523912,1.3824847116597163,-3.1417734151213144,-4.617175460243359,-1.2876516995130898,15.347390291139684,-17.49929221164208,56.57733199556746,13.797513934297609,-43.089422812463326,63.515802433996896,11.333123434320974,78.62250780657124,0.1463642417810349,92.02480268478394
-3.373332145240184,-1.0277368506117042,1.3814709094097801,-3.141652959789287,-4.616827514102671,-1.288665501763026,15.600195467706271,-17.340583567015393,56.79278849200948,14.003176834875962,-43.10360970437717,63.52810832751622,11.385371598548755,78.61957423914087,0.1796596610240142,92.04924774169922
-3.373216266811294,-1.0274110891478307,1.3805741083953844,-3.1415370813603976,-4.616501752638798,-1.2895623027774217,15.602384081081095,-17.66661904395825,56.86366596432902,13.600880540016865,-43.11570646254018,63.53910001567247,11.431771776903553,78.61693939286742,0.198821201149753,92.06432676315308
-3.3723747558074675,-1.0270092661852523,1.3775457698366904,-3.140695570356571,-4.61609992967622,-1.2925906413361157,15.64810596691519,-17.540823924365636,56.72237311548293,13.97170312573042,-43.17340701541251,63.566627196051236,11.592050486881089,78.61563531154908,-0.033907891619076036,92.11227560043335
-3.372292499576594,-1.026878873930101,1.3764749427082807,-3.1406133141256976,-4.615969537421068,-1.2936614684645251,15.669165115532705,-17.818244644588837,56.79324026028334,13.63806852211716,-43.19451208774189,63.57772293025313,11.64559052009391,78.61352753947726,0.19188662174388416,92.12473583221436
-3.3716221427292257,-1.026401830686745,1.3738811626563483,-3.139942957278329,-4.615492494177713,-1.2962552485164576,15.514574512397203,-17.7087181651758,56.616491532805846,13.777454357682894,-43.2408709586152,63.60289455734271,11.782587945299035,78.61113924681571,0.1699319529853378,92.15005254745483
-3.3714658399674184,-1.026398640697498,1.3727054936556389,-3.139786654516522,-4.615489304188466,-1.297430917517167,15.618992385408813,-17.423045527136924,56.60921137267359,14.196405412766541,-43.26752803678286,63.61331478278274,11.841733089699806,78.61012854821952,0.16129327243011593,92.16257333755493
-3.371075705353359,-1.0260070835241677,1.3693322266025136,-3.139396519902463,-4.615097747015135,-1.3008041845702922,15.567795862608847,-17.498699623248253,56.764565747058484,13.850527332910492,-43.33465755256806,63.64719470995474,12.011917107859801,78.6044561138037,0.1819731593892513,92.1882791519165
-3.370823645964582,-1.0256824275217202,1.366860032425564,-3.1391444605136853,-4.614773091012688,-1.3032763787472421,15.33731995519481,-17.53380390568268,56.78062918492484,13.488242165489462,-43.38310550966567,63.67260918795529,12.136165906214485,78.59974966414836,0.1833430086894423,92.20351934432983
-3.370439203137316,-1.0253518251543774,1.3629594475985556,-3.1387600176864194,-4.614442488645345,-1.3071769635742503,15.576647992461279,-17.80595361364862,56.93755438982533,13.330742016870223,-43.464377989014224,63.71108429846909,12.33113685322876,78.5931839961616,0.2794315492496171,92.22875952720642
-3.3696871022549426,-1.0241374161201198,1.3517066624396752,-3.138007916804046,-4.613228079611087,-1.3184297487331307,15.753683636679206,-17.666236145103515,56.944370988503486,13.672035657443796,-43.694580497633005,63.826929746568645,12.887626764236686,78.56920736973323,0.2434408224290392,92.28507137298584
-3.3691971635459246,-1.023815885138271,1.3458814110635249,-3.137517978095028,-4.612906548629239,-1.3242550001092812,15.846249947848579,-17.6993402606869,57.2050131131521,13.405405260094122,-43.82230872658223,63.88326868793527,13.175251151922671,78.55898361196063,0.26563207815887546,92.31240582466125
-3.3689575804848815,-1.0235853607690526,1.3430082396357053,-3.1372783950339844,-4.61267602426002,-1.3271281715371008,15.85259983072027,-17.841221934838526,57.25684370773536,13.203752757843777,-43.88375103121137,63.911744193078206,13.317094486496815,78.55339817155351,0.23443916473992754,92.32461857795715
-3.3685380227376074,-1.0233427501252785,1.3372606241103457,-3.136858837286711,-4.612433413616246,-1.3328757870624603,15.960470019408087,-17.61767939528907,57.317722581279654,13.465399390356746,-44.01278510326822,63.96699924545725,13.598765515656508,78.54284963713235,0.21906613462022273,92.34938025474548
-3.3682038376828976,-1.0233393685620253,1.333653142174204,-3.1365246522320014,-4.612430032052993,-1.3364832689986021,15.84662821972566,-17.464536548390637,57.15708034828584,13.663859412571153,-44.09775625022853,63.99975096228727,13.775918715625062,78.53752139943832,0.21660783104889747,92.3642930984497
-3.3677332862825504,-1.0230764003922082,1.3272594210671413,-3.136054100831654,-4.6121670638831755,-1.3428769901056645,15.611564669970367,-17.414388227699877,57.00658373176086,13.582338148358977,-44.24274337273408,64.06104010649386,14.088183299932131,78.52535999128126,0.32829620895347444,92.38961482048035
-3.367721271721253,-1.0230604220498543,1.3239905685408995,-3.1360420862703564,-4.612151085540821,-1.3461458426319064,15.751573519970064,-17.347110698743876,56.91806208442938,13.937266872083866,-44.32059184599587,64.09274947956047,14.243501208271484,78.5179523762521,0.1425395206032105,92.40287828445435
-3.3673757603610044,-1.0226151455911963,1.3168351883048262,-3.1356965749101073,-4.611705809082164,-1.35330122286798,15.709299543020288,-17.496704815571217,56.85418944672444,13.80180778882375,-44.48085733667608,64.1639142449447,14.588996967195897,78.50148722324643,0.20292117780842123,92.43047261238098
-3.3672690308673534,-1.022683831535298,1.3135794495460242,-3.135589845416457,-4.611774495026266,-1.3565569616267816,15.705957271539424,-17.53379329570529,57.0420356854727,13.499343290183438,-44.56108240053252,64.19397719810452,14.744275783378205,78.49508097660348,0.15798587210341397,92.44297456741333
-3.3669018454484827,-1.0224992477943415,1.306819705563965,-3.135222659997586,-4.611589911285309,-1.363316705608841,15.488911366412294,-17.42933152777649,56.87640669249611,13.50923183675207,-44.71984267982914,64.25853121393325,15.069255647367044,78.48070163016953,0.25112023060108735,92.46805763244629
-3.3663720765219494,-1.0226571790888639,1.2971602082440228,-3.1346928910710528,-4.611747842579831,-1.3729762029287833,15.525872369830472,-17.11259478663054,56.507347957836465,14.31508360355156,-44.959059678403605,64.34646917765376,15.53108174396023,78.46207953768494,0.1632087556524393,92.50404405593872
-3.366235672256506,-1.0225402998591306,1.2896770732951475,-3.1345564868056095,-4.611630963350098,-1.3804593378776584,15.18499804974239,-17.07714951165776,56.62668741459786,13.707782660971807,-45.14020278049146,64.41863114433771,15.8833891965868,78.44365962536251,0.10657768084617292,92.53003787994385
-3.366069929256693,-1.0225763817237659,1.2857580770316197,-3.1343907438057963,-4.611667045214733,-1.3843783341411864,15.344325053544628,-17.035483808712875,56.69980672086756,13.848061539138868,-45.237848383019156,64.45478633231473,16.068803072130958,78.43514148383271,0.10894541676997305,92.54452586174011
-3.366052384216171,-1.022485224100223,1.2787916094077802,-3.1343731987652745,-4.61157588759119,-1.3913448017650258,15.44981436886498,-16.98033225393281,56.90472262890279,13.73750180654384,-45.408822139781606,64.52234944666442,16.39302198221036,78.41669594389694,0.2302658719145847,92.56848311424255
-3.3657048110954273,-1.0227280068730176,1.267591383805665,-3.1340256256445307,-4.611818670363985,-1.4025450273671412,15.07959278925783,-16.727841146237445,56.53041116894356,13.93689644407343,-45.69522430941988,64.62473298407475,16.91675920470918,78.39102839373604,0.16198284981985323,92.60803008079529
-3.3660621822641765,-1.0232960899281969,1.2572459852092641,-3.13438299681328,-4.612386753419164,-1.4128904259635418,15.514987825852556,-16.853565162880006,56.45517519846334,14.436892140003337,-45.97216965689306,64.7200315711371,17.38507846213193,78.36346410096229,0.10249771113533512,92.6448962688446
-3.3660726528041427,-1.0231967686284986,1.2495098262016562,-3.134393467353246,-4.612287432119466,-1.4206265849711497,15.668984803433597,-16.52172787413099,56.71960179718452,14.581304064283401,-46.16711664591953,64.79465130852384,17.739037597523314,78.34118248007705,0.10694271490912,92.67086291313171
-3.3658462811841265,-1.0236695967992733,1.2452264377607674,-3.13416709573323,-4.612760260290241,-1.4249099734120385,15.345313980425871,-16.437040858909644,56.570808127943685,14.404592099695204,-46.288558992322656,64.82903182544102,17.937891805031626,78.3335362976276,0.241132514427024,92.68617820739746
-3.3661208414771613,-1.0237489734834142,1.237290368529408,-3.1344416560262647,-4.612839636974382,-1.4328460426433978,15.317353981210184,-16.06774579091066,56.38093895808385,14.944124648305054,-46.49578603973055,64.90520111822809,18.293393422921856,78.30912510602194,0.09554973745795525,92.71322822570801
-3.36619331971722,-1.0240923607643995,1.2341297509563884,-3.134514134266323,-4.613183024255367,-1.4360066602164177,15.262926897142263,-15.893974147885539,56.29851265579886,15.132411662869016,-46.58652679065789,64.93206495289736,18.434792186272077,78.3014154119953,0.08346387162093416,92.72499108314514
-3.3665080699628334,-1.0245560208300255,1.2269484377778244,-3.1348288845119368,-4.613646684320993,-1.4431879733949817,15.156432635677417,-16.04116032517817,56.33107546564021,14.753160110649132,-46.78582417330889,64.99716586691778,18.752681074536497,78.2806591189942,0.11121897865414399,92.74959588050842
-3.3667093943712505,-1.024538919345563,1.222521618955085,-3.135030208920354,-4.613629582836531,-1.4476147922177212,15.26326776021308,-16.019215930471734,56.393297214492236,14.811629628717426,-46.90163541847014,65.04035209859052,18.9481406358067,78.26584125416771,0.170004231714187,92.7645492553711
-3.367259147039787,-1.0250373443107248,1.2138649755309285,-3.13557996158889,-4.614128007801693,-1.4562714356418776,15.610531265094526,-16.158421017810443,56.76796477993772,14.580243748880726,-47.143125960511576,65.12016272030546,19.32518990679838,78.2385230077131,0.1469295124355101,92.7949492931366
-3.3675026842039855,-1.0248664172826223,1.2100831163409294,-3.135823498753089,-4.61395708077359,-1.4600532948318765,15.788552147436487,-16.04130959091968,56.87962449926089,14.766911904822459,-47.23937731546551,65.15897425127685,19.489526248246392,78.22410218296818,0.10671370588113716,92.80758666992188
-3.36759008182194,-1.0250421483414105,1.2056796243665473,-3.1359108963710436,-4.614132811832378,-1.4644567868062586,15.821338237710957,-15.887622447220362,56.89349635082371,14.918825435616842,-47.36095908501503,65.19895823727143,19.68384535431246,78.21086648914385,0.04832707842298456,92.82289528846741
-3.3676976149012896,-1.0258220459226786,1.1988613692480343,-3.1360184294503926,-4.614912709413646,-1.4712750419247718,15.336705849925654,-15.507291135740576,56.65931804208388,14.905216517995104,-47.562846449835185,65.25526694564583,19.983893461108362,78.19335406457176,0.06671072328524064,92.84687685966492
-3.368520143868083,-1.025901109064203,1.1906940780272435,-3.136840958417186,-4.61499177255517,-1.4794423331455624,15.304259304846024,-15.15571867531596,56.69003030950322,15.115136173160662,-47.785866123380295,65.33586084220904,20.328454649749347,78.16185169722782,0.04770741026644654,92.87418723106384
-3.3687112700896513,-1.0260348538903774,1.186681222711751,-3.1370320846387543,-4.615125517381345,-1.483455188461055,15.597001229761922,-15.337681619749803,56.71224800162675,15.282184762064796,-47.89801430103083,65.37299708707951,20.501190691437593,78.14834085266399,0.05002111809979848,92.8873610496521
-3.369377880549434,-1.0265797249460622,1.1771254835997929,-3.1376986950985373,-4.61567038843703,-1.493010927573013,15.842562473639347,-14.776229643866392,56.66606082176973,16.178617987300044,-48.172696777130525,65.46015611676721,20.906291902898094,78.11559816600104,0.10717529771498047,92.91874122619629
-3.3696840678121864,-1.0267222101792124,1.1723059140393985,-3.1380048823612894,-4.61581287367018,-1.4978304971334073,15.945682953231112,-14.785102274281911,56.77785334014049,16.12710208029116,-48.30868051356553,65.50517112273212,21.11024845246665,78.0983065406528,0.1286773287700993,92.93407344818115
-3.369973845138053,-1.027116000120141,1.1682101430617937,-3.1382946596871566,-4.616206663611108,-1.5019262681110124,15.60477491484508,-14.559330097112287,56.55491068405312,16.16425696569539,-48.431580296676174,65.54065553765396,21.282363664433365,78.08491902818353,0.23904177486058176,92.94733905792236
-3.370293742539521,-1.0270993946041493,1.1627428131563473,-3.1386145570886246,-4.616190058095117,-1.5073935980164588,15.788284345820983,-14.821534348223333,56.704381088113685,15.913041685936811,-48.58252872380793,65.59322487796263,21.512832973301208,78.06414049186631,0.07784455058972295,92.96506667137146
-3.3709783521921173,-1.0275139199819368,1.1497794430958708,-3.139299166741221,-4.616604583472904,-1.5203569680769353,15.034130864905984,-13.678795611359996,56.432832398846934,16.31848843656064,-48.954577396178244,65.7121000080038,22.05717591681785,78.01740912595908,0.21192212090569162,93.00565838813782
-3.3712045146370873,-1.027686271626048,1.1419356294035965,-3.13952532918619,-4.616776935117016,-1.5282007817692096,15.251813057258921,-13.83023718929766,56.51488144572379,16.307160426688913,-49.17935815490625,65.78333327211989,22.388067401813206,77.98952111590383,0.1601189070762774,93.02993559837341
-3.372240369068573,-1.0282351563131362,1.1289791490728667,-3.1405611836176766,-4.617325819804104,-1.5411572620999394,15.001882658123945,-13.45362645502958,56.4603414065663,16.32069700246307,-49.56182672126564,65.90178545114583,22.916727403220875,77.93958571803797,0.19557965274945,93.07044219970703
-3.372324126620899,-1.0283859851600283,1.1252207046118046,-3.1406449411700024,-4.617476648650996,-1.5449157065610015,14.961382542660957,-13.429240289947675,56.38107322664676,16.376808095214194,-49.67291972516458,65.93472107658403,23.0737432266733,77.92639841036126,0.08047836275217657,93.08202815055847
-3.3729538004689044,-1.028750035893372,1.1155629163878547,-3.1412746150180078,-4.61784069938434,-1.5545734947849512,15.382473203646134,-13.24218273219093,56.60483048622974,16.784219505506005,-49.96020033322951,66.02193723304156,23.466432363342186,77.88910463602156,0.1750852141718391,93.1111650466919
-3.373224849051367,-1.0286962401284618,1.110653615806648,-3.1415456636004704,-4.617786903619429,-1.5594827953661579,15.22410832469889,-13.208571881819976,56.67729941245066,16.45644071535336,-50.10108322487227,66.06841029621283,23.66587943915246,77.86886655978736,0.1542942069317368,93.12555408477783
-3.373778815514803,-1.029032918240133,1.1023803907885887,-3.142099630063907,-4.6181235817311,-1.5677560203842171,15.296102710680858,-12.999568965970766,56.77010917247336,16.581803951919184,-50.350689482646956,66.14241845218116,23.998475111954253,77.83634365264206,0.07451828350275225,93.15006113052368
-3.3741947242567263,-1.029133567005622,1.0931328857897653,-3.1425155388058297,-4.6182242304965895,-1.5770035253830408,15.895195560164767,-13.199187280757847,57.03470331011454,16.79650601177857,-50.62448606186176,66.22652472642598,24.372006733158397,77.79931257685129,0.20634684103252265,93.1772997379303
-3.3744130718610994,-1.029278043720806,1.0887587451805447,-3.142733886410203,-4.618368707211774,-1.5813776659922612,15.783751484630608,-12.805013591451072,56.892757826499675,17.21940717206368,-50.75719255621802,66.26523765961134,24.54739663370381,77.78206538134359,0.12906246427605428,93.18985295295715
-3.374837283378654,-1.029241407525834,1.0831685876902832,-3.143158097927758,-4.618332071016802,-1.5869678234825229,15.696392222010006,-12.720049614759612,56.89998204700094,17.135278302942783,-50.92230584168194,66.3179429033712,24.767281977560568,77.75755821384813,0.13205499855220637,93.20564007759094
-3.3750543850309556,-1.0291010335180881,1.0747117130731416,-3.143375199580059,-4.618191697009055,-1.5954246980996643,15.80397761114195,-12.825609790595085,57.0301547966623,16.942097035303135,-51.170690662082386,66.39571846571737,25.107385395553973,77.72256563878581,0.0991569497119511,93.22959232330322
-3.3751962444879933,-1.029187230039957,1.0692343596465244,-3.1435170590370967,-4.618277893530925,-1.6009020515262815,15.820712110102125,-12.396753622001643,56.94887489573007,17.49615873817146,-51.336929614228985,66.44395656445023,25.32667587343177,77.70074464670702,0.10224698085225326,93.24524116516113
-3.375721170181366,-1.0290730704004412,1.056087900631133,-3.1440419847304693,-4.618163733891409,-1.6140485105416729,16.049536631425095,-12.036867243956129,57.29275628436706,17.6248391725931,-51.73154803796621,66.56392076085065,25.84477477687381,77.64455154991724,0.17979364946502407,93.28243827819824
-3.3765489649922165,-1.029082402754425,1.0468210938188687,-3.14486977954132,-4.618173066245392,-1.6233153173539372,16.33585697033029,-12.384269532603444,57.733254191267505,16.965812999005937,-52.015551375946345,66.64980992888076,26.196513706632924,77.60187261313192,0.10495157982490833,93.30905485153198
-3.376457616175227,-1.0291108967992053,1.0414204563776344,-3.1447784307243305,-4.6182015602901725,-1.6287159547951715,16.207821879633325,-12.267370690552989,57.6451606476447,16.996093155049437,-52.18153025198364,66.69588194869921,26.413338251940132,77.58078363105754,0.16903446739596673,93.32447361946106
-3.376951477461966,-1.0290582222954476,1.0326856760250718,-3.1452722920110694,-4.618148885786415,-1.637450735147734,16.51150123933192,-12.127824242375368,57.919337543149105,17.12640516172728,-52.45046954371873,66.77516691740155,26.74738307841742,77.54148040107113,0.09397356106805344,93.3493549823761
-3.376887549934833,-1.0289241275319525,1.0275150913672237,-3.1452083644839366,-4.61801479102292,-1.6426213198055823,16.73430284936872,-11.812143403371008,58.00813898611986,17.628150102000067,-52.6073948478209,66.82092548439454,26.95201360016179,77.51978400701589,0.14844291154791867,93.36404252052307
-3.377290525097281,-1.0287436520825288,1.0185466646059007,-3.1456113396463845,-4.617834315573496,-1.6515897465669052,16.98947055988309,-11.968712105759222,58.193949749407544,17.505616030464395,-52.88359337501112,66.9025446846258,27.293279347005615,77.47873752559491,0.101620418627685,93.3907527923584
-3.377380638610542,-1.0285734351629743,1.0143260646026344,-3.1457014531596457,-4.6176640986539415,-1.6558103465701715,17.07175025124434,-11.994637470784758,58.347473680984166,17.348363485857696,-53.012046873768355,66.94119997286018,27.45516102478551,77.4594292265199,0.16954916344878423,93.40288662910461
-3.377417742107468,-1.0285618254353464,1.0059824623411928,-3.145738556656571,-4.617652488926314,-1.664153948831613,17.131478981914874,-11.732410659224655,58.52141483533283,17.401862456035442,-53.2750304603297,67.01275838052743,27.777474579048505,77.42386360455772,0.08036524856513028,93.42824602127075
-3.3778088169773923,-1.0280721193381401,1.0014959198129758,-3.1461296315264957,-4.617162782829108,-1.6686404913598303,17.09242860586941,-11.78011993261897,58.67014174084378,17.0434994401896,-53.406230102061585,67.05895693507615,27.940303311378443,77.39927964902114,-0.020743863033718668,93.44143486022949
-3.3778249321533984,-1.0280811575485,0.9929406868857705,-3.146145746702502,-4.617171821039467,-1.6771957242870354,16.89075213535778,-11.271413060220185,58.52784161049886,17.435620744635727,-53.67936416853683,67.13141502328028,28.267981967086452,77.36253222589984,0.14355382473036693,93.46839022636414
-3.3778644535893885,-1.0276408877762662,0.988734111329317,-3.146185268138492,-4.616731551267233,-1.681402299843489,17.23542711999306,-11.445513115584202,58.796404041715306,17.345382266073965,-53.80369304448193,67.17229626173578,28.426609508873316,77.34146273301926,0.15504459633761547,93.48060846328735
-3.3778645861794443,-1.0277097204408843,0.9803774796805728,-3.1461854007285472,-4.616800383931851,-1.6897589314922332,17.25875089640831,-11.421569583473149,58.73486232628749,17.442261028784962,-54.074803146369256,67.24174632016877,28.744022302946167,77.3055015452801,-0.027932365155096672,93.50750970840454
-3.3781026041902655,-1.0272284980396917,0.9688576669801233,-3.146423418739369,-4.616319161530659,-1.7012787441926827,17.29681985952138,-11.158030384888598,58.854715465958805,17.526235438962992,-54.438281191530464,67.34510026380369,29.171217172222537,77.2503975658196,0.04851794669197629,93.54452586174011
-3.3778935977967013,-1.027090941085241,0.9607944728996959,-3.1462144123458047,-4.616181604576209,-1.70934193827311,17.436917314153884,-10.723845929142993,59.05898020588391,17.842778677394396,-54.698925883413246,67.41244214358977,29.477248158596637,77.21503789423983,-0.13935459787421056,93.57014203071594
-3.3778114041778613,-1.0270458822924395,0.9570483866719356,-3.1461322187269642,-4.616136545783407,-1.7130880245008704,17.52848012665597,-10.589609258810558,59.04758926011107,18.121922562177673,-54.82111545025215,67.4434789818129,29.618476141461887,77.19851804211537,0.12547209575661888,93.58266353607178
-3.3781461552749237,-1.0267094973709432,0.9493667893461936,-3.146466969824027,-4.615800160861911,-1.7207696218266124,17.652793629359916,-10.797494320779641,59.2308533185134,17.755344581319484,-55.068109914936485,67.51279383226768,29.894083580020904,77.15979103356047,0.15288954679433653,93.60715818405151
-3.3778739259567674,-1.0266062823934872,0.9382068729814793,-3.146194740505871,-4.615696945884455,-1.7319295381913267,18.0415567654719,-10.74348506259546,59.31747491229714,18.2015384524042,-55.43754646924322,67.60381856491534,30.310554915497182,77.11013102162929,0.1731946515808933,93.6443305015564
-3.3775720143187415,-1.026283708067554,0.9307625081168663,-3.1458928288678454,-4.615374371558522,-1.7393739030559396,17.961995855878307,-10.355926550661712,59.240346814877725,18.574620487002935,-55.679653477141464,67.66650545789743,30.58857108380124,77.07590171871857,-0.22153829107486311,93.66812825202942
-3.37806543141265,-1.0260684729888863,0.9268800285496327,-3.146386245961753,-4.615159136479853,-1.7432563826231733,18.015018765186927,-10.647553562062383,59.57436699418066,17.798665200478172,-55.8067997501857,67.70349076988349,30.71700459902605,77.05361429597893,0.11341967433399613,93.68083381652832
-3.377933121262703,-1.0256742493029434,0.9187959636768915,-3.1462539358118065,-4.614764912793911,-1.7513404474959144,18.215688875577165,-10.682607910110798,59.76543558737071,17.726299630150653,-56.07180117905387,67.77275323284742,31.011210993116595,77.01453367765184,0.0004350076573937933,93.7071692943573
-3.377986356949418,-1.0251774235901172,0.9077572375288882,-3.1463071714985213,-4.614268087081085,-1.7623791736439178,18.47957237008009,-10.8990757906214,60.03917036427479,17.406748640587004,-56.43819818007681,67.86763228956738,31.404216306700583,76.95949567730786,0.1563760438541446,93.74345135688782
-3.377841350193859,-1.0250690957891622,0.9004967292107159,-3.1461621647429623,-4.614159759280129,-1.76963968196209,18.732788181015074,-10.98925359223237,60.2902457047037,17.26411728453979,-56.685867794413454,67.92594055440574,31.665803891280873,76.92541280165104,0.10875893863625308,93.76749110221863
-3.3779432726441896,-1.0249464616807185,0.8871342959812781,-3.146264087193293,-4.614037125171686,-1.7830021151915278,19.712245696954465,-11.235801329819068,61.15093502414785,17.087992463180825,-57.14820911589028,68.03362768815674,32.13442383877655,76.86029182786066,0.05030247153029732,93.81180477142334
-3.377746395383497,-1.0250220594583883,0.8833343902432572,-3.1460672099326006,-4.614112722949356,-1.7868020209295488,19.64924155639767,-11.151456587569571,61.103854913492185,17.126033978698644,-57.28270847828396,68.06137147545857,32.27266651353413,76.84366085916619,0.18856010776471077,93.82445883750916
-3.377425218119603,-1.0251213203661074,0.875447242981665,-3.145746032668707,-4.614211983857075,-1.794689168191141,19.020956735399,-10.504796635180185,60.49729292297074,17.7287345324477,-57.562018608669774,68.11988026358958,32.55598440058723,76.8080562606672,0.19305119119384218,93.85024189949036
-3.377347551920118,-1.0251512059807755,0.8718327553005832,-3.1456683664692213,-4.614241869471742,-1.7983036558722227,18.995459945893057,-10.309428050440424,60.461617582796435,17.929015831605962,-57.69039348292589,68.14715462987192,32.68346970685333,76.79113557987627,0.20914739684691908,93.86219501495361
-3.3774347543494945,-1.024918085029045,0.8642525695459417,-3.145755568898598,-4.614008748520012,-1.8058838416268643,19.41108968622298,-10.541388591901953,60.806895655569164,17.73379197918694,-57.95455343935391,68.20920950860487,32.942398464244896,76.75220668770145,0.18029138673258727,93.88629865646362
-3.376852190852726,-1.0252109728513001,0.85184947425215,-3.14517300540183,-4.614301636342267,-1.818286936920656,18.867462725918905,-10.371750943988648,60.32022250912113,17.735180796843572,-58.40428094889998,68.29732949266949,33.382926714129795,76.69633281339522,0.018523488048526104,93.92518901824951
-3.3767598611888965,-1.0253806821312357,0.8362658675153871,-3.145080675738,-4.614471345622203,-1.8338705436574188,19.03338431753019,-10.11117234740528,60.377633310484335,18.065058309994217,-58.972340531985076,68.41270171456175,33.9136915696282,76.62024628989367,0.1819418501160759,93.97277688980103
-3.3766770733785783,-1.0255238470884254,0.8294981487902569,-3.1449978879276816,-4.6146145105793925,-1.8406382623825492,18.97582806899407,-10.028804006905077,60.32432813588542,18.09368260491676,-59.22266505699466,68.46114684237101,34.14340422168137,76.58756485872051,0.13410686278669637,93.99280428886414
-3.3765490360801667,-1.025561120109059,0.8262921096638293,-3.14486985062927,-4.614651783600026,-1.8438443015089767,18.908875645050355,-9.85386103000353,60.244994932323785,18.279563104491274,-59.34082217974691,68.48386400883383,34.25389859915087,76.57235215173544,0.08899535340828857,94.0025680065155
-3.376568747468292,-1.0256984911730433,0.8181956918234171,-3.1448895620173953,-4.6147891546640105,-1.8519407193493889,19.070869728478428,-9.748443729326262,60.32779776360625,18.45232705522844,-59.64222412989718,68.54230184170045,34.52320547091881,76.53202210351631,0.1638135602680464,94.02675104141235
-3.3762287402579747,-1.0260819805010666,0.8056777096800591,-3.144549554807078,-4.615172643992034,-1.864458701492747,19.17039756692363,-9.549877631132794,60.35801918313337,18.67618946373747,-60.11486423745445,68.62740029446341,34.94603649676592,76.47232074253004,0.07237309113378565,94.06333065032959
-3.375922264217664,-1.0269033456462118,0.7827754998568154,-3.1442430787667672,-4.615994009137179,-1.8873609113159906,19.33355033237314,-9.473405417430822,60.60984081764971,18.425235814039308,-60.99416706968608,68.78019234174188,35.70112261529608,76.36043953194778,0.19782939664189358,94.12811350822449
-3.375957345846125,-1.027046912693865,0.7783454777450123,-3.1442781603952286,-4.6161375761848324,-1.8917909334277936,19.344661721645565,-9.316063853670945,60.65170595103912,18.51038783286664,-61.16579946632632,68.80999384949102,35.84308083260369,76.33795157442455,0.036051703169568405,94.14067196846008
-3.3758392386256304,-1.0276278424186447,0.7690309609867471,-3.1441600531747333,-4.616718505909612,-1.901105450186059,19.381090483958186,-9.25719405898266,60.70114472878649,18.46832322853135,-61.53401890227403,68.86740894158199,36.145905252510815,76.29317797765297,0.15398054815556428,94.1676037311554
-3.3757775694282364,-1.0278006967103273,0.764776423886582,-3.1440983839773398,-4.616891360201294,-1.9053599872862241,19.377401740305828,-9.20630685722988,60.66441876493148,18.539373771775445,-61.700978159222366,68.89455862877087,36.283261690011074,76.27211373685013,0.222051664610722,94.1799087524414
-3.375608343350752,-1.0280219222334417,0.756020393632898,-3.1439291578998554,-4.617112585724409,-1.9141160175399081,19.59141964716857,-9.357280642804513,60.75829820223396,18.488796456178413,-62.04318995739099,68.95149665459316,36.56492714258562,76.22799027864002,0.18937291779098864,94.20503211021423
-3.3755693026779756,-1.0285900253289126,0.7466649961842262,-3.1438901172270786,-4.61768068881988,-1.9234714149885797,19.597335349365085,-9.354882862257742,60.80328833546239,18.34131722066021,-62.41847558322591,69.00803432730667,36.861453966917466,76.18174294931194,0.11489829658623174,94.23346638679504
-3.375435686885946,-1.0289434181111983,0.7424701394130356,-3.1437565014350493,-4.618034081602166,-1.9276662717597703,19.475861579034547,-9.022396433710425,60.543495815364665,18.887224554838756,-62.5893076883138,69.03118536088085,36.997085398553146,76.16213051310096,0.15489489334400863,94.24655938148499
-3.3753052032671524,-1.029886892896875,0.7297587458047702,-3.143626017816256,-4.618977556387843,-1.9403776653680358,19.19906545511228,-8.346541375525083,60.32752225935552,19.421204562040923,-63.107647705223876,69.10357301193683,37.39770919415405,76.10006981530239,0.3076138425721924,94.2862913608551
-3.3750205423129014,-1.031209985103833,0.7085802614471243,-3.1433413568620048,-4.6203006485948,-1.9615561497256817,18.75758170945261,-7.932416146151839,59.792898227010404,19.83300072442885,-63.97518525631601,69.22386344741112,38.05653354629984,75.99434592714951,-0.23872626467315605,94.35290050506592
-3.3749710275699862,-1.03152221500889,0.7046441597085157,-3.1432918421190896,-4.620612878499857,-1.9654922514642903,18.708389236917718,-7.977761887605094,59.80332534354079,19.646675742620797,-64.13903149796586,69.24489049151856,38.17793761005848,75.97490996501863,0.08256561127170592,94.36561441421509
-3.3748589142743377,-1.031884656593161,0.6999797916347296,-3.1431797288234415,-4.620975320084129,-1.9701566195380764,18.657750133401322,-7.762261109132851,59.68242695104637,19.957187918773627,-64.33341878852221,69.26942749659743,38.32263886961557,75.95205052903711,0.08524959915380581,94.38075971603394
-3.375024828034938,-1.0323132711026355,0.6919859736287137,-3.1433456425840416,-4.621403934593603,-1.9781504375440924,18.834797091624417,-7.929480901476783,59.83732765139313,19.72313521113423,-64.66478732119066,69.31555983701178,38.55918211808642,75.90968119011758,0.20689625447818782,94.40626859664917
-3.375169618436442,-1.032610574483532,0.6871877452969954,-3.1434904329855455,-4.6217012379744995,-1.9829486658758104,18.87488823359089,-7.907919737836187,59.92955162081993,19.614279354026976,-64.86536816068583,69.3426623035747,38.69940408557721,75.88416124174131,0.07344497086497626,94.42118978500366
-3.375100349217004,-1.033240989283897,0.6792965864846315,-3.1434211637661074,-4.622331652774864,-1.9908398246881744,18.906071664340836,-7.782165737610746,59.882465589648646,19.80158951701472,-65.1985779463645,69.38315560149513,38.93737700831157,75.8444917933675,0.1999118994827973,94.44646525382996
-3.374908056546634,-1.0334995095139226,0.6734175792137328,-3.1432288710957375,-4.62259017300489,-1.9967188319590732,18.764952819695257,-7.509828563357238,59.7183347708562,20.09325917781611,-65.44339286159776,69.41505020759045,39.11625615026509,75.81428951634153,0.18912379499792387,94.4645209312439
-3.374914200706069,-1.0341845334129511,0.665028868195924,-3.1432350152551725,-4.6232751969039185,-2.005107542976882,18.64675237210398,-7.167298916509222,59.58537262517814,20.420767729927327,-65.80094464693347,69.45717851607748,39.36430604165114,75.77143284278604,0.1000116935560289,94.49129009246826
-3.3752057626286915,-1.034206598180439,0.6607448806637689,-3.143526577177795,-4.623297261671406,-2.009391530509037,18.737525461759375,-7.402842825584002,59.66917117477565,20.12004862403382,-65.97857856682188,69.48448035719673,39.481198099663935,75.74604334668757,0.10214111503905121,94.50430154800415
-3.3749057919126613,-1.0354182805617091,0.6401516011320092,-3.1432266064617647,-4.6245089440526765,-2.029984810040797,18.633232321899175,-6.614218992708048,59.328086536270646,21.20138959888689,-66.85616013032895,69.5888500583603,40.086300363730054,75.63855346897085,0.1276609575333283,94.56881880760193
-3.374951165683116,-1.0355706864252179,0.6350591359079371,-3.1432719802322193,-4.6246613499161855,-2.035077275264869,18.517987269913082,-6.644435251483031,59.35797090070494,20.883942241086707,-67.07232075293827,69.61669342796814,40.2304626288761,75.61030846106341,0.13036154455423743,94.58415675163269
-3.3751329381548896,-1.0358376268019436,0.6256426945174571,-3.143453752703993,-4.624928290292911,-2.044493716655349,18.756964865811675,-6.957528594325032,59.701369105002435,20.258596522161973,-67.4737121629412,69.66823656039661,40.492720592929416,75.55732247637417,0.13529880485183865,94.6121871471405
-3.375363043061845,-1.0359075895335992,0.6213679006916837,-3.1436838576109483,-4.624998253024566,-2.048768510481122,18.790602653288325,-6.841261455954803,59.68641129047921,20.428239945605203,-67.65608215429131,69.69284674141248,40.606959389471534,75.53215608372722,0.1374503880755662,94.62489151954651
-3.3750939753636855,-1.0362423996322576,0.612247441630726,-3.1434147899127893,-4.625333063123225,-2.05788896954208,18.741267864647806,-6.44918281573338,59.3770851054017,21.214056972235504,-68.04835869027968,69.73810550977183,40.86987392489943,75.48318131090471,0.21750630590880782,94.6519033908844
-3.375077953592951,-1.036443102470204,0.607256285724671,-3.1433987681420543,-4.625533765961172,-2.062880125448135,18.67504160859429,-6.043023251629649,59.21616622824187,21.78923390864262,-68.26450194740084,69.76297170094415,41.00958508567866,75.45573671825171,0.06066563876280817,94.6667811870575
-3.375389094149087,-1.0365454101126033,0.6030339897016641,-3.1437099086981903,-4.62563607360357,-2.0671024214711418,18.59337847682737,-6.139523382488323,59.34515366700337,21.293706102134397,-68.44736492142852,69.78647794879565,41.118520597849994,75.43047631224277,0.142522152306646,94.67943739891052
-3.3756122790579606,-1.0368620529233175,0.5870928100675974,-3.143933093607064,-4.625952716414285,-2.0830436011052087,18.86147018709042,-6.153259277503101,59.521527421791546,21.267377007328417,-69.13843174210807,69.8695238123748,41.550221947975004,75.33898905880216,0.16016077834249653,94.72681665420532
-3.375649959224186,-1.0370275772235802,0.5829374037996765,-3.1439707737732894,-4.626118240714548,-2.0871990073731297,18.761185562853296,-6.175447911661201,59.438581395770356,21.170427004908237,-69.32097894310095,69.88946091489323,41.66272952301414,75.31563042909858,0.30780071407709775,94.73966860771179
-3.3759357016204703,-1.0369891662933024,0.5731221553050575,-3.144256516169574,-4.62607982978427,-2.0970142558677485,18.740029607588074,-6.240961704576373,59.656965289813,20.6038111592843,-69.74703000142095,69.9429653582196,41.919404316180525,75.25681300100901,3.0714442061588825,94.76903510093689
-3.3758272797458524,-1.0370919382110484,0.5690655809302295,-3.1441480942949553,-4.626182601702016,-2.1010708302425765,18.90664133730909,-6.211695273882839,59.77701273508609,20.675167862913067,-69.9253016833501,69.96191517553453,42.03133462229473,75.2342260370177,3.0736120673346936,94.78126287460327
-3.3759722789385957,-1.0373911882952513,0.5615457971399704,-3.1442930934876996,-4.6264818517862185,-2.1085906140328357,18.635111762310814,-5.6172227283448475,59.43793090915226,21.404014758501784,-70.25937129222218,69.99684609596778,42.22942789728426,75.19124121630253,3.077533214815117,94.80523252487183
-3.3760472392533165,-1.0373412892366554,0.5489241065840575,-3.14436805380242,-4.626431952727623,-2.1212123045887483,18.66933533477375,-5.528823401604522,59.47559183717452,21.37916382010198,-70.81376226399824,70.06113998431694,42.56024747210624,75.11634584210859,0.13278196854269497,94.84320902824402
-3.3762541162726305,-1.0374471696315521,0.5397961950941362,-3.144574930821734,-4.626537833122519,-2.13034021607867,18.587028043899906,-5.435751670805497,59.446768078096355,21.305167640160484,-71.21975831497149,70.10535247815814,42.79400903339185,75.06208385592456,0.18898879446883088,94.87158823013306
-3.376268869521037,-1.037475563398299,0.5356220063053317,-3.14458968407014,-4.626566226889267,-2.134514404867474,18.60580610300396,-5.361040020047689,59.417079902819864,21.432515218572775,-71.40558959119811,70.12514657800178,42.9022197130221,75.03746555147582,0.12542655059205865,94.88439893722534
-3.37640980129684,-1.0373518307419567,0.5305213901084973,-3.144730615845943,-4.626442494232924,-2.1396150210643086,18.58387950603998,-5.600688434511907,59.48926793624574,20.94070516071657,-71.6310545048503,70.15200199701805,43.02982716037098,75.00582748690104,0.1372725564828361,94.89931678771973
-3.376404149049754,-1.0372438646652136,0.5216051265277086,-3.1447249635988577,-4.626334528156181,-2.1485312846450975,19.03718719715853,-5.351034974330531,59.56175158887695,21.78228997157507,-72.02786442465411,70.19541960274962,43.25858020843154,74.95219687251507,0.2261793641754557,94.92620515823364
-3.3767423172264643,-1.0368764749286241,0.5172454111101992,-3.1450631317755677,-4.6259671384195915,-2.1528910000626067,19.441131418757372,-5.492764915239464,59.82613737422712,21.802041293886298,-72.21862800037712,70.22265521802441,43.35916404697923,74.92249224882926,0.1529907167537563,94.93870162963867
-3.3765397667115042,-1.0373142207175892,0.5094431368283475,-3.144860581260608,-4.626404884208556,-2.1606932743444585,18.955357060063797,-5.027826062052424,59.45460078575922,22.084192306713064,-72.57582019796133,70.25084977270451,43.565208343729005,74.87939666365686,0.3871118990769027,94.96354508399963
-3.3765472560617,-1.037187443541571,0.5012153036679323,-3.144868070610803,-4.6262781070325385,-2.1689211075048735,18.765381815078115,-5.332063048480716,59.52220760922134,21.214148610097755,-72.94573082232941,70.28953402827372,43.77192776990254,74.82933017589889,0.1941285707656668,94.98779368400574
-3.377250285767286,-1.0366051653565058,0.49179737012657376,-3.1455711003163893,-4.625695828847473,-2.1783390410462324,19.015632336826783,-5.5957508592576435,59.92004104074883,20.558880371215544,-73.36647322326532,70.34284367408823,43.986236868031455,74.76615492204039,0.15135613202128528,95.01505327224731
-3.376729572410494,-1.037063646801875,0.4871747612757621,-3.145050386959597,-4.626154310292843,-2.182961649897044,18.761424561685256,-5.137410175124389,59.61317081399156,21.14010761228333,-73.58241534456396,70.35335595910666,44.117333570910716,74.74335972006529,0.15410977667595382,95.02986788749695
-3.3768556098537608,-1.0368341814199888,0.4819479272317093,-3.145176424402864,-4.625924844910957,-2.1881884839410968,18.681669769440536,-4.880885209767958,59.43197775627417,21.56777149236097,-73.81817522051786,70.3795387754883,44.242231682709885,74.70992016369311,0.15186702509005734,95.04526972770691
-3.3768848255177923,-1.0365796537162717,0.46972907802514674,-3.1452056400668957,-4.6256703172072395,-2.200407333147659,18.509769880600093,-4.185463237879577,59.14559266011699,22.476200289977527,-74.37521533611374,70.43408824716728,44.54032712871495,74.63438941426327,0.02645670444793158,95.08195924758911
-3.376978754644096,-1.0365974101939852,0.4620830832787446,-3.1452995691931993,-4.625688073684953,-2.2080533278940613,18.182903989217042,-4.055475863938266,59.02303187746092,22.20462458415795,-74.72807430558723,70.46515021533713,44.72429253923451,74.58769046064862,0.07714594710971934,95.10577654838562
-3.377110515709685,-1.0363985200906047,0.45208422705975804,-3.145431330258788,-4.625489183581572,-2.218052184113048,18.007828867568605,-3.888763442111735,59.014981467921345,22.012548662900294,-75.18854151900386,70.5080827915351,44.96142349013506,74.52511670885082,0.2274010326950453,95.13654279708862
-3.3770214027625864,-1.036147577993801,0.4444756776922668,-3.14534221731169,-4.625238241484769,-2.225660733480539,17.982924286107757,-3.401683776855899,58.818868804084765,22.8328535408757,-75.53874617763283,70.54050833431151,45.144693489535385,74.47761784229671,0.1841681259585357,95.16013193130493
-3.3769856581932434,-1.0358230489801818,0.4365688987477814,-3.1453064727423468,-4.624913712471149,-2.2335675124250245,17.980369497524947,-3.4682801257744074,58.852120631790775,22.610129114125026,-75.90342537384811,70.57474205878944,45.33198574014287,74.42752195844083,0.22077721787122728,95.18513536453247
-3.3770988249775247,-1.035374162871612,0.425090594566514,-3.1454196395266276,-4.62446482636258,-2.245045816606292,18.11228458578436,-3.314837913983565,58.87540904693872,22.871053324614394,-76.43604250751167,70.62367098967334,45.597411220734564,74.35402520922997,0.13702757940834687,95.22187376022339
-3.3771151457765405,-1.0349789713939823,0.4172749308217235,-3.145435960325644,-4.6240696348849495,-2.2528614803510827,18.182555974250526,-3.3466075211051804,58.97771107458801,22.698824760465424,-76.79922457789823,70.65714980679775,45.77756655082046,74.30358610141955,0.24858441895614813,95.24649119377136
-3.3769371015747827,-1.0348806710969771,0.41330150084299067,-3.145257916123886,-4.623971334587944,-2.2568349103298155,18.2509845259864,-3.179695331427577,59.00606333812591,22.935101280226235,-76.98517853379956,70.67143806210666,45.87404420899438,74.27929251795113,0.25056367718587147,95.25942659378052
-3.377147232152608,-1.034175441866754,0.39898649906564765,-3.145468046701711,-4.623266105357722,-2.271149912107158,18.567620608066072,-3.0779695963009295,59.40096468429431,22.778286105667505,-77.65584871039263,70.73088496802285,46.19502339244479,74.18590015292463,0.2665291077863219,95.30452013015747
-3.377221280815684,-1.0338581389846524,0.39200598983452106,-3.1455420953647875,-4.622948802475619,-2.278130421338285,18.811584167835733,-3.2261843561621473,59.570166501004856,22.654206232512376,-77.98476571129792,70.75846136202678,46.350902787889666,74.14051890781666,0.11492541953065238,95.32705473899841
-3.377286503794347,-1.0337399312137634,0.3884097367953686,-3.1456073183434503,-4.62283059470473,-2.2817266743774374,18.793329019211708,-3.147837581764951,59.51063193517113,22.784932289386404,-78.15517159182605,70.77189752684474,46.43040863529126,74.11726400614042,0.05090946823747089,95.33838963508606
-3.3773874713838676,-1.0331148674141775,0.3799024953321497,-3.1457082859329706,-4.622205530905145,-2.2902339158406564,18.98249428682626,-3.4553903894391307,59.80676328787208,22.133884637431382,-78.55562547945138,70.80799884566929,46.61669185216398,74.06036828355329,-0.03443461417185434,95.3643901348114
-3.37700688759472,-1.0329140025714163,0.37193101596869194,-3.145327702143823,-4.6220046660623835,-2.298205395204114,19.16788602997253,-3.2730097496470787,59.8625117298293,22.505860405651354,-78.93519078737023,70.83290584617188,46.80434016296255,74.01115556606389,0.13840727881287496,95.3895001411438
-3.3773420359385007,-1.0327808426181118,0.3677662589603189,-3.145662850487604,-4.621871506109079,-2.302370152212487,19.18995980332359,-3.022558670840585,59.93773958273687,22.67400122051391,-79.13487943278669,70.84867287530076,46.88814318378502,73.98306269468152,0.17775253639210487,95.40243601799011
-3.377087704396656,-1.032493406937458,0.3601088224811102,-3.14540851894576,-4.621584070428425,-2.3100275886916957,18.983667190985468,-2.489065463851044,59.73568783127891,23.25327315339932,-79.5005640951399,70.87346436404032,47.063152823860094,73.93463014715097,0.07352055520318679,95.4259901046753
-3.3771854327388855,-1.0320131768781107,0.3484378718210165,-3.1455062472879893,-4.621103840369078,-2.3216985393517895,19.070410200402193,-2.698426789439382,59.981007435432836,22.58196051320551,-80.06075989099453,70.91290267929641,47.31509904915967,73.85843412711006,0.10703361824913404,95.46142935752869
-3.377146428969774,-1.031738444481466,0.3390253113983467,-3.145467243518878,-4.620829107972433,-2.3311110997744593,18.987926990389983,-2.2983893513019207,59.8536422827581,23.061502517192086,-80.51515867938242,70.94120459137831,47.52003390702738,73.797972754623,0.27096934222960023,95.49015808105469
-3.3770674309855977,-1.0314689952203504,0.3341059026802672,-3.145388245534701,-4.620559658711318,-2.336030508492539,19.06571491754234,-2.458140444122487,59.97248223834041,22.735044896645128,-80.7520500739334,70.95718600408559,47.627155214092895,73.76581566735832,0.08087578828961162,95.50504446029663
-3.377066474288635,-1.0310395638150958,0.3208302385925892,-3.1453872888377385,-4.620130227306063,-2.3493061725802167,18.760734670955188,-2.091965716683683,59.81583846472761,22.775241257276083,-81.39648841731898,70.99532395617028,47.91041178882449,73.67977387068791,0.133949004529764,95.545334815979
-3.376906922914224,-1.0311055709291868,0.3168179726057817,-3.1452277374633275,-4.620196234420154,-2.3533184385670243,18.67774057527105,-1.8387892593536366,59.60097261527272,23.292505140331215,-81.59303524540259,71.00265516027426,48.00059168896946,73.65549007648877,0.004596638676193088,95.5580747127533
-3.37700994152709,-1.030813469706034,0.30870775511665877,-3.1453307560761936,-4.619904133197002,-2.3614286560561473,18.57133371093358,-1.6748909951148738,59.55979364868657,23.289074355212712,-81.98862862037667,71.02541032751232,48.16858500405377,73.60218747378534,-0.00579341989183213,95.58295822143555
-3.377116557044001,-1.0304830631506896,0.30063691730010633,-3.1454373715931045,-4.619573726641657,-2.3694994938726994,18.752208621465993,-1.7488582390825518,59.686788333326106,23.20281548071722,-82.3830683022869,71.04785465229408,48.334194710037,73.5488158995642,-0.08660722636231677,95.60730504989624
-3.377061225400396,-1.03047016213549,0.29688488468996077,-3.1453820399494994,-4.619560825626458,-2.373251526482845,18.634271636498177,-1.5799443812513354,59.56735324073561,23.376786496558807,-82.56756434869024,71.05534655848174,48.41428885579454,73.52520330235596,0.10286315697609938,95.6192843914032
-3.376987158681194,-1.0301018079041322,0.28671941919753585,-3.145307973230297,-4.6191924713951,-2.3834169919752703,18.41999654539917,-1.641535938100196,59.414812158448036,23.06783226043098,-83.0662438365164,71.08020940783318,48.62598124319467,73.45889305267323,0.05593104697545348,95.65029191970825
-3.3772740720047043,-1.029703630978031,0.28233634980411304,-3.1455948865538077,-4.618794294468998,-2.3878000613686927,18.554280233765965,-1.6873960022738408,59.467277095643446,23.11381452767975,-83.28086305040831,71.09573127925309,48.707189526225804,73.42765463359801,0.05769205212201722,95.6634042263031
-3.3771169751056074,-1.029545829894723,0.27457724843914183,-3.1454377896547108,-4.61863649338569,-2.3955591627336643,18.605874657705574,-1.3182653665597466,59.307327363291854,23.885865441388464,-83.66362285878967,71.1110064714992,48.870169208630756,73.37801822582836,0.061349568290105516,95.68765163421631
-3.3772797574420137,-1.0294625288018489,0.27064305463799004,-3.1456005719911166,-4.618553192292817,-2.399493356534816,18.73054348267468,-1.3219635914768058,59.40583072103704,23.881127549803736,-83.85848813679205,71.11967233116873,48.946321941633784,73.35189368448276,0.20853819044457556,95.69983530044556
-3.3778391608033314,-1.028930399854337,0.26191272762730194,-3.1461599753524347,-4.618021063345305,-2.408223683545504,19.105356079575934,-1.8917389280345218,59.854951122583664,22.91773366292033,-84.29004625208086,71.14447100032245,49.107209940056535,73.291101784813,0.2121510711324226,95.72648906707764
-3.3776728818286386,-1.0288187741491048,0.25788020908806364,-3.145993696377742,-4.617909437640073,-2.4122562020847425,19.097556250104816,-1.6267815637136005,59.76911573396238,23.352832937092774,-84.4895968482331,71.15148878321843,49.19248886235877,73.26536045943487,0.09207871590025629,95.73885488510132
-3.377834605589395,-1.0285316876651929,0.24909355074749162,-3.1461554201384985,-4.61762235115616,-2.4210428604253145,18.832674022507522,-1.3040518568949828,59.384397080991334,23.88066916107314,-84.9259701704537,71.16923560877876,49.36400428465565,73.20701098971067,0.11475792337826496,95.76598691940308
-3.3781892855687747,-1.0282323837266623,0.23983414809990689,-3.146510100117878,-4.61732304721763,-2.430302263072899,18.92249813999162,-1.7000689076291964,59.5746029149679,23.081186024279774,-85.3872055907199,71.18767319443371,49.53875321695432,73.14478658129272,0.20793298704257257,95.79521942138672
-3.3783206194560282,-1.0281543300066969,0.23608412383933086,-3.1466414340051316,-4.617244993497664,-2.434052287333475,18.744037505209,-1.4819726724850533,59.452551529719756,23.208548012903165,-85.5744459160481,71.19409395392749,49.609690368015784,73.11986254934894,0.209587800895068,95.80740642547607
-3.3783119423257295,-1.0280455786595089,0.23231878801783795,-3.146632756874833,-4.617136242150476,-2.437817623154968,18.610579698271145,-1.364414348303074,59.394251148761235,23.17408676126012,-85.76215965722835,71.200151376387,49.68395832767004,73.09515611890828,0.056466451926693306,95.81957292556763
-3.3787962438443575,-1.0276218822417835,0.22359399718863726,-3.147117058393461,-4.616712545732751,-2.4465424139841687,18.541700445988717,-1.4243779034837785,59.35104506940315,22.9430234914786,-86.19804082920744,71.21852357849757,49.84156383766642,73.03503192096098,-0.07125675994739211,95.84703278541565
-3.378832698207813,-1.027540671778981,0.21988472130736997,-3.1471535127569163,-4.616631335269949,-2.450251689865436,18.35937282411023,-0.9304489112233011,59.11730741761942,23.63035623223679,-86.38363805126413,71.22369400056581,49.912996300944485,73.01064062651804,0.03832119161008629,95.85927891731262
-3.3788994549863482,-1.0274718317217557,0.21179071298625657,-3.1472202695354516,-4.616562495212723,-2.4583456981865495,17.931160796739782,-0.060245853871012695,58.664378377447186,24.711505500639984,-86.78939212309945,71.23260590425363,50.069071542819636,72.95804983820973,-0.028367661379368858,95.88625502586365
-3.3791683949978015,-1.0271499601600071,0.20766888581522824,-3.147489209546905,-4.616240623650975,-2.4624675253575776,17.990392007895245,0.007653984506562585,58.66480104859722,24.862374477959982,-86.9957377278609,71.24235882671222,50.14051519453325,72.92873391243559,-0.01734685141835879,95.89897418022156
-3.379578334129532,-1.026506386443092,0.19772755133638215,-3.1478991486786354,-4.61559704993406,-2.472408859836424,17.948503019808186,0.10665420485441048,58.57105096273151,24.972861030436395,-87.49417396598227,71.26176622375789,50.31840859419364,72.85960300348917,-0.050775163837545545,95.93008732795715
-3.3800926442879877,-1.026068699666957,0.19121616745032072,-3.148413458837091,-4.615159363157924,-2.4789202437224853,18.254240922211178,-0.4311087918849981,59.06055443055745,23.84092802904364,-87.82168699804929,71.27517606251561,50.42793339570726,72.81333120102526,0.05031793088424896,95.95024132728577
-3.3803737934250564,-1.0259256098048164,0.18824433895747422,-3.14869460797416,-4.615016273295784,-2.4818920722153317,18.426060891586864,-0.6476848021624562,59.2092635503248,23.564089375028374,-87.9715466738713,71.28044986856025,50.47692983830928,72.79237512619774,0.17817038084241288,95.95997643470764
-3.3804510351459878,-1.0256977474746989,0.180946052636824,-3.148771849695091,-4.614788410965666,-2.489190358535982,18.021415374106756,-0.20942685370368053,58.8589265689355,23.94281928776399,-88.3388960141035,71.288084393449,50.61244551333524,72.74374697959293,0.23767905611600915,95.98415660858154
-3.380643578177376,-1.0252247603368798,0.17519930561457908,-3.148964392726479,-4.614315423827847,-2.494937105558227,18.152851872497617,-0.3695664177056103,59.03653874196092,23.576087775598445,-88.6281166087757,71.29876274390398,50.71344385825575,72.70325451010524,0.1883956624018528,96.0016610622406
-3.380802841015048,-1.0250995415390298,0.16784877315820262,-3.149123655564151,-4.614190205029997,-2.5022876380146033,17.780065127446225,0.43313367737173486,58.7246737594735,24.42401924429996,-88.99913126650046,71.30393064194126,50.847068272180096,72.65453073313257,0.1493990374185712,96.02594947814941
-3.380732096009168,-1.024796414364415,0.15879509985442686,-3.149052910558271,-4.613887077855383,-2.511341311318379,17.140824315801606,1.4215595990794943,58.249407856131185,25.324714812097053,-89.45571596711092,71.31034559992972,51.01600177294923,72.59450063619394,0.1581061278271405,96.05477976799011
-3.381013514261554,-1.0245760972194953,0.15500353304395648,-3.1493343288106574,-4.613666760710463,-2.5151328781288496,17.292214589794,1.3636898122485595,58.3739525075985,25.249174700902962,-89.64759233715978,71.31561498385342,51.07820665080064,72.56773823620472,0.009467312303858222,96.06680345535278
-3.3810626508975656,-1.0244836845423795,0.15105537411997205,-3.149383465446669,-4.613574348033347,-2.519081037052834,17.192217149856415,1.544617882457883,58.284035524861,25.424963072363493,-89.84711785342544,71.31762385498092,51.149547781166014,72.54148937465978,0.08626386813568487,96.07912921905518
-3.381431303495283,-1.0239458918700428,0.142087199265028,-3.1497521180443866,-4.61303655536101,-2.5280492119077778,17.23575123326683,1.1163685741160927,58.37838574847814,24.622543333694683,-90.30091658155533,71.32769557807738,51.30235657921503,72.47904464734178,-0.08367962999771983,96.10658621788025
-3.3814002633247515,-1.023696526117913,0.13795443705898847,-3.149721077873855,-4.612787189608881,-2.5321819741138176,17.241400538834114,1.0511322493407804,58.27061953476587,24.71079103726626,-90.50980494930123,71.33105154345215,51.37720716717956,72.45091606038298,0.04945695693997587,96.11884951591492
-3.38134358273615,-1.0233141065174962,0.1295653421569251,-3.1496643972852536,-4.612404770008464,-2.540571069015881,17.50483455189955,1.2912108826162887,58.21663577339345,25.553488480245914,-90.93412636564877,71.33526388806409,51.52896900786179,72.39447592640892,-0.040743830239602374,96.1440896987915
-3.381444183326996,-1.0230262467169957,0.12403676055866664,-3.1497649978760993,-4.612116910207963,-2.5460996506141393,17.389763978927395,1.3226922863792037,58.31970459618682,25.10163718924314,-91.21420451488235,71.33872104886328,51.62482921583842,72.35658481971628,0.041327898834297105,96.1611762046814
-3.3816624828246287,-1.022416145849951,0.11521724974414238,-3.149983297373732,-4.611506809340918,-2.5549191614286637,17.251637797490236,1.3584680478574003,58.34954862272742,24.702578472783394,-91.66148281328097,71.34598880522938,51.77442529119227,72.29502746773008,0.04491152462608694,96.18773460388184
-3.3813585481724644,-1.0223833665467885,0.1107006789608625,-3.149679362721568,-4.611474030037756,-2.5594357322119436,17.22236911696063,1.6303021287981827,58.223131291777584,25.21281603771002,-91.88959547235865,71.34301900617841,51.86237455182945,72.26647485179083,0.04705604154092491,96.20225024223328
-3.381052329868102,-1.022096181739974,0.10289458388339212,-3.1493731444172055,-4.611186845230941,-2.567241827289414,17.062911659313464,1.9657647234088473,58.065453115047234,25.573008660492654,-92.28454176249925,71.34183614625583,52.0068733981445,72.21501721174634,0.05055203682013021,96.22655367851257
-3.3811500265074823,-1.0219597377495924,0.09827400479785953,-3.1494708410565857,-4.6110504012405595,-2.5718624063749465,16.906524244400913,1.8690723588969753,58.034037451702375,25.122317220216676,-92.518842497037,71.34152903874775,52.085499529580574,72.18382719911752,0.25425475959639243,96.24121761322021
-3.3813470659517066,-1.0213127473145422,0.09057912286596298,-3.14966788050081,-4.610403410805509,-2.579557288306843,16.8840490307465,1.703927540718714,58.06550648779149,24.685061224552644,-92.9098920642491,71.34704470002352,52.21219833262688,72.12929871590912,0.14000377607289005,96.26519727706909
-3.3811641133325385,-1.021179098343863,0.08660379117375003,-3.149484927881642,-4.6102697618348305,-2.583532619999056,17.06556912079317,1.4016117270620712,58.20728954793408,24.299288771540002,-93.11105159639126,71.34513860969969,52.28541455563024,72.10319589879151,0.14179165089662193,96.27762508392334
-3.380735385791226,-1.0210895443497994,0.0782016980099979,-3.1490562003403295,-4.6101802078407665,-2.591934713162808,17.072980781264466,1.4292063095729208,58.17407920574859,24.307516402909556,-93.5356346990047,71.3372154809928,52.441623442331135,72.0492363656451,0.1456705236924618,96.3059070110321
-3.380544929292397,-1.021016027248817,0.0744989882870318,-3.1488657438415,-4.6101066907397845,-2.5956374228857744,16.807379697533168,1.785649883678994,57.93640288307411,24.690847783129378,-93.72276299290074,71.33394116681531,52.509937385241294,72.02524182218283,0.06760162942780346,96.3182020187378
-3.3797948442777805,-1.0207920243629305,0.06622598059930002,-3.148115658826884,-4.609882687853898,-2.603910430573506,16.494642117589397,2.482789579029164,57.45595433863461,25.90080847331552,-94.14029702982013,71.32536802450362,52.66914915381297,71.97225250507648,-0.02234486923856016,96.34525156021118
-3.3795418698622197,-1.0206789133222711,0.0618105718962835,-3.147862684411323,-4.609769576813239,-2.6083258392765223,16.088690933397565,2.970504611138047,57.00429600054384,26.621493836185998,-94.36333155912858,71.32099965309042,52.75023294322642,71.94351722814875,0.04534876911544927,96.36011004447937
-3.379077358787605,-1.020630820949436,0.054608327194168,-3.1473981733367085,-4.609721484440403,-2.615528083978638,15.71517684943783,2.989094115942964,56.590214930331186,26.632192434394078,-94.7264320758737,71.3109514649093,52.88398624560852,71.89756190582737,0.001787619263915019,96.38432502746582
-3.378350129770758,-1.0201505054547575,0.039008205026007436,-3.1466709443198613,-4.609241168945725,-2.6311282061467987,15.605715968855618,2.869616504699112,56.57060273839712,26.074957771634228,-95.51403056858334,71.29390745158634,53.161996761137075,71.7948095547271,0.008735254393029024,96.4347243309021
-3.3782361332287305,-1.0200194833408056,0.035272555160960783,-3.146556947777834,-4.609110146831773,-2.634863856011845,15.677962002897553,2.798485913587378,56.65759580907972,25.893741098647407,-95.70266464191897,71.28986514195829,53.226517540047546,71.76989837279876,-0.04124974934102488,96.4471960067749
-3.3783462737765877,-1.0198364633910566,0.031307216772506696,-3.146667088325691,-4.608927126882024,-2.6388291944002993,15.747083769703675,2.913724965226296,56.63169343245811,26.1967588939137,-95.90345328958526,71.28712295739085,53.28904673157954,71.74248827188698,-0.0349597802327164,96.45937871932983
-3.3776780514283855,-1.0197121647010874,0.022863302625721255,-3.1459988659774893,-4.608802828192054,-2.647273108547085,15.93963634562324,2.9714332671540338,56.61345225559873,26.590387577139175,-96.32786450407436,71.27226499009564,53.44447128580096,71.68836081473715,0.06748894741933098,96.48617935180664
-3.377603514244716,-1.0193135611108926,0.01885821748922073,-3.1459243287938192,-4.60840422460186,-2.651278193683585,16.42155181835407,2.4882397450757328,57.065002348800775,25.927032881529165,-96.53116438180079,71.27126142936902,53.509900391197405,71.65995966121707,0.07377317050543297,96.49840044975281
-3.37659306922483,-1.019512906341421,0.011312193106820162,-3.1449138837739334,-4.608603569832388,-2.658824218065986,16.226821208400832,2.6515603532676315,56.88017118106337,26.032148403521198,-96.90749137562473,71.25003761627877,53.65921850551517,71.61454150074094,0.08228370870419566,96.52321243286133
-3.3759788025555024,-1.0195171946768626,-0.00013342795912402172,-3.144299617104606,-4.60860785816783,-2.67026983913193,15.984187528261423,2.7047614135579274,56.74443100188165,25.72889228257974,-97.48046413184217,71.22527573168611,53.86060719414723,71.54108174146647,0.14850496307450456,96.56112003326416
-3.3756346647566873,-1.0193758239218704,-0.011711777143925017,-3.1439554793057907,-4.608466487412838,-2.681848188316731,16.045343880928417,2.6529617964574723,56.84761614447043,25.40445908503981,-98.06016185958852,71.20198481784529,54.05502370032768,71.46501492216817,-0.020011975490223932,96.59904289245605
-3.375051373402692,-1.0195920689383924,-0.018907374279887507,-3.1433721879517957,-4.60868273242936,-2.6890437854526934,15.857345171400787,2.957122348099761,56.73930341891777,25.55914592318256,-98.41707981028964,71.18019984991683,54.185538059058594,71.42053487050433,0.049122997603596286,96.62360262870789
-3.3746409936319997,-1.019399697824271,-0.029943078171195542,-3.142961808181103,-4.608490361315239,-2.7000794893440014,16.241868444483604,2.766759304557792,57.149222000462586,25.076772677747027,-98.96767192267025,71.15578549046319,54.36958139319575,71.34780035450555,0.05394367340571504,96.6596999168396
-3.3737045103379115,-1.0198701174224303,-0.04417443128951054,-3.142025324887015,-4.608960780913398,-2.7143108424623166,15.930133587024784,3.7339664304431546,56.90066165098101,26.102805236179414,-99.66947823719366,71.10897643702566,54.61866902585181,71.25921673069033,0.07002652756601568,96.707439661026
-3.373577061617369,-1.019853151950209,-0.047700426992669784,-3.141897876166473,-4.608943815441176,-2.717836838165476,16.0011053631374,3.7553035234832377,56.883924464485766,26.268586570917712,-99.84410525193056,71.09950891013733,54.67665523493685,71.23617675213865,-0.05979540782854098,96.71903467178345
-3.373689758265769,-1.0197622110504152,-0.05520086705198046,-3.1420105728148724,-4.608852874541382,-2.7253372782247864,16.132558031873288,3.868859559200897,56.58669526507197,27.205090899735705,-100.2161212633639,71.08146275515209,54.79021902669601,71.18575684707245,0.10281220302867533,96.74376893043518
-3.372907918649988,-1.0198734035402868,-0.05925065944868242,-3.1412287331990916,-4.608964067031254,-2.729387070621488,15.845236405893493,4.1876207309490985,56.24431689411739,27.717258770291078,-100.41392846332896,71.0650128904267,54.8717680560199,71.16179352688705,0.020476529586991976,96.75817656517029
-3.3729663256989433,-1.019784721756441,-0.06648499157865193,-3.141287140248047,-4.6088753852474085,-2.736621402751458,16.17786994415977,3.8676055466069315,56.62214182961263,27.062462707731825,-100.77153842863541,71.04630639476619,54.98138573908746,71.11325764040214,0.0234641748522586,96.78235650062561
-3.372952903150992,-1.019918687406358,-0.0737543270650788,-3.1412737177000953,-4.609009350897326,-2.743890738237885,16.5551270794771,3.91925767221591,57.262617282399844,26.480383193363178,-101.12802345440504,71.02307468969533,55.09400705993432,71.06596389685166,0.026591625423917797,96.80785083770752
-3.372874922987945,-1.0201102179805612,-0.07721932421064814,-3.1411957375370485,-4.609200881471528,-2.7473557353834543,16.646353377713073,4.037456461034514,57.430982778047984,26.43026153284554,-101.29635243207817,71.00947700162142,55.14994489215336,71.04435055367776,0.004710767957831763,96.82004284858704
-3.3725311171916506,-1.0205069596159928,-0.08387012588355337,-3.1408519317407535,-4.609597623106961,-2.7540065370563593,16.671663109680576,4.488279432610611,57.28854933720156,27.33019501668779,-101.6181860137944,70.98159689222899,55.261536938276286,71.00354445909318,-0.001548790481507023,96.84394836425781
-3.3726328111621533,-1.020881817520383,-0.09459711520100052,-3.1409536257112567,-4.609972481011351,-2.7647335263738064,17.109365602635897,4.7242672390221365,57.58017538589575,27.801312333266306,-102.1390040423238,70.94257851828777,55.42354280769577,70.93438064233392,0.054668573043407775,96.88296556472778
-3.372537332251437,-1.0212567415530265,-0.10386660252055042,-3.1408581468005403,-4.610347405043994,-2.7740030136933562,17.27189700684125,5.036768815423719,58.037600568368035,27.494687218636134,-102.58645217125094,70.90606093569923,55.56694125650753,70.87537449675003,-0.039785394292086274,96.91900682449341
-3.372067863551232,-1.021943809221374,-0.11039960050996712,-3.140388678100335,-4.611034472712341,-2.780536011682773,17.133480909913196,5.315220190177216,57.94366642011088,27.69842840679819,-102.89572358999885,70.87136975326214,55.67934044841678,70.8372808638391,-0.017783815831170724,96.94408798217773
-3.3725525196954793,-1.022285928902567,-0.1249661381005979,-3.140873334244583,-4.611376592393534,-2.795102549273404,17.731085979676763,3.645312506710848,58.31624905368693,25.494937170664294,-103.59681290154535,70.81739882055965,55.88532953223141,70.74137530812972,5.18664996683013,96.98508024215698
-3.3719812928699144,-1.0223266104486144,-0.12507456111641943,-3.140302107419018,-4.611417273939582,-2.7952109722892255,17.801642163371465,5.01250278548058,58.302091118975945,27.66643719167738,-103.6007103806547,70.81369786408283,55.900170790001496,70.74237546624605,5.168204667839415,96.99798393249512
-3.372636607046711,-1.0231635789557232,-0.12253029988305016,-3.1409574215958145,-4.61225424244669,-2.792666711055856,18.13614362435038,5.395694325657724,58.676364657257224,28.163419416298268,-103.46995781219809,70.81323825611913,55.8534638198986,70.762397210063,5.195384299511051,97.02492570877075
-3.372806470222269,-1.0233780351832427,-0.12286725640987678,-3.1411272847713723,-4.61246869867421,-2.7930036675826826,18.22492360600625,5.425792853571396,58.764464061077,28.197572396387084,-103.48412782901798,70.80959379745532,55.85596372523677,70.7609614400567,5.195542724556262,97.03741383552551
-3.373356015535573,-1.0240973981311696,-0.12503727934810388,-3.1416768300846765,-4.613188061622137,-2.79517369052091,18.64791188534216,4.614615318194781,59.171449447722026,26.97970286161321,-103.58161729810385,70.79354168818256,55.88005638624877,70.74930332699529,5.14021076990552,97.07523608207703
-3.3731315994492954,-1.0243968089544708,-0.125674675691402,-3.1414524139983984,-4.613487472445438,-2.795811086864208,18.129720539711236,4.439003133910535,58.32527350753049,27.390340744511494,-103.6086542297222,70.78566344155698,55.89647468959958,70.74739183007716,5.1782435589508164,97.09919691085815
-3.373186414671205,-1.0243156578815669,-0.1258299114931386,-3.1415072292203083,-4.613406321372534,-2.7959663226659446,17.844235600439504,4.519785052778942,58.341287661433846,26.8814270930247,-103.61709505649773,70.78659047276793,55.896968315990804,70.74575011710704,5.211088709425315,97.12268328666687
-3.373131149489714,-1.0243241333638171,-0.12576966477514412,-3.141451964038817,-4.6134147968547845,-2.79590607594795,17.808913240198873,4.634562717520979,58.37812307620173,26.89686432906124,-103.61401937756159,70.78641812284314,55.89739745119994,70.74634229094389,5.164175035853886,97.13748240470886
-3.373295300479818,-1.024120448287544,-0.12592226992651517,-3.1416161150289215,-4.6132111117785115,-2.7960586810993213,17.87875102975459,4.494164465886717,58.498061458435295,26.584544404221482,-103.62384794839852,70.78972324905592,55.89455974534194,70.74372486067494,5.1781474741218165,97.1618983745575
-3.373160557413698,-1.0243355614443106,-0.1257835809762601,-3.141481371962801,-4.613426224935278,-2.795919992149066,17.836235882775775,4.566196841390641,58.38246223647903,26.845128600647406,-103.61460854930986,70.78633421449248,55.89700838122298,70.74623976862665,5.028111385846474,97.20243120193481
-3.3731996926530097,-1.0243162091119349,-0.12584352440023622,-3.141520507202113,-4.613406872602902,-2.795979935573042,17.7846995060941,4.674962517617552,58.34274127247596,26.97826553894162,-103.61776415545717,70.78659585992492,55.89686965226888,70.74562853686677,5.290848627715151,97.23950552940369
-3.373126623136921,-1.024276638749562,-0.1258308931690464,-3.1414474376860237,-4.61336730224053,-2.7959673043418523,17.79035976967704,4.719200164328974,58.37702996761906,26.983863479037545,-103.61747851327486,70.78689429611863,55.898084196451485,70.74567301329019,5.258016371592346,97.266193151474
-3.3731791900532,-1.0243100895044144,-0.1257976337227989,-3.141500004602303,-4.613400752995382,-2.795934044895605,17.735505989784304,4.7488965778185115,58.282710555248926,27.110797690481267,-103.61559260399821,70.78675673023801,55.896622830737996,70.74595074281896,5.253302016290705,97.27836775779724
-3.3730666886478047,-1.0243319327200446,-0.12582373142800846,-3.141387503196908,-4.613422596211012,-2.7959601426008143,17.78170465462483,4.585523082573508,58.32468670270649,26.88065840764134,-103.61643501898102,70.78580097989347,55.89970611088919,70.74619617725418,5.215839540372464,97.30245542526245
-3.373059033671489,-1.024302703144993,-0.12580027439392516,-3.141379848220592,-4.61339336663596,-2.795936685566731,17.78051277968516,4.595165923343752,58.320362556065035,26.90257886678385,-103.61561580079312,70.7862911506516,55.8993435970463,70.74620246827752,5.215820225195001,97.32773542404175
-3.3731305782988525,-1.0243145806414526,-0.12576846782758389,-3.141451392847956,-4.61340524413242,-2.79590487900039,17.74259459812868,4.723899733023095,58.31667970741359,27.017689871544498,-103.61406573617539,70.78656415017056,55.89732987965838,70.746296422813,5.258005869280813,97.34081029891968
-3.3731742893941137,-1.0242952863330723,-0.12587589286386242,-3.141495103943217,-4.61338594982404,-2.7960123040366684,17.723338306507067,4.639935722399388,58.25922499635717,26.974373708403277,-103.61951150595516,70.786675566856,55.89778323480529,70.74535869888084,5.178261619109449,97.38031601905823
-3.3730892550288694,-1.0243410971722144,-0.12577060586759392,-3.1414100695779728,-4.613431760663182,-2.7959070170404,17.716487767847482,4.644869193521585,58.325161500337025,26.827363344849097,-103.61381405638653,70.78596032710095,55.89847528595489,70.74654301811043,5.201736250183811,97.40479850769043
-3.3730795898608292,-1.024372365847647,-0.12579565908831988,-3.1414004044099326,-4.6134630293386145,-2.795932070261126,17.663861708155828,4.7376805945414135,58.30831871073328,26.885556632820578,-103.61466104920753,70.78535175783666,55.89926828859056,70.74658291289727,5.243990822103394,97.41723775863647
-3.3732152829957895,-1.024317356281319,-0.1257834157826623,-3.141536097544893,-4.613408019772287,-2.795919826955468,17.812508554649057,4.548673484601971,58.399172200652295,26.732866022873797,-103.6148845607337,70.78686859395816,55.89564216530059,70.74599338284419,5.140680831305261,97.45017433166504
-3.373244973625853,-1.0243533237096452,-0.1258048690366061,-3.1415657881749564,-4.613443987200613,-2.795941280209412,17.737375485634846,4.589363449696896,58.328884032633816,26.780530880044722,-103.61556738232849,70.78638791988125,55.89551897920509,70.74598216894731,5.276753552773814,97.46903395652771
-3.3730594104640055,-1.024380488156282,-0.12578517693123395,-3.141380225013109,-4.613471151647249,-2.79592158810404,17.68854635787876,4.674930313428407,58.2393598581502,26.994350053816046,-103.61403675506335,70.78517134753267,55.89962691462384,70.74675184862242,5.136088653618543,97.4816632270813
-3.3731336862785186,-1.024266148312381,-0.12582787869800965,-3.1414545008276216,-4.613356811803349,-2.7959642898708155,17.71950655183585,4.708857920400209,58.27715113972901,27.03085379292413,-103.61745952140095,70.78709711439811,55.8978103129967,70.74561394938291,5.173555547310439,97.49676156044006
-3.373092346158579,-1.0242802982560448,-0.12582203637803296,-3.1414131607076823,-4.6133709617470124,-2.7959584475508388,17.781344490412003,4.6605688951184385,58.34252102917185,26.95271709558047,-103.61695962455522,70.78670890858521,55.89875756995059,70.74584194294877,5.30963916829036,97.52402782440186
-3.3730959136660026,-1.024283940854277,-0.12581739260576724,-3.141416728215106,-4.613374604345244,-2.7959538037785734,17.76997728104263,4.660723427471418,58.32827205568862,26.959035493960744,-103.61670177986014,70.78668741694244,55.89863247949054,70.74588456482923,5.211110317478207,97.53646469116211
-3.3732082011710096,-1.024251799618837,-0.12583339957475317,-3.1415290157201126,-4.613342463109804,-2.7959698107475592,17.79388380195974,4.663432195964066,58.37802183283967,26.907227348363644,-103.61799719971253,70.78764620666355,55.89610314094719,70.7453007893878,5.168825790150241,97.56600737571716
-3.3731090848537884,-1.0242685604562882,-0.12583237633106978,-3.1414298994028913,-4.613359223947255,-2.7959687875038757,17.75659377337327,4.638958169977489,58.34793063828158,26.856487734928912,-103.61761153030028,70.78692821429286,55.89845123017339,70.74566195657171,5.220487066893471,97.57806777954102
-3.373140275533597,-1.0243702540238242,-0.12581124689402226,-3.1414610900827005,-4.613460917514791,-2.795947658066828,17.74931285244643,4.630052553916558,58.33792398308602,26.84686688344769,-103.61552727261652,70.78561432050206,55.89810352288197,70.74630972545863,5.187667691761709,97.6055657863617
-3.3732160306715038,-1.0243079707996068,-0.1258305778524186,-3.141536845220607,-4.613398634290574,-2.795966989025225,17.726761711764695,4.6545167403734755,58.279260547392234,26.9603757513321,-103.61725703063108,70.78684420918661,55.896254329025595,70.74562430001123,5.215763958270262,97.62105917930603
-3.373147308973163,-1.0242489160614525,-0.12588776716452882,-3.1414681235222663,-4.61333957955242,-2.7960241783373347,17.724689856665808,4.729018297926794,58.27110206811809,27.08369357391399,-103.62055013625968,70.78720631462272,55.89826453417177,70.74508159570173,5.19233321164868,97.64766907691956
-3.3731971235988207,-1.024279997622747,-0.12585989979417203,-3.141517938147924,-4.613370661113715,-2.795996310966978,17.83905407099338,4.579643358548434,58.44377596511891,26.739244660272668,-103.61894524459055,70.7870721684456,55.89692914542235,70.74531699705736,5.126628545514434,97.6594500541687
-3.3730951153589492,-1.0243129538945546,-0.1258054521442014,-3.1414159299080526,-4.613403617385522,-2.7959418633170072,17.712186310230074,4.662390781073205,58.28847157844637,26.922567040647213,-103.61580786016626,70.7862880292841,55.898667036819376,70.74613376950927,5.304954127428266,97.682461977005
-3.3730829618055838,-1.0243014050842518,-0.1257913967241064,-3.141403776354687,-4.613392068575219,-2.7959278078969123,17.651381368587074,4.784119529216267,58.214001216084746,27.13095443108461,-103.61523986689114,70.78645579748917,55.89866114043328,70.74619171238717,5.2533391418089215,97.69754815101624
-3.3731373616807527,-1.0242584945829143,-0.12580795918147125,-3.141458176229856,-4.6133491580738815,-2.795944370354277,17.826852701546844,4.572190803108687,58.45477781140628,26.68021432899791,-103.61659109160856,70.78730190578949,55.89738444364291,70.74569223134932,5.05155632488594,97.72587776184082
-3.373324250704802,-1.024136532488501,-0.12584887145544288,-3.1416450652539054,-4.613227195979468,-2.7959852826282487,17.946668135943998,4.462215157513965,58.57051665548119,26.52848722492374,-103.62018525668529,70.78988124114748,55.892932472817726,70.74422960353938,5.051433807359199,97.73760676383972
-3.3731762090062145,-1.02432116445238,-0.12578973328980864,-3.141497023555318,-4.613411827943347,-2.7959261444626144,17.746698995734548,4.699456130241414,58.35346694098352,26.91089735552308,-103.6150865072078,70.7866036635123,55.89664786343566,70.74607498787945,5.225154520255204,97.76193475723267
-3.373179635001741,-1.0242946537367228,-0.12584026075757926,-3.1415004495508443,-4.61338531722769,-2.795976671930385,17.768669350618694,4.5862370909254375,58.423073835434785,26.641696853912453,-103.61781290326934,70.78683869954868,55.89713550002486,70.74557750238478,5.267387740355142,97.79827070236206
-3.3731325632941314,-1.0243584990373928,-0.1258169799148473,-3.1414533778432348,-4.61344916252836,-2.7959533910876533,17.72904389124302,4.689118851684393,58.30619271505038,26.958278086615497,-103.61592012214118,70.78573494274185,55.898285267016924,70.74622368611348,5.2064351551058365,97.82243013381958
-3.3731240975876595,-1.0243219470619964,-0.12582329964742897,-3.1414449121367634,-4.613412610552964,-2.795959710820235,17.752906681531922,4.646513957480089,58.2944587081412,26.972627308085443,-103.6166121573845,70.7862247586962,55.89832917304945,70.74599218653277,5.206425196709681,97.86323857307434
-3.373111082733746,-1.0242566577006467,-0.12584620862520038,-3.1414318972828488,-4.613347321191614,-2.795982619798006,17.80479455677825,4.739387307858928,58.31438154305688,27.177725020792508,-103.61841055058557,70.78706778477081,55.898529984772495,70.74549612388422,5.206411244318008,97.87543153762817
-3.3732021253518294,-1.0242986919944808,-0.12586678361448342,-3.141522939900933,-4.613389355485448,-2.796003194787289,17.82883137361611,4.595025461541196,58.438846179818434,26.749781026721426,-103.61907882716434,70.78678840713158,55.897039632581674,70.74536655495871,5.229856298275484,97.90084958076477
-3.3731659524134034,-1.0243012906185014,-0.12584936485774834,-3.1414867669625064,-4.613391954109469,-2.7959857760305544,17.7456958949178,4.670870991405644,58.34732453726298,26.87960364299604,-103.61815688502041,70.78664093725685,55.89762362030167,70.74559105800722,5.19233243376406,97.94364953041077
-3.3732224696620525,-1.024324363517307,-0.12585386551313937,-3.1415432842111555,-4.6134150270082745,-2.7959902766859455,17.782190398394594,4.5652140735389315,58.362725456043954,26.768860054779694,-103.61820705886927,70.78654297083138,55.896557326798096,70.74554800058885,5.182935597583159,97.95619559288025
-3.3730693517391552,-1.0242337747744161,-0.12589223225311413,-3.141390166288258,-4.6133244382653835,-2.7960286434259203,17.75778470225019,4.603077673648318,58.33124167228664,26.84250209809945,-103.62081118924661,70.78705079710765,55.900001757909614,70.74516674342445,5.182980135220822,97.98564624786377
-3.3731879769707787,-1.0242291136139379,-0.12585787891820122,-3.141508791519882,-4.6133197771049055,-2.795994290091007,17.836613277887942,4.568423249105755,58.38937242413615,26.835555866062084,-103.61939251498075,70.78780545534583,55.89677180397154,70.74505962607269,5.262670218323323,97.99785470962524
-3.373154822366601,-1.02429896176929,-0.12576796470228957,-3.141475636915704,-4.6133896252602575,-2.7959043758750957,17.745355286809296,4.673372537284439,58.33811583133624,26.903750130271717,-103.61425021826659,70.78691662902914,55.896668503189126,70.74614640228441,5.2392205532106715,98.02478170394897
-3.3731373515276397,-1.024289236409105,-0.12582495441739805,-3.141458166076743,-4.613379899900073,-2.795961365590204,17.717479957961313,4.648353363436502,58.36641686756268,26.745540703377607,-103.61707112087602,70.78677592664397,55.89783644832392,70.7457574653897,5.103186405304962,98.03722333908081
-3.3731055645209143,-1.0243170914923028,-0.12581932290997988,-3.141426379070017,-4.61340775498327,-2.795955734082786,17.759296356851422,4.6345066856349915,58.32280954723449,26.908588364889802,-103.61644566528835,70.78622491098739,55.89866008230912,70.74603858076833,5.178279216331228,98.06263160705566
-3.3731871348487936,-1.0242465190300265,-0.12581145102326938,-3.141507949397897,-4.6133371825209935,-2.7959478621960754,17.752017520875118,4.621528431958083,58.390342700650386,26.729858976096697,-103.61696705321657,70.7877055361877,55.89622546607423,70.74547050924522,5.1782073566527425,98.07700371742249
-3.3729501824502575,-1.0243242409306703,-0.12581362932067608,-3.141270996999361,-4.613414904421638,-2.7959500404934823,17.67431513761378,4.735339118556699,58.27577062744449,26.976737499254707,-103.61585431088794,70.78540310261474,55.902155324878905,70.74652114621772,5.2815692625720985,98.12466764450073
-3.3730714259237606,-1.0243098110933293,-0.12582890333139998,-3.141392240472864,-4.613400474584297,-2.795965314504206,17.69370220298526,4.755395300190357,58.253697960633666,27.093695199932178,-103.61693382289002,70.78613916921262,55.89952830607085,70.74602153167305,5.19706248314937,98.13682627677917
-3.373229854219558,-1.0242340066002054,-0.12577702117290834,-3.1415506687686614,-4.613324670091172,-2.7959134323457144,17.895274222085586,4.508684219066916,58.55236580377996,26.524126587847412,-103.61551404260753,70.78822048096315,55.894667611440184,70.74551551643083,5.18286003706111,98.16596007347107
-3.373189880844088,-1.0243015128462511,-0.12581058020976463,-3.1415106953931913,-4.613392176337219,-2.7959469913825705,17.81995816365059,4.537490699464246,58.49575035832194,26.523885376961402,-103.61632585554402,70.78689028607273,55.89651300179822,70.74578746603422,5.281449220639212,98.1785318851471
-3.3732361997947122,-1.024230515182841,-0.12577243713934816,-3.1415570143438156,-4.613321178673808,-2.795908848312154,17.87248529739569,4.516145991296554,58.54372250478215,26.504382359745676,-103.61534163594862,70.78831974239331,55.894433210878105,70.74550923251594,5.229771383284632,98.20523595809937
-3.3732538152467737,-1.0242794487460978,-0.12575614069209634,-3.141574629795877,-4.613370112237066,-2.7958925518649025,17.84993481875183,4.5583929101935485,58.504436470569004,26.601620783735015,-103.6140479265872,70.78772188854478,55.89411680655597,70.74585481264158,5.159402243872181,98.21713066101074
-3.373141535607118,-1.02428291029645,-0.1257939925559428,-3.141462350156222,-4.613373573787417,-2.795930403728749,17.769445458191427,4.585857582370286,58.37722643510078,26.743283379818475,-103.61565779554049,70.7870028074587,55.897245976140574,70.74591535440022,5.28614777703913,98.2601912021637
-3.37327640322858,-1.0241805584973156,-0.12587493079797765,-3.141597217777684,-4.613271221988283,-2.7960113419707837,17.851750138697913,4.568347693895559,58.500461622867995,26.629063638943244,-103.6208818177664,70.78889580616121,55.89469195683265,70.74443585622745,5.286074123892992,98.28761720657349
-3.373207812010042,-1.0242661248108547,-0.1257963125284312,-3.1415286265591456,-4.613356788301822,-2.7959327237012372,17.883805297992392,4.553277083811923,58.501421523223435,26.67405664737416,-103.61605555606612,70.7875613455097,55.8956630424253,70.74563070809216,5.276727738608349,98.30308556556702
-3.373297720400007,-1.024177587522991,-0.1258141620765814,-3.141618534949111,-4.613268251013959,-2.7959505732493874,17.907100891962088,4.623299867028,58.49660676326716,26.838113403744853,-103.61802418419983,70.78926026972789,55.89329750334041,70.74476635601226,5.126518173499717,98.31570482254028
-3.373223579388424,-1.024249191806321,-0.12582360572210421,-3.1415443939375276,-4.613339855297289,-2.7959600168949104,17.833448494861656,4.580932196901149,58.49907995615944,26.610478623949437,-103.61757841700003,70.78779354933364,55.89559295794185,70.745310722032,5.1969641749632585,98.34069418907166
-3.3731969166393068,-1.024326941220722,-0.12576847133254043,-3.1415177311884106,-4.61341760471169,-2.7959048825053463,17.737261703036516,4.661691871930088,58.3491164033794,26.84452496998677,-103.61403235772097,70.7866907166344,55.895903801632365,70.7461956790806,5.145379130399368,98.36843156814575
-3.3731579171180983,-1.0242832286981784,-0.12579313346779367,-3.1414787316672017,-4.613373892189146,-2.7959295446406,17.731813157541932,4.618949788500496,58.40646353769622,26.647012283059365,-103.61563818113186,70.78707848843243,55.89686318662184,70.74588035935109,5.25329774702927,98.38414287567139
-3.373147400144145,-1.0242187643357121,-0.12584010850310157,-3.1414682146932478,-4.61330942782668,-2.7959765196759077,17.837099748718554,4.645041041244674,58.48368417276283,26.747128046614517,-103.6185889538036,70.78783419464722,55.89736531801975,70.74522295495716,5.253292953201074,98.3995897769928
-3.373064876105762,-1.0242703618863356,-0.1258505421697974,-3.1413856906548654,-4.613361025377303,-2.7959869533426036,17.77272125652241,4.709135018935141,58.333661706061996,27.02446558778826,-103.61839747629543,70.78662668179072,55.89973399481062,70.74566667062962,5.192364832370524,98.42459630966187
-3.373113526718465,-1.024224495619395,-0.12587934941570175,-3.1414343412675683,-4.613315159110362,-2.796015760588508,17.767749143628613,4.69049661023466,58.34383983440404,26.964972115851406,-103.62036137582358,70.78744619274259,55.89874787151363,70.74508379502382,5.253327045569961,98.43923330307007
-3.373169521541599,-1.0242795675633178,-0.1258533690656533,-3.1414903360907025,-4.613370231054285,-2.7959897802384592,17.75751289961234,4.568761275920725,58.41505740836936,26.609501527469458,-103.61859339324089,70.7869717745538,55.897457902742055,70.74542949642034,5.150096883824629,98.47921323776245
-3.373120284358354,-1.024284454454822,-0.1258267969320783,-3.1414410989074573,-4.61337511794579,-2.7959632081048844,17.76232235135832,4.662860737180048,58.39752829076566,26.79677244183094,-103.61718596732032,70.78676094109636,55.898219785548115,70.74576188085047,5.239253942666657,98.50810813903809
-3.37315345762666,-1.0243051696423229,-0.12580393107638005,-3.1414742721757634,-4.61339583313329,-2.795940342249186,17.745923984112725,4.660730923567351,58.37723074057191,26.801598359026507,-103.61590988535877,70.78668685062587,55.897267464626516,70.74594731406418,5.225163503513102,98.52244472503662
-3.3730910600732864,-1.0242877220493782,-0.1258509049816636,-3.14141187462239,-4.613378385540345,-2.7959873161544695,17.719950099820608,4.682931757072578,58.30757778183372,26.92833529699115,-103.61826466781984,70.7864866511183,55.89925873658146,70.74569676273427,5.281504423237175,98.53434777259827
-3.3732294041085127,-1.0242503493411046,-0.12583117780774764,-3.141550218657616,-4.6133410128320715,-2.7959675889805538,17.857478307745314,4.581529930864916,58.49075274542972,26.681282937905642,-103.61793887402784,70.78777630657527,55.895579171067986,70.7452520725916,5.121896941602817,98.5575041770935
-3.373185423727539,-1.0242867362089891,-0.1257945300666033,-3.1415062382766425,-4.6133773996999565,-2.7959309412394093,17.760872918921088,4.626831040874187,58.38658642597522,26.76418400466875,-103.61570919305686,70.787150395109,55.89628166502132,70.74581996927563,5.140685201705082,98.58113598823547
-3.3731448836726283,-1.0242828824210102,-0.12585645339995732,-3.1414656982217317,-4.613373545911978,-2.795992864572763,17.795857029300333,4.6135416135555,58.47059002239898,26.638015324865314,-103.61866745085605,70.7867941468373,55.89808488102924,70.74549219787471,5.159494482159879,98.62491011619568
-3.3731464036428465,-1.0242884692786687,-0.12578375780920065,-3.14146721819195,-4.613379132769636,-2.795920168982007,17.70911809978925,4.72416717368265,58.32559091078605,26.927524516469564,-103.61511201376697,70.7869786171193,55.89702204256536,70.74600277617942,5.159466333664936,98.64893865585327
-3.3731557178863016,-1.024290268164547,-0.12579896276181138,-3.141476532435405,-4.613380931655515,-2.7959353739346176,17.654158967307662,4.737091461722044,58.30309375328211,26.876230774965006,-103.61583792733542,70.78694068978363,55.89704501436731,70.7458881490437,5.4315913337862085,98.66030883789062
-3.3732258220929356,-1.0242812045823082,-0.12582661720582514,-3.141546636642039,-4.613371868073275,-2.795963028378631,17.779543659532198,4.619380989326844,58.40224694236544,26.758978638992446,-103.61737535844823,70.78730936045399,55.895797245827616,70.74547021900187,5.229821160701283,98.68267393112183
-3.3730386248730166,-1.0242506951087427,-0.1258339958092223,-3.14135943942212,-4.61334135859971,-2.795970406982028,17.7662183143557,4.7358069393256885,58.29923584166253,27.123913219169697,-103.61777710130302,70.78685954630664,55.89995846427999,70.74573074948744,5.173594200560576,98.69681692123413
-3.3731113482187305,-1.0243223426719206,-0.12580177769110742,-3.141432162767834,-4.613413006162888,-2.7959381888639134,17.682347075786883,4.7013935957517905,58.32677146030743,26.833070539871766,-103.61555307776263,70.78623602437769,55.89830619761306,70.74617033614757,5.173580118841418,98.72041583061218
-3.3731778066472455,-1.0242376128598807,-0.12582162656047574,-3.141498621196349,-4.613328276350848,-2.7959580377332816,17.766471686810085,4.569772831987083,58.40023284268978,26.663947107025812,-103.61753988401075,70.78775946215958,55.896527815117885,70.74537568851933,5.365882488881718,98.74430274963379
-3.3730520689183576,-1.0242771549634182,-0.12587153565583697,-3.141372883467461,-4.613367818454385,-2.796007946828643,17.713597292015056,4.681797718620957,58.30302115282031,26.923139150564044,-103.61931293611829,70.78638787071466,55.90037745172011,70.74559998630974,5.365977764312371,98.75668287277222
-3.3731084340251614,-1.0242681548002186,-0.12584729384320742,-3.1414292485742648,-4.613358818291186,-2.7959837050160132,17.68616106563935,4.692219097380859,58.29875600802738,26.888775092144236,-103.61833248020409,70.78687755361084,55.898681911858624,70.74556234903899,5.24395228666009,98.79580760002136
-3.3731355478899108,-1.024298485321621,-0.12585271090765313,-3.141456362439014,-4.613389148812589,-2.795989122080459,17.764700314653318,4.639705969199413,58.33394913167925,26.903584932200438,-103.61830183117561,70.7865276386652,55.8983451268068,70.74563157271436,5.243955844287495,98.82091569900513
-3.3730729736468485,-1.0243214126775937,-0.12580344728234738,-3.141393788195952,-4.6134120761685615,-2.7959398584551534,17.716989529416978,4.707001168800602,58.309323018651924,26.953706034630112,-103.6155845454694,70.7860627480864,55.89919667879706,70.74625351750014,5.2439741703936775,98.83567786216736
-3.37315923900093,-1.0243099560252824,-0.12580077226291436,-3.1414800535500333,-4.61340061951625,-2.7959371834357203,17.740867918654757,4.630552225124818,58.37415478374971,26.752895573148702,-103.61571432777677,70.78665318181304,55.89712135761945,70.74598095812509,5.10786765663695,98.86249017715454
-3.372613967762548,-1.0244085946262291,-0.12587682234631914,-3.1409347823116516,-4.613499258117196,-2.7960132335191252,17.348068377529557,4.91806646284315,58.09016219906266,26.939261013607847,-103.61745081001163,70.78231190648467,55.91127817735662,70.74746336785643,5.300552594887094,98.87741351127625
